1 -0.889300 
2 -0.901300 
3 -0.938300 
4 -0.996300 
5 -1.071300 
6 -1.157300 
7 -1.247300 
8 -1.331300 
9 -1.400300 
10 -1.446300 
11 -1.462300 
12 -1.443300 
13 -1.387300 
14 -1.288300 
15 -1.141300 
16 -0.946300 
17 -0.711300 
18 -0.447300 
19 -0.171300 
20 0.104700 
21 0.372700 
22 0.624700 
23 0.858700 
24 1.069700 
25 1.255700 
26 1.416700 
27 1.549700 
28 1.653700 
29 1.728700 
30 1.774700 
31 1.789700 
32 1.769700 
33 1.709700 
34 1.610700 
35 1.476700 
36 1.308700 
37 1.112700 
38 0.893700 
39 0.665700 
40 0.460700 
41 0.363700 
42 0.340700 
43 0.271700 
44 0.157700 
45 0.002700 
46 -0.193300 
47 -0.423300 
48 -0.685300 
49 -0.825300 
50 -0.871300 
51 -0.889300 
52 -0.877300 
53 -0.813300 
54 -0.654300 
55 -0.441300 
56 -0.213300 
57 0.013700 
58 0.234700 
59 0.445700 
60 0.646700 
61 0.833700 
62 1.006700 
63 1.165700 
64 1.307700 
65 1.432700 
66 1.540700 
67 1.629700 
68 1.698700 
69 1.748700 
70 1.779700 
71 1.789700 
72 1.774700 
73 1.728700 
74 1.653700 
75 1.549700 
76 1.416700 
77 1.255700 
78 1.069700 
79 0.858700 
80 0.624700 
81 0.372700 
82 0.104700 
83 -0.171300 
84 -0.447300 
85 -0.711300 
86 -0.946300 
87 -1.141300 
88 -1.288300 
89 -1.387300 
90 -1.443300 
91 -1.462300 

1 -1.439300 
2 -1.471300 
3 -1.568300 
4 -1.738300 
5 -1.713300 
6 -1.651300 
7 -1.591300 
8 -1.538300 
9 -1.497300 
10 -1.471300 
11 -1.462300 
12 -1.471300 
13 -1.500300 
14 -1.547300 
15 -1.609300 
16 -1.684300 
17 -1.767300 
18 -1.852300 
19 -1.929300 
20 -1.994300 
21 -2.042300 
22 -2.074300 
23 -2.093300 
24 -2.103300 
25 -2.108300 
26 -2.109300 
27 -2.109300 
28 -2.107300 
29 -2.106300 
30 -2.104300 
31 -2.104300 
32 -2.092300 
33 -2.051300 
34 -1.972300 
35 -1.843300 
36 -1.656300 
37 -1.416300 
38 -1.142300 
39 -0.860300 
40 -0.617300 
41 -0.506300 
42 -0.512300 
43 -0.529300 
44 -0.557300 
45 -0.596300 
46 -0.645300 
47 -0.703300 
48 -0.765300 
49 -0.970300 
50 -1.259300 
51 -1.439300 
52 -1.343300 
53 -1.216300 
54 -1.186300 
55 -1.229300 
56 -1.311300 
57 -1.417300 
58 -1.540300 
59 -1.673300 
60 -1.807300 
61 -1.930300 
62 -1.954300 
63 -1.975300 
64 -1.998300 
65 -2.021300 
66 -2.043300 
67 -2.063300 
68 -2.080300 
69 -2.093300 
70 -2.101300 
71 -2.104300 
72 -2.104300 
73 -2.106300 
74 -2.107300 
75 -2.109300 
76 -2.109300 
77 -2.108300 
78 -2.103300 
79 -2.093300 
80 -2.074300 
81 -2.042300 
82 -1.994300 
83 -1.929300 
84 -1.852300 
85 -1.767300 
86 -1.684300 
87 -1.609300 
88 -1.547300 
89 -1.500300 
90 -1.471300 
91 -1.462300 

1 -1.852300 
2 -1.842300 
3 -1.814300 
4 -1.769300 
5 -1.713300 
6 -1.651300 
7 -1.591300 
8 -1.538300 
9 -1.497300 
10 -1.471300 
11 -1.462300 
12 -1.471300 
13 -1.500300 
14 -1.547300 
15 -1.609300 
16 -1.684300 
17 -1.767300 
18 -1.852300 
19 -1.929300 
20 -1.994300 
21 -2.042300 
22 -2.074300 
23 -2.093300 
24 -2.103300 
25 -2.108300 
26 -2.109300 
27 -2.109300 
28 -2.107300 
29 -2.106300 
30 -2.104300 
31 -2.104300 
32 -2.117300 
33 -2.155300 
34 -2.217300 
35 -2.296300 
36 -2.388300 
37 -2.484300 
38 -2.574300 
39 -2.648300 
40 -2.696300 
41 -2.713300 
42 -2.714300 
43 -2.718300 
44 -2.725300 
45 -2.729300 
46 -2.610300 
47 -2.375300 
48 -2.168300 
49 -2.002300 
50 -1.891300 
51 -1.852300 
52 -1.853300 
53 -1.855300 
54 -1.858300 
55 -1.863300 
56 -1.870300 
57 -1.878300 
58 -1.889300 
59 -1.902300 
60 -1.917300 
61 -1.934300 
62 -2.032300 
63 -2.104300 
64 -2.145300 
65 -2.160300 
66 -2.158300 
67 -2.146300 
68 -2.131300 
69 -2.117300 
70 -2.107300 
71 -2.104300 
72 -2.104300 
73 -2.106300 
74 -2.107300 
75 -2.109300 
76 -2.109300 
77 -2.108300 
78 -2.103300 
79 -2.093300 
80 -2.074300 
81 -2.042300 
82 -1.994300 
83 -1.929300 
84 -1.852300 
85 -1.767300 
86 -1.684300 
87 -1.609300 
88 -1.547300 
89 -1.500300 
90 -1.471300 
91 -1.462300 

1 -1.852300 
2 -1.842300 
3 -1.814300 
4 -1.769300 
5 -1.982300 
6 -2.301300 
7 -2.693300 
8 -3.145300 
9 -3.627300 
10 -4.050300 
11 -4.235300 
12 -4.150300 
13 -3.934300 
14 -3.667300 
15 -3.412300 
16 -3.206300 
17 -3.065300 
18 -2.988300 
19 -2.967300 
20 -2.996300 
21 -3.069300 
22 -3.184300 
23 -3.337300 
24 -3.523300 
25 -3.739300 
26 -3.977300 
27 -4.232300 
28 -4.499300 
29 -4.772300 
30 -5.030300 
31 -5.164300 
32 -5.030300 
33 -4.768300 
34 -4.492300 
35 -4.237300 
36 -4.012300 
37 -3.824300 
38 -3.675300 
39 -3.567300 
40 -3.502300 
41 -3.481300 
42 -3.432300 
43 -3.296300 
44 -3.094300 
45 -2.857300 
46 -2.710300 
47 -2.641300 
48 -2.500300 
49 -2.284300 
50 -2.025300 
51 -1.852300 
52 -1.967300 
53 -2.176300 
54 -2.392300 
55 -2.592300 
56 -2.767300 
57 -2.912300 
58 -3.031300 
59 -3.131300 
60 -3.223300 
61 -3.323300 
62 -3.445300 
63 -3.601300 
64 -3.792300 
65 -4.011300 
66 -4.246300 
67 -4.486300 
68 -4.718300 
69 -4.928300 
70 -5.093300 
71 -5.164300 
72 -5.030300 
73 -4.772300 
74 -4.499300 
75 -4.232300 
76 -3.977300 
77 -3.739300 
78 -3.523300 
79 -3.337300 
80 -3.184300 
81 -3.069300 
82 -2.996300 
83 -2.967300 
84 -2.988300 
85 -3.065300 
86 -3.206300 
87 -3.412300 
88 -3.667300 
89 -3.934300 
90 -4.150300 
91 -4.235300 

1 -4.309300 
2 -4.302300 
3 -4.282300 
4 -4.257300 
5 -4.234300 
6 -4.220300 
7 -4.216300 
8 -4.219300 
9 -4.226300 
10 -4.233300 
11 -4.235300 
12 -4.203300 
13 -4.116300 
14 -3.995300 
15 -3.862300 
16 -3.738300 
17 -3.639300 
18 -3.576300 
19 -3.561300 
20 -3.598300 
21 -3.689300 
22 -3.826300 
23 -4.001300 
24 -4.199300 
25 -4.406300 
26 -4.610300 
27 -4.797300 
28 -4.954300 
29 -5.071300 
30 -5.141300 
31 -5.164300 
32 -5.030300 
33 -4.768300 
34 -4.492300 
35 -4.237300 
36 -4.012300 
37 -3.824300 
38 -3.675300 
39 -3.567300 
40 -3.502300 
41 -3.481300 
42 -3.498300 
43 -3.551300 
44 -3.634300 
45 -3.742300 
46 -3.867300 
47 -3.997300 
48 -4.119300 
49 -4.220300 
50 -4.286300 
51 -4.309300 
52 -4.299300 
53 -4.269300 
54 -4.227300 
55 -4.182300 
56 -4.139300 
57 -4.104300 
58 -4.080300 
59 -4.068300 
60 -4.071300 
61 -4.090300 
62 -4.126300 
63 -4.180300 
64 -4.255300 
65 -4.350300 
66 -4.468300 
67 -4.607300 
68 -4.767300 
69 -4.938300 
70 -5.095300 
71 -5.164300 
72 -5.141300 
73 -5.071300 
74 -4.954300 
75 -4.797300 
76 -4.610300 
77 -4.406300 
78 -4.199300 
79 -4.001300 
80 -3.826300 
81 -3.689300 
82 -3.598300 
83 -3.561300 
84 -3.576300 
85 -3.639300 
86 -3.738300 
87 -3.862300 
88 -3.995300 
89 -4.116300 
90 -4.203300 
91 -4.235300 

1 -4.309300 
2 -4.302300 
3 -4.282300 
4 -4.257300 
5 -4.234300 
6 -4.220300 
7 -4.216300 
8 -4.219300 
9 -4.226300 
10 -4.233300 
11 -4.235300 
12 -4.203300 
13 -4.116300 
14 -3.995300 
15 -3.862300 
16 -3.738300 
17 -3.639300 
18 -3.576300 
19 -3.561300 
20 -3.598300 
21 -3.689300 
22 -3.826300 
23 -4.001300 
24 -4.199300 
25 -4.406300 
26 -4.610300 
27 -4.797300 
28 -4.954300 
29 -5.071300 
30 -5.141300 
31 -5.164300 
32 -5.204300 
33 -5.317300 
34 -5.493300 
35 -5.730300 
36 -6.016300 
37 -5.960300 
38 -5.909300 
39 -5.868300 
40 -5.842300 
41 -5.833300 
42 -5.772300 
43 -5.605300 
44 -5.371300 
45 -5.113300 
46 -4.868300 
47 -4.659300 
48 -4.499300 
49 -4.390300 
50 -4.329300 
51 -4.309300 
52 -4.318300 
53 -4.345300 
54 -4.389300 
55 -4.451300 
56 -4.528300 
57 -4.622300 
58 -4.730300 
59 -4.851300 
60 -4.983300 
61 -5.124300 
62 -5.271300 
63 -5.420300 
64 -5.569300 
65 -5.712300 
66 -5.560300 
67 -5.422300 
68 -5.311300 
69 -5.230300 
70 -5.181300 
71 -5.164300 
72 -5.141300 
73 -5.071300 
74 -4.954300 
75 -4.797300 
76 -4.610300 
77 -4.406300 
78 -4.199300 
79 -4.001300 
80 -3.826300 
81 -3.689300 
82 -3.598300 
83 -3.561300 
84 -3.576300 
85 -3.639300 
86 -3.738300 
87 -3.862300 
88 -3.995300 
89 -4.116300 
90 -4.203300 
91 -4.235300 

1 -7.735300 
2 -7.778300 
3 -7.786300 
4 -7.741300 
5 -7.670300 
6 -7.584300 
7 -7.488300 
8 -7.381300 
9 -7.251300 
10 -7.098300 
11 -7.012300 
12 -7.085300 
13 -7.266300 
14 -7.486300 
15 -7.697300 
16 -7.885300 
17 -8.061300 
18 -8.246300 
19 -8.462300 
20 -8.712300 
21 -8.979300 
22 -9.219300 
23 -8.722300 
24 -8.192300 
25 -7.688300 
26 -7.239300 
27 -6.861300 
28 -6.565300 
29 -6.356300 
30 -6.234300 
31 -6.194300 
32 -6.186300 
33 -6.161300 
34 -6.121300 
35 -6.072300 
36 -6.037300 
37 -6.416300 
38 -6.840300 
39 -7.249300 
40 -7.551300 
41 -7.664300 
42 -7.647300 
43 -7.605300 
44 -7.564300 
45 -7.543300 
46 -7.554300 
47 -7.599300 
48 -7.677300 
49 -7.771300 
50 -7.852300 
51 -7.735300 
52 -7.799300 
53 -7.817300 
54 -7.736300 
55 -7.625300 
56 -7.486300 
57 -7.324300 
58 -7.142300 
59 -6.944300 
60 -6.736300 
61 -6.523300 
62 -6.309300 
63 -6.101300 
64 -5.903300 
65 -5.721300 
66 -5.845300 
67 -5.962300 
68 -6.060300 
69 -6.133300 
70 -6.179300 
71 -6.194300 
72 -6.234300 
73 -6.356300 
74 -6.565300 
75 -6.861300 
76 -7.239300 
77 -7.688300 
78 -8.192300 
79 -8.722300 
80 -9.219300 
81 -8.979300 
82 -8.712300 
83 -8.462300 
84 -8.246300 
85 -8.061300 
86 -7.885300 
87 -7.697300 
88 -7.486300 
89 -7.266300 
90 -7.085300 
91 -7.012300 

1 -7.884300 
2 -7.904300 
3 -7.966300 
4 -8.062300 
5 -8.187300 
6 -8.329300 
7 -8.475300 
8 -8.611300 
9 -8.721300 
10 -8.792300 
11 -8.817300 
12 -8.888300 
13 -9.087300 
14 -9.374300 
15 -9.698300 
16 -10.001300 
17 -10.227300 
18 -10.328300 
19 -10.274300 
20 -10.059300 
21 -9.702300 
22 -9.240300 
23 -8.722300 
24 -8.192300 
25 -7.688300 
26 -7.239300 
27 -6.861300 
28 -6.565300 
29 -6.356300 
30 -6.234300 
31 -6.194300 
32 -6.390300 
33 -6.843300 
34 -7.444300 
35 -8.164300 
36 -8.987300 
37 -9.875300 
38 -10.758300 
39 -11.531300 
40 -12.067300 
41 -12.260300 
42 -12.100300 
43 -11.651300 
44 -10.999300 
45 -10.264300 
46 -9.566300 
47 -8.994300 
48 -8.589300 
49 -8.236300 
50 -7.864300 
51 -7.884300 
52 -7.867300 
53 -7.985300 
54 -8.270300 
55 -8.479300 
56 -8.647300 
57 -8.837300 
58 -9.029300 
59 -9.195300 
60 -9.303300 
61 -9.321300 
62 -9.227300 
63 -9.014300 
64 -8.692300 
65 -8.285300 
66 -7.831300 
67 -7.368300 
68 -6.935300 
69 -6.566300 
70 -6.298300 
71 -6.194300 
72 -6.234300 
73 -6.356300 
74 -6.565300 
75 -6.861300 
76 -7.239300 
77 -7.688300 
78 -8.192300 
79 -8.722300 
80 -9.240300 
81 -9.702300 
82 -10.059300 
83 -10.274300 
84 -10.328300 
85 -10.227300 
86 -10.001300 
87 -9.698300 
88 -9.374300 
89 -9.087300 
90 -8.888300 
91 -8.817300 

1 -8.177300 
2 -8.371300 
3 -9.002300 
4 -9.879300 
5 -10.662300 
6 -11.039300 
7 -10.889300 
8 -10.325300 
9 -9.607300 
10 -9.031300 
11 -8.817300 
12 -8.888300 
13 -9.087300 
14 -9.374300 
15 -9.698300 
16 -10.001300 
17 -10.227300 
18 -10.328300 
19 -10.274300 
20 -10.059300 
21 -9.702300 
22 -9.240300 
23 -9.368300 
24 -9.358300 
25 -9.145300 
26 -8.726300 
27 -8.154300 
28 -7.515300 
29 -6.902300 
30 -6.411300 
31 -6.194300 
32 -6.390300 
33 -6.843300 
34 -7.444300 
35 -8.164300 
36 -8.987300 
37 -9.875300 
38 -10.758300 
39 -11.531300 
40 -12.067300 
41 -12.260300 
42 -12.195300 
43 -11.981300 
44 -11.587300 
45 -11.010300 
46 -10.294300 
47 -9.528300 
48 -8.813300 
49 -8.341300 
50 -8.215300 
51 -8.177300 
52 -8.196300 
53 -8.252300 
54 -8.346300 
55 -8.624300 
56 -9.006300 
57 -9.370300 
58 -9.669300 
59 -9.861300 
60 -9.916300 
61 -9.823300 
62 -9.590300 
63 -9.244300 
64 -8.817300 
65 -8.346300 
66 -7.862300 
67 -7.394300 
68 -6.961300 
69 -6.587300 
70 -6.307300 
71 -6.194300 
72 -6.411300 
73 -6.902300 
74 -7.515300 
75 -8.154300 
76 -8.726300 
77 -9.145300 
78 -9.358300 
79 -9.368300 
80 -9.240300 
81 -9.702300 
82 -10.059300 
83 -10.274300 
84 -10.328300 
85 -10.227300 
86 -10.001300 
87 -9.698300 
88 -9.374300 
89 -9.087300 
90 -8.888300 
91 -8.817300 

