1 2.015600 
2 2.173600 
3 2.520600 
4 2.906600 
5 3.273600 
6 3.596600 
7 3.867600 
8 4.081600 
9 4.235600 
10 4.328600 
11 4.359600 
12 5.197600 
13 6.248600 
14 7.193600 
15 8.015600 
16 8.711600 
17 9.281600 
18 9.724600 
19 10.041600 
20 10.232600 
21 10.295600 
22 10.263600 
23 10.168600 
24 10.010600 
25 9.788600 
26 9.503600 
27 9.155600 
28 8.744600 
29 8.270600 
30 7.733600 
31 7.133600 
32 6.470600 
33 5.744600 
34 4.956600 
35 4.107600 
36 3.200600 
37 2.241600 
38 1.242600 
39 0.233600 
40 -0.702400 
41 -1.213400 
42 -0.966400 
43 -0.500400 
44 -0.012400 
45 0.448600 
46 0.870600 
47 1.248600 
48 1.581600 
49 1.868600 
50 2.108600 
51 2.302600 
52 2.449600 
53 2.551600 
54 2.607600 
55 2.618600 
56 2.585600 
57 2.510600 
58 2.396600 
59 2.253600 
60 2.102600 
61 2.015600 
62 2.766600 
63 4.238600 
64 5.641600 
65 6.873600 
66 7.918600 
67 8.774600 
68 9.439600 
69 9.914600 
70 10.200600 
71 10.295600 
72 10.232600 
73 10.041600 
74 9.724600 
75 9.281600 
76 8.711600 
77 8.015600 
78 7.193600 
79 6.248600 
80 5.197600 
81 4.359600 

1 0.084600 
2 0.730600 
3 1.304600 
4 1.807600 
5 2.240600 
6 2.604600 
7 2.900600 
8 3.129600 
9 3.293600 
10 3.390600 
11 3.423600 
12 2.448600 
13 0.991600 
14 -0.631400 
15 -2.396400 
16 -4.288400 
17 -6.275400 
18 -8.282400 
19 -10.163400 
20 -11.653400 
21 -12.274400 
22 -12.039400 
23 -11.429400 
24 -10.610400 
25 -9.698400 
26 -8.760400 
27 -7.836400 
28 -6.949400 
29 -6.111400 
30 -5.333400 
31 -4.618400 
32 -3.970400 
33 -3.390400 
34 -2.879400 
35 -2.436400 
36 -2.062400 
37 -1.756400 
38 -1.518400 
39 -1.349400 
40 -1.247400 
41 -1.213400 
42 -1.143400 
43 -0.951400 
44 -0.681400 
45 -0.376400 
46 -0.067400 
47 0.228600 
48 0.497600 
49 0.733600 
50 0.930600 
51 1.085600 
52 1.197600 
53 1.263600 
54 1.282600 
55 1.255600 
56 1.180600 
57 1.058600 
58 0.887600 
59 0.669600 
60 0.401600 
61 0.084600 
62 0.501600 
63 -0.202400 
64 -1.236400 
65 -2.497400 
66 -3.965400 
67 -5.627400 
68 -7.461400 
69 -9.410400 
70 -11.283400 
71 -12.274400 
72 -11.653400 
73 -10.163400 
74 -8.282400 
75 -6.275400 
76 -4.288400 
77 -2.396400 
78 -0.631400 
79 0.991600 
80 2.448600 
81 3.423600 

1 0.084600 
2 -0.131400 
3 -0.651400 
4 -1.324400 
5 -2.088400 
6 -2.912400 
7 -3.769400 
8 -4.623400 
9 -5.406400 
10 -5.997400 
11 -6.225400 
12 -6.298400 
13 -6.520400 
14 -6.895400 
15 -7.423400 
16 -8.104400 
17 -8.930400 
18 -9.880400 
19 -10.901400 
20 -11.838400 
21 -12.274400 
22 -12.039400 
23 -11.429400 
24 -10.610400 
25 -9.698400 
26 -8.760400 
27 -7.836400 
28 -6.949400 
29 -6.111400 
30 -5.333400 
31 -4.618400 
32 -3.970400 
33 -3.390400 
34 -2.879400 
35 -2.436400 
36 -2.062400 
37 -1.756400 
38 -1.518400 
39 -1.349400 
40 -1.247400 
41 -1.213400 
42 -1.143400 
43 -0.951400 
44 -0.681400 
45 -0.376400 
46 -0.067400 
47 0.228600 
48 0.497600 
49 0.733600 
50 0.930600 
51 1.085600 
52 1.197600 
53 1.263600 
54 1.282600 
55 1.255600 
56 1.180600 
57 1.058600 
58 0.887600 
59 0.669600 
60 0.401600 
61 0.084600 
62 -0.699400 
63 -1.685400 
64 -2.879400 
65 -4.277400 
66 -5.870400 
67 -7.614400 
68 -9.388400 
69 -10.936400 
70 -11.942400 
71 -12.274400 
72 -11.838400 
73 -10.901400 
74 -9.880400 
75 -8.930400 
76 -8.104400 
77 -7.423400 
78 -6.895400 
79 -6.520400 
80 -6.298400 
81 -6.225400 

1 0.084600 
2 -0.636400 
3 -1.434400 
4 -2.312400 
5 -3.273400 
6 -4.320400 
7 -5.453400 
8 -6.671400 
9 -7.959400 
10 -9.251400 
11 -10.048400 
12 -10.087400 
13 -10.201400 
14 -10.389400 
15 -10.645400 
16 -10.957400 
17 -11.305400 
18 -11.658400 
19 -11.972400 
20 -12.194400 
21 -12.274400 
22 -12.145400 
23 -11.790400 
24 -11.278400 
25 -10.676400 
26 -10.028400 
27 -9.363400 
28 -8.697400 
29 -8.041400 
30 -7.402400 
31 -6.788400 
32 -6.208400 
33 -5.670400 
34 -5.178400 
35 -4.737400 
36 -4.344400 
37 -3.992400 
38 -3.659400 
39 -3.302400 
40 -2.867400 
41 -2.546400 
42 -2.842400 
43 -3.454400 
44 -4.180400 
45 -4.971400 
46 -5.804400 
47 -6.661400 
48 -7.514400 
49 -8.311400 
50 -8.952400 
51 -9.266400 
52 -9.073400 
53 -8.382400 
54 -7.383400 
55 -6.248400 
56 -5.074400 
57 -3.910400 
58 -2.784400 
59 -1.716400 
60 -0.735400 
61 0.084600 
62 -0.699400 
63 -1.685400 
64 -2.879400 
65 -4.277400 
66 -5.870400 
67 -7.614400 
68 -9.388400 
69 -10.936400 
70 -11.942400 
71 -12.274400 
72 -12.194400 
73 -11.972400 
74 -11.658400 
75 -11.305400 
76 -10.957400 
77 -10.645400 
78 -10.389400 
79 -10.201400 
80 -10.087400 
81 -10.048400 

1 -27.913400 
2 -27.146400 
3 -25.402400 
4 -23.614400 
5 -21.792400 
6 -19.948400 
7 -18.102400 
8 -16.341400 
9 -14.625400 
10 -13.069400 
11 -12.182400 
12 -12.271400 
13 -12.535400 
14 -12.973400 
15 -13.574400 
16 -14.316400 
17 -15.153400 
18 -16.006400 
19 -16.761400 
20 -17.289400 
21 -17.479400 
22 -17.516400 
23 -17.627400 
24 -17.815400 
25 -17.244400 
26 -15.874400 
27 -14.527400 
28 -13.263400 
29 -12.112400 
30 -11.083400 
31 -10.177400 
32 -9.385400 
33 -8.701400 
34 -8.116400 
35 -7.623400 
36 -7.215400 
37 -6.887400 
38 -6.636400 
39 -6.458400 
40 -6.352400 
41 -6.317400 
42 -6.449400 
43 -6.825400 
44 -7.403400 
45 -8.143400 
46 -9.020400 
47 -10.019400 
48 -11.135400 
49 -12.368400 
50 -13.719400 
51 -15.187400 
52 -16.631400 
53 -17.080400 
54 -17.993400 
55 -19.195400 
56 -20.583400 
57 -22.105400 
58 -23.726400 
59 -25.416400 
60 -27.138400 
61 -27.913400 
62 -26.336400 
63 -24.147400 
64 -22.191400 
65 -20.571400 
66 -19.306400 
67 -18.397400 
68 -17.836400 
69 -17.579400 
70 -17.499400 
71 -17.479400 
72 -17.289400 
73 -16.761400 
74 -16.006400 
75 -15.153400 
76 -14.316400 
77 -13.574400 
78 -12.973400 
79 -12.535400 
80 -12.271400 
81 -12.182400 

1 -27.913400 
2 -27.170400 
3 -25.705400 
4 -23.888400 
5 -21.915400 
6 -19.957400 
7 -18.130400 
8 -16.462400 
9 -15.115400 
10 -14.186400 
11 -13.845400 
12 -13.919400 
13 -14.145400 
14 -14.531400 
15 -15.092400 
16 -15.837400 
17 -16.755400 
18 -17.750400 
19 -18.329400 
20 -17.846400 
21 -17.479400 
22 -17.682400 
23 -18.201400 
24 -18.540400 
25 -18.080400 
26 -18.427400 
27 -18.860400 
28 -19.385400 
29 -20.009400 
30 -20.743400 
31 -21.596400 
32 -20.107400 
33 -18.093400 
34 -16.022400 
35 -14.002400 
36 -12.097400 
37 -10.346400 
38 -8.793400 
39 -7.511400 
40 -6.633400 
41 -6.317400 
42 -6.449400 
43 -6.825400 
44 -7.403400 
45 -8.143400 
46 -9.020400 
47 -10.019400 
48 -11.135400 
49 -12.368400 
50 -13.719400 
51 -15.187400 
52 -16.765400 
53 -18.430400 
54 -20.143400 
55 -21.843400 
56 -23.452400 
57 -24.892400 
58 -26.095400 
59 -27.021400 
60 -27.646400 
61 -27.913400 
62 -26.336400 
63 -24.147400 
64 -22.191400 
65 -20.571400 
66 -19.306400 
67 -18.397400 
68 -17.836400 
69 -17.579400 
70 -17.499400 
71 -17.479400 
72 -17.846400 
73 -18.329400 
74 -17.750400 
75 -16.755400 
76 -15.837400 
77 -15.092400 
78 -14.531400 
79 -14.145400 
80 -13.919400 
81 -13.845400 

1 -28.840400 
2 -27.885400 
3 -27.805400 
4 -27.680400 
5 -27.524400 
6 -27.353400 
7 -27.184400 
8 -27.034400 
9 -26.916400 
10 -26.840400 
11 -26.815400 
12 -26.639400 
13 -26.142400 
14 -25.396400 
15 -24.501400 
16 -23.304400 
17 -21.880400 
18 -20.642400 
19 -19.673400 
20 -18.120400 
21 -17.479400 
22 -17.682400 
23 -18.201400 
24 -18.880400 
25 -19.618400 
26 -20.368400 
27 -21.115400 
28 -21.861400 
29 -22.616400 
30 -23.333400 
31 -21.914400 
32 -22.580400 
33 -23.706400 
34 -24.977400 
35 -26.389400 
36 -27.911400 
37 -29.480400 
38 -30.984400 
39 -32.261400 
40 -33.130400 
41 -33.440400 
42 -32.930400 
43 -31.530400 
44 -29.545400 
45 -27.296400 
46 -25.018400 
47 -22.848400 
48 -20.862400 
49 -19.125400 
50 -17.730400 
51 -16.842400 
52 -16.765400 
53 -18.430400 
54 -20.143400 
55 -21.843400 
56 -23.452400 
57 -24.892400 
58 -26.095400 
59 -27.021400 
60 -27.646400 
61 -28.840400 
62 -28.180400 
63 -27.402400 
64 -26.156400 
65 -24.692400 
66 -23.239400 
67 -21.978400 
68 -21.048400 
69 -20.570400 
70 -18.610400 
71 -17.479400 
72 -18.120400 
73 -19.673400 
74 -20.642400 
75 -21.880400 
76 -23.304400 
77 -24.501400 
78 -25.396400 
79 -26.142400 
80 -26.639400 
81 -26.815400 

1 -28.840400 
2 -29.154400 
3 -29.422400 
4 -29.504400 
5 -29.467400 
6 -29.371400 
7 -29.254400 
8 -29.144400 
9 -29.057400 
10 -29.001400 
11 -28.982400 
12 -28.638400 
13 -27.691400 
14 -26.345400 
15 -24.826400 
16 -23.554400 
17 -22.640400 
18 -21.734400 
19 -19.969400 
20 -20.348400 
21 -20.623400 
22 -20.363400 
23 -19.629400 
24 -18.880400 
25 -19.618400 
26 -20.368400 
27 -21.115400 
28 -21.861400 
29 -22.616400 
30 -23.397400 
31 -24.223400 
32 -25.109400 
33 -26.071400 
34 -27.115400 
35 -28.237400 
36 -29.413400 
37 -30.592400 
38 -31.694400 
39 -32.611400 
40 -33.224400 
41 -33.440400 
42 -33.419400 
43 -33.357400 
44 -33.261400 
45 -33.142400 
46 -33.012400 
47 -32.884400 
48 -32.771400 
49 -32.679400 
50 -32.615400 
51 -32.577400 
52 -32.556400 
53 -32.536400 
54 -32.492400 
55 -32.390400 
56 -32.188400 
57 -31.844400 
58 -31.326400 
59 -30.623400 
60 -29.760400 
61 -28.840400 
62 -28.180400 
63 -27.402400 
64 -26.156400 
65 -24.692400 
66 -23.239400 
67 -21.978400 
68 -21.048400 
69 -20.570400 
70 -20.539400 
71 -20.623400 
72 -20.348400 
73 -19.969400 
74 -21.734400 
75 -22.640400 
76 -23.554400 
77 -24.826400 
78 -26.345400 
79 -27.691400 
80 -28.638400 
81 -28.982400 

1 -28.840400 
2 -30.487400 
3 -32.094400 
4 -33.669400 
5 -35.214400 
6 -36.716400 
7 -38.138400 
8 -39.413400 
9 -40.442400 
10 -41.119400 
11 -41.357400 
12 -40.152400 
13 -37.179400 
14 -33.590400 
15 -30.101400 
16 -26.952400 
17 -24.168400 
18 -21.830400 
19 -21.187400 
20 -20.769400 
21 -20.623400 
22 -20.806400 
23 -21.313400 
24 -22.048400 
25 -22.886400 
26 -23.688400 
27 -24.290400 
28 -24.517400 
29 -24.219400 
30 -23.397400 
31 -24.223400 
32 -25.109400 
33 -26.071400 
34 -27.115400 
35 -28.237400 
36 -29.413400 
37 -30.592400 
38 -31.694400 
39 -32.611400 
40 -33.224400 
41 -33.440400 
42 -33.419400 
43 -33.357400 
44 -33.261400 
45 -33.142400 
46 -33.012400 
47 -32.884400 
48 -32.771400 
49 -32.679400 
50 -32.615400 
51 -32.577400 
52 -32.556400 
53 -32.536400 
54 -32.492400 
55 -32.390400 
56 -32.188400 
57 -31.844400 
58 -31.326400 
59 -30.623400 
60 -29.760400 
61 -28.840400 
62 -31.859400 
63 -33.627400 
64 -33.475400 
65 -31.660400 
66 -29.044400 
67 -26.251400 
68 -23.506400 
69 -20.893400 
70 -20.539400 
71 -20.623400 
72 -20.769400 
73 -21.187400 
74 -21.830400 
75 -24.168400 
76 -26.952400 
77 -30.101400 
78 -33.590400 
79 -37.179400 
80 -40.152400 
81 -41.357400 

