1 3.595500 
2 3.586500 
3 3.560500 
4 3.519500 
5 3.468500 
6 3.412500 
7 3.354500 
8 3.303500 
9 3.262500 
10 3.235500 
11 3.226500 
12 3.220500 
13 3.201500 
14 3.170500 
15 3.126500 
16 3.070500 
17 3.003500 
18 2.928500 
19 2.851500 
20 2.784500 
21 2.748500 
22 2.782500 
23 2.927500 
24 3.192500 
25 3.528500 
26 3.872500 
27 4.181500 
28 4.433500 
29 4.618500 
30 4.731500 
31 4.768500 
32 4.718500 
33 4.575500 
34 4.364500 
35 4.138500 
36 3.935500 
37 3.759500 
38 3.691500 
39 3.655500 
40 3.631500 
41 3.623500 
42 3.594500 
43 3.535500 
44 3.471500 
45 3.402500 
46 3.330500 
47 3.258500 
48 3.337500 
49 3.480500 
50 3.566500 
51 3.595500 
52 3.581500 
53 3.538500 
54 3.469500 
55 3.374500 
56 3.262500 
57 3.292500 
58 3.355500 
59 3.425500 
60 3.500500 
61 3.579500 
62 3.663500 
63 3.754500 
64 3.862500 
65 4.005500 
66 4.190500 
67 4.381500 
68 4.546500 
69 4.668500 
70 4.743500 
71 4.768500 
72 4.731500 
73 4.618500 
74 4.433500 
75 4.181500 
76 3.872500 
77 3.528500 
78 3.192500 
79 2.927500 
80 2.782500 
81 2.748500 
82 2.784500 
83 2.851500 
84 2.928500 
85 3.003500 
86 3.070500 
87 3.126500 
88 3.170500 
89 3.201500 
90 3.220500 
91 3.226500 

1 3.098500 
2 3.022500 
3 2.793500 
4 2.417500 
5 2.119500 
6 2.429500 
7 2.704500 
8 2.928500 
9 3.092500 
10 3.193500 
11 3.226500 
12 3.207500 
13 3.152500 
14 3.062500 
15 2.939500 
16 2.787500 
17 2.613500 
18 2.426500 
19 2.249500 
20 2.156500 
21 2.283500 
22 2.554500 
23 2.841500 
24 3.106500 
25 3.337500 
26 3.531500 
27 3.686500 
28 3.804500 
29 3.886500 
30 3.934500 
31 3.950500 
32 3.942500 
33 3.919500 
34 3.884500 
35 3.838500 
36 3.788500 
37 3.737500 
38 3.613500 
39 3.500500 
40 3.429500 
41 3.404500 
42 3.350500 
43 3.156500 
44 2.802500 
45 2.575500 
46 2.880500 
47 3.136500 
48 3.193500 
49 3.142500 
50 3.109500 
51 3.098500 
52 3.104500 
53 3.121500 
54 3.149500 
55 3.187500 
56 3.231500 
57 3.125500 
58 2.986500 
59 2.855500 
60 2.763500 
61 2.754500 
62 2.872500 
63 3.100500 
64 3.363500 
65 3.587500 
66 3.734500 
67 3.824500 
68 3.882500 
69 3.921500 
70 3.943500 
71 3.950500 
72 3.934500 
73 3.886500 
74 3.804500 
75 3.686500 
76 3.531500 
77 3.337500 
78 3.106500 
79 2.841500 
80 2.554500 
81 2.283500 
82 2.156500 
83 2.249500 
84 2.426500 
85 2.613500 
86 2.787500 
87 2.939500 
88 3.062500 
89 3.152500 
90 3.207500 
91 3.226500 

1 1.229500 
2 1.305500 
3 1.512500 
4 1.801500 
5 2.119500 
6 2.429500 
7 2.704500 
8 2.928500 
9 3.092500 
10 3.193500 
11 3.226500 
12 3.207500 
13 3.152500 
14 3.062500 
15 2.939500 
16 2.787500 
17 2.613500 
18 2.426500 
19 2.249500 
20 2.156500 
21 2.283500 
22 2.554500 
23 2.841500 
24 3.106500 
25 3.337500 
26 3.531500 
27 3.686500 
28 3.804500 
29 3.886500 
30 3.934500 
31 3.950500 
32 3.915500 
33 3.802500 
34 3.581500 
35 3.205500 
36 2.657500 
37 1.962500 
38 1.204500 
39 1.342500 
40 1.428500 
41 1.457500 
42 1.585500 
43 1.884500 
44 2.234500 
45 2.299500 
46 1.666500 
47 1.308500 
48 1.276500 
49 1.251500 
50 1.234500 
51 1.229500 
52 1.224500 
53 1.212500 
54 1.191500 
55 1.160500 
56 1.121500 
57 1.071500 
58 1.214500 
59 1.627500 
60 2.009500 
61 2.359500 
62 2.675500 
63 2.956500 
64 3.201500 
65 3.409500 
66 3.582500 
67 3.719500 
68 3.823500 
69 3.894500 
70 3.936500 
71 3.950500 
72 3.934500 
73 3.886500 
74 3.804500 
75 3.686500 
76 3.531500 
77 3.337500 
78 3.106500 
79 2.841500 
80 2.554500 
81 2.283500 
82 2.156500 
83 2.249500 
84 2.426500 
85 2.613500 
86 2.787500 
87 2.939500 
88 3.062500 
89 3.152500 
90 3.207500 
91 3.226500 

1 1.229500 
2 1.305500 
3 1.512500 
4 1.801500 
5 1.905500 
6 1.275500 
7 0.560500 
8 -0.186500 
9 -0.884500 
10 -1.406500 
11 -1.605500 
12 -1.528500 
13 -1.309500 
14 -0.982500 
15 -0.584500 
16 -0.147500 
17 0.301500 
18 0.737500 
19 1.130500 
20 1.403500 
21 1.420500 
22 1.259500 
23 1.050500 
24 0.837500 
25 0.634500 
26 0.465500 
27 0.339500 
28 0.207500 
29 0.096500 
30 0.023500 
31 -0.002500 
32 0.041500 
33 0.166500 
34 0.352500 
35 0.574500 
36 0.804500 
37 1.020500 
38 1.204500 
39 1.342500 
40 1.428500 
41 1.457500 
42 1.452500 
43 1.436500 
44 1.411500 
45 1.379500 
46 1.344500 
47 0.932500 
48 0.982500 
49 1.117500 
50 1.200500 
51 1.229500 
52 1.221500 
53 1.200500 
54 1.165500 
55 1.116500 
56 1.056500 
57 0.985500 
58 1.012500 
59 0.942500 
60 0.863500 
61 0.774500 
62 0.894500 
63 0.902500 
64 0.801500 
65 0.650500 
66 0.484500 
67 0.325500 
68 0.189500 
69 0.085500 
70 0.019500 
71 -0.002500 
72 0.023500 
73 0.096500 
74 0.207500 
75 0.339500 
76 0.465500 
77 0.634500 
78 0.837500 
79 1.050500 
80 1.259500 
81 1.420500 
82 1.403500 
83 1.130500 
84 0.737500 
85 0.301500 
86 -0.147500 
87 -0.584500 
88 -0.982500 
89 -1.309500 
90 -1.528500 
91 -1.605500 

1 -1.497500 
2 -1.500500 
3 -1.508500 
4 -1.519500 
5 -1.534500 
6 -1.551500 
7 -1.567500 
8 -1.582500 
9 -1.594500 
10 -1.602500 
11 -1.605500 
12 -1.528500 
13 -1.309500 
14 -0.982500 
15 -0.584500 
16 -0.147500 
17 0.301500 
18 0.737500 
19 1.130500 
20 1.403500 
21 1.420500 
22 1.259500 
23 1.050500 
24 0.837500 
25 0.634500 
26 0.451500 
27 0.293500 
28 0.166500 
29 0.073500 
30 0.016500 
31 -0.002500 
32 0.041500 
33 0.166500 
34 0.352500 
35 0.574500 
36 0.804500 
37 1.020500 
38 1.169500 
39 0.353500 
40 -0.146500 
41 -0.150500 
42 -0.110500 
43 0.004500 
44 0.176500 
45 0.382500 
46 0.600500 
47 0.806500 
48 0.142500 
49 -0.628500 
50 -1.245500 
51 -1.497500 
52 -1.370500 
53 -1.044500 
54 -0.617500 
55 -0.153500 
56 0.317500 
57 0.776500 
58 0.905500 
59 0.817500 
60 0.724500 
61 0.709500 
62 0.679500 
63 0.577500 
64 0.473500 
65 0.370500 
66 0.271500 
67 0.181500 
68 0.104500 
69 0.046500 
70 0.009500 
71 -0.002500 
72 0.016500 
73 0.073500 
74 0.166500 
75 0.293500 
76 0.451500 
77 0.634500 
78 0.837500 
79 1.050500 
80 1.259500 
81 1.420500 
82 1.403500 
83 1.130500 
84 0.737500 
85 0.301500 
86 -0.147500 
87 -0.584500 
88 -0.982500 
89 -1.309500 
90 -1.528500 
91 -1.605500 

1 -4.532500 
2 -4.648500 
3 -4.972500 
4 -5.448500 
5 -6.013500 
6 -6.611500 
7 -7.193500 
8 -7.711500 
9 -8.121500 
10 -8.385500 
11 -8.477500 
12 -8.304500 
13 -7.816500 
14 -7.086500 
15 -6.196500 
16 -5.217500 
17 -4.206500 
18 -3.206500 
19 -2.252500 
20 -1.376500 
21 -0.615500 
22 -0.016500 
23 0.372500 
24 0.544500 
25 0.552500 
26 0.451500 
27 0.293500 
28 0.166500 
29 0.073500 
30 0.016500 
31 -0.002500 
32 -0.006500 
33 -0.016500 
34 -0.032500 
35 -0.053500 
36 -0.076500 
37 -0.098500 
38 -0.119500 
39 -0.136500 
40 -0.337500 
41 -0.633500 
42 -0.796500 
43 -1.198500 
44 -1.716500 
45 -2.278500 
46 -2.844500 
47 -3.378500 
48 -3.846500 
49 -4.214500 
50 -4.450500 
51 -4.532500 
52 -4.399500 
53 -4.031500 
54 -3.493500 
55 -2.853500 
56 -2.165500 
57 -1.470500 
58 -0.801500 
59 -0.186500 
60 0.334500 
61 0.628500 
62 0.532500 
63 0.437500 
64 0.346500 
65 0.261500 
66 0.185500 
67 0.120500 
68 0.067500 
69 0.029500 
70 0.005500 
71 -0.002500 
72 0.016500 
73 0.073500 
74 0.166500 
75 0.293500 
76 0.451500 
77 0.552500 
78 0.544500 
79 0.372500 
80 -0.016500 
81 -0.615500 
82 -1.376500 
83 -2.252500 
84 -3.206500 
85 -4.206500 
86 -5.217500 
87 -6.196500 
88 -7.086500 
89 -7.816500 
90 -8.304500 
91 -8.477500 

1 -4.532500 
2 -4.648500 
3 -4.972500 
4 -5.448500 
5 -6.013500 
6 -6.611500 
7 -7.193500 
8 -7.711500 
9 -8.121500 
10 -8.385500 
11 -8.477500 
12 -8.555500 
13 -8.776500 
14 -9.104500 
15 -9.497500 
16 -9.917500 
17 -10.332500 
18 -10.717500 
19 -11.054500 
20 -11.331500 
21 -11.538500 
22 -11.671500 
23 -11.732500 
24 -11.724500 
25 -11.656500 
26 -11.542500 
27 -11.400500 
28 -11.252500 
29 -11.123500 
30 -11.035500 
31 -11.004500 
32 -11.002500 
33 -10.941500 
34 -10.711500 
35 -10.236500 
36 -9.508500 
37 -8.582500 
38 -7.545500 
39 -6.518500 
40 -5.684500 
41 -5.339500 
42 -5.333500 
43 -5.320500 
44 -5.302500 
45 -5.278500 
46 -5.238500 
47 -5.164500 
48 -5.039500 
49 -4.851500 
50 -4.638500 
51 -4.532500 
52 -4.679500 
53 -5.064500 
54 -5.586500 
55 -6.179500 
56 -6.804500 
57 -7.438500 
58 -8.063500 
59 -8.663500 
60 -9.222500 
61 -9.728500 
62 -10.166500 
63 -10.527500 
64 -10.801500 
65 -10.986500 
66 -11.088500 
67 -11.119500 
68 -11.100500 
69 -11.058500 
70 -11.019500 
71 -11.004500 
72 -11.035500 
73 -11.123500 
74 -11.252500 
75 -11.400500 
76 -11.542500 
77 -11.656500 
78 -11.724500 
79 -11.732500 
80 -11.671500 
81 -11.538500 
82 -11.331500 
83 -11.054500 
84 -10.717500 
85 -10.332500 
86 -9.917500 
87 -9.497500 
88 -9.104500 
89 -8.776500 
90 -8.555500 
91 -8.477500 

1 -11.031500 
2 -10.989500 
3 -10.887500 
4 -10.746500 
5 -10.554500 
6 -10.288500 
7 -9.932500 
8 -9.491500 
9 -9.020500 
10 -8.632500 
11 -8.477500 
12 -8.555500 
13 -8.776500 
14 -9.104500 
15 -9.497500 
16 -9.917500 
17 -10.332500 
18 -10.717500 
19 -11.054500 
20 -11.331500 
21 -11.538500 
22 -11.671500 
23 -11.732500 
24 -11.724500 
25 -11.656500 
26 -11.542500 
27 -11.400500 
28 -11.252500 
29 -11.123500 
30 -11.035500 
31 -11.004500 
32 -11.067500 
33 -11.245500 
34 -11.514500 
35 -11.838500 
36 -12.180500 
37 -12.505500 
38 -12.784500 
39 -12.996500 
40 -13.128500 
41 -13.173500 
42 -13.217500 
43 -13.339500 
44 -13.515500 
45 -13.713500 
46 -13.566500 
47 -13.010500 
48 -12.328500 
49 -11.674500 
50 -11.203500 
51 -11.031500 
52 -11.116500 
53 -11.342500 
54 -11.642500 
55 -11.951500 
56 -12.218500 
57 -12.414500 
58 -12.524500 
59 -12.548500 
60 -12.493500 
61 -12.374500 
62 -12.208500 
63 -12.014500 
64 -11.811500 
65 -11.613500 
66 -11.434500 
67 -11.281500 
68 -11.160500 
69 -11.073500 
70 -11.021500 
71 -11.004500 
72 -11.035500 
73 -11.123500 
74 -11.252500 
75 -11.400500 
76 -11.542500 
77 -11.656500 
78 -11.724500 
79 -11.732500 
80 -11.671500 
81 -11.538500 
82 -11.331500 
83 -11.054500 
84 -10.717500 
85 -10.332500 
86 -9.917500 
87 -9.497500 
88 -9.104500 
89 -8.776500 
90 -8.555500 
91 -8.477500 

1 -14.234500 
2 -14.552500 
3 -15.333500 
4 -16.225500 
5 -16.938500 
6 -17.344500 
7 -17.467500 
8 -17.409500 
9 -17.283500 
10 -17.176500 
11 -17.136500 
12 -17.165500 
13 -17.224500 
14 -17.253500 
15 -17.193500 
16 -17.007500 
17 -16.686500 
18 -16.243500 
19 -15.707500 
20 -15.110500 
21 -14.487500 
22 -13.870500 
23 -13.284500 
24 -12.749500 
25 -12.279500 
26 -11.881500 
27 -11.559500 
28 -11.313500 
29 -11.140500 
30 -11.038500 
31 -11.004500 
32 -11.067500 
33 -11.245500 
34 -11.514500 
35 -11.838500 
36 -12.180500 
37 -12.505500 
38 -12.784500 
39 -12.996500 
40 -13.128500 
41 -13.173500 
42 -13.313500 
43 -13.623500 
44 -13.871500 
45 -13.872500 
46 -13.899500 
47 -14.048500 
48 -14.149500 
49 -14.205500 
50 -14.228500 
51 -14.234500 
52 -14.231500 
53 -14.221500 
54 -14.198500 
55 -14.155500 
56 -14.084500 
57 -13.979500 
58 -13.834500 
59 -13.648500 
60 -13.424500 
61 -13.168500 
62 -12.886500 
63 -12.590500 
64 -12.289500 
65 -11.996500 
66 -11.723500 
67 -11.481500 
68 -11.280500 
69 -11.129500 
70 -11.036500 
71 -11.004500 
72 -11.038500 
73 -11.140500 
74 -11.313500 
75 -11.559500 
76 -11.881500 
77 -12.279500 
78 -12.749500 
79 -13.284500 
80 -13.870500 
81 -14.487500 
82 -15.110500 
83 -15.707500 
84 -16.243500 
85 -16.686500 
86 -17.007500 
87 -17.193500 
88 -17.253500 
89 -17.224500 
90 -17.165500 
91 -17.136500 

