1 4.593000 
2 4.627000 
3 4.719000 
4 4.851000 
5 5.001000 
6 5.153000 
7 5.291000 
8 5.407000 
9 5.494000 
10 5.548000 
11 5.566000 
12 5.548000 
13 5.498000 
14 5.415000 
15 5.305000 
16 5.173000 
17 5.027000 
18 4.881000 
19 4.753000 
20 4.668000 
21 4.658000 
22 4.744000 
23 4.918000 
24 5.149000 
25 5.400000 
26 5.642000 
27 5.855000 
28 6.030000 
29 6.159000 
30 6.237000 
31 6.263000 
32 6.244000 
33 6.185000 
34 6.089000 
35 5.959000 
36 5.802000 
37 5.625000 
38 5.445000 
39 5.279000 
40 5.152000 
41 5.077000 
42 5.055000 
43 5.073000 
44 5.116000 
45 5.172000 
46 5.230000 
47 5.285000 
48 5.331000 
49 5.366000 
50 5.388000 
51 5.396000 
52 5.363000 
53 5.267000 
54 5.117000 
55 4.929000 
56 4.739000 
57 4.605000 
58 4.585000 
59 4.666000 
60 4.785000 
61 4.903000 
62 4.736000 
63 4.561000 
64 4.383000 
65 4.210000 
66 4.056000 
67 3.940000 
68 3.889000 
69 3.925000 
70 4.047000 
71 4.239000 
72 4.480000 
73 4.752000 
74 5.036000 
75 5.317000 
76 5.579000 
77 5.812000 
78 6.003000 
79 6.146000 
80 6.234000 
81 6.263000 
82 6.244000 
83 6.185000 
84 6.089000 
85 5.959000 
86 5.802000 
87 5.625000 
88 5.445000 
89 5.279000 
90 5.152000 
91 5.077000 
92 5.055000 
93 5.073000 
94 5.116000 
95 5.172000 
96 5.230000 
97 5.285000 
98 5.331000 
99 5.366000 
100 5.388000 
101 5.396000 

1 3.513000 
2 3.859000 
3 4.168000 
4 4.440000 
5 4.675000 
6 4.872000 
7 5.032000 
8 5.155000 
9 5.243000 
10 5.295000 
11 5.313000 
12 5.300000 
13 5.262000 
14 5.200000 
15 5.114000 
16 5.007000 
17 4.879000 
18 4.733000 
19 4.572000 
20 4.399000 
21 4.219000 
22 4.034000 
23 3.850000 
24 3.672000 
25 3.504000 
26 3.352000 
27 3.220000 
28 3.113000 
29 3.033000 
30 2.984000 
31 2.968000 
32 2.977000 
33 3.003000 
34 3.043000 
35 3.090000 
36 3.138000 
37 3.172000 
38 3.179000 
39 3.134000 
40 3.015000 
41 2.806000 
42 2.685000 
43 2.737000 
44 2.796000 
45 2.856000 
46 2.912000 
47 2.962000 
48 3.004000 
49 3.035000 
50 3.054000 
51 3.060000 
52 3.087000 
53 3.164000 
54 3.283000 
55 3.431000 
56 3.586000 
57 3.725000 
58 3.852000 
59 4.010000 
60 4.196000 
61 4.377000 
62 4.119000 
63 3.869000 
64 3.641000 
65 3.450000 
66 3.409000 
67 3.553000 
68 3.652000 
69 3.709000 
70 3.725000 
71 3.706000 
72 3.657000 
73 3.583000 
74 3.491000 
75 3.389000 
76 3.283000 
77 3.183000 
78 3.095000 
79 3.026000 
80 2.983000 
81 2.968000 
82 2.977000 
83 3.003000 
84 3.043000 
85 3.090000 
86 3.138000 
87 3.172000 
88 3.179000 
89 3.134000 
90 3.015000 
91 2.806000 
92 2.685000 
93 2.737000 
94 2.796000 
95 2.856000 
96 2.912000 
97 2.962000 
98 3.004000 
99 3.035000 
100 3.054000 
101 3.060000 

1 3.513000 
2 3.130000 
3 2.711000 
4 2.257000 
5 1.770000 
6 1.252000 
7 0.708000 
8 0.147000 
9 -0.356000 
10 -0.462000 
11 -0.498000 
12 -0.487000 
13 -0.455000 
14 -0.403000 
15 -0.333000 
16 -0.172000 
17 0.154000 
18 0.487000 
19 0.864000 
20 1.309000 
21 1.631000 
22 1.809000 
23 1.984000 
24 2.214000 
25 2.415000 
26 2.585000 
27 2.724000 
28 2.831000 
29 2.907000 
30 2.952000 
31 2.968000 
32 2.958000 
33 2.930000 
34 2.885000 
35 2.828000 
36 2.766000 
37 2.705000 
38 2.656000 
39 2.628000 
40 2.624000 
41 2.645000 
42 2.685000 
43 2.737000 
44 2.796000 
45 2.856000 
46 2.912000 
47 2.962000 
48 3.004000 
49 3.035000 
50 3.054000 
51 3.060000 
52 3.026000 
53 2.926000 
54 2.761000 
55 2.538000 
56 2.263000 
57 2.453000 
58 2.564000 
59 2.466000 
60 2.235000 
61 1.960000 
62 2.348000 
63 2.687000 
64 2.977000 
65 3.217000 
66 3.300000 
67 3.184000 
68 3.083000 
69 2.975000 
70 2.859000 
71 2.745000 
72 2.648000 
73 2.580000 
74 2.554000 
75 2.576000 
76 2.642000 
77 2.756000 
78 2.848000 
79 2.914000 
80 2.954000 
81 2.968000 
82 2.958000 
83 2.930000 
84 2.885000 
85 2.828000 
86 2.766000 
87 2.705000 
88 2.656000 
89 2.628000 
90 2.624000 
91 2.645000 
92 2.685000 
93 2.737000 
94 2.796000 
95 2.856000 
96 2.912000 
97 2.962000 
98 3.004000 
99 3.035000 
100 3.054000 
101 3.060000 

1 1.144000 
2 1.096000 
3 0.960000 
4 0.759000 
5 0.519000 
6 0.266000 
7 0.023000 
8 -0.190000 
9 -0.409000 
10 -0.897000 
11 -1.126000 
12 -1.080000 
13 -0.947000 
14 -0.739000 
15 -0.475000 
16 -0.172000 
17 0.154000 
18 0.487000 
19 0.819000 
20 1.139000 
21 1.444000 
22 1.726000 
23 1.984000 
24 2.214000 
25 2.415000 
26 2.585000 
27 2.724000 
28 2.831000 
29 2.907000 
30 2.952000 
31 2.968000 
32 2.958000 
33 2.930000 
34 2.885000 
35 2.828000 
36 2.766000 
37 2.705000 
38 2.656000 
39 2.628000 
40 2.624000 
41 2.645000 
42 2.508000 
43 2.133000 
44 1.703000 
45 1.236000 
46 0.754000 
47 0.282000 
48 -0.152000 
49 -0.508000 
50 -0.591000 
51 -0.613000 
52 -0.012000 
53 0.632000 
54 1.217000 
55 1.731000 
56 2.156000 
57 1.948000 
58 1.611000 
59 1.277000 
60 0.982000 
61 0.762000 
62 1.015000 
63 1.247000 
64 1.451000 
65 1.623000 
66 1.758000 
67 1.856000 
68 1.916000 
69 1.940000 
70 1.930000 
71 1.890000 
72 1.962000 
73 2.160000 
74 2.340000 
75 2.501000 
76 2.640000 
77 2.732000 
78 2.825000 
79 2.902000 
80 2.951000 
81 2.968000 
82 2.958000 
83 2.930000 
84 2.885000 
85 2.828000 
86 2.766000 
87 2.705000 
88 2.656000 
89 2.628000 
90 2.624000 
91 2.645000 
92 2.508000 
93 2.133000 
94 1.703000 
95 1.236000 
96 0.754000 
97 0.282000 
98 -0.152000 
99 -0.508000 
100 -0.591000 
101 -0.613000 

1 -1.128000 
2 -1.128000 
3 -1.128000 
4 -1.128000 
5 -1.128000 
6 -1.127000 
7 -1.127000 
8 -1.127000 
9 -1.127000 
10 -1.127000 
11 -1.126000 
12 -1.080000 
13 -0.947000 
14 -0.739000 
15 -0.475000 
16 -0.246000 
17 -0.144000 
18 0.329000 
19 0.819000 
20 1.139000 
21 1.444000 
22 1.726000 
23 1.852000 
24 1.796000 
25 1.682000 
26 1.544000 
27 1.405000 
28 1.283000 
29 1.188000 
30 1.128000 
31 1.107000 
32 1.112000 
33 1.123000 
34 1.140000 
35 1.157000 
36 1.168000 
37 1.163000 
38 1.133000 
39 1.069000 
40 0.966000 
41 0.828000 
42 0.661000 
43 0.475000 
44 0.278000 
45 0.081000 
46 -0.106000 
47 -0.275000 
48 -0.416000 
49 -0.524000 
50 -0.591000 
51 -0.613000 
52 -0.606000 
53 -0.585000 
54 -0.552000 
55 -0.511000 
56 -0.466000 
57 -0.423000 
58 -0.391000 
59 -0.384000 
60 -0.417000 
61 -0.507000 
62 -0.322000 
63 -0.119000 
64 0.099000 
65 0.329000 
66 0.566000 
67 0.807000 
68 1.050000 
69 1.290000 
70 1.524000 
71 1.749000 
72 1.824000 
73 1.738000 
74 1.638000 
75 1.531000 
76 1.422000 
77 1.321000 
78 1.233000 
79 1.165000 
80 1.122000 
81 1.107000 
82 1.112000 
83 1.123000 
84 1.140000 
85 1.157000 
86 1.168000 
87 1.163000 
88 1.133000 
89 1.069000 
90 0.966000 
91 0.828000 
92 0.661000 
93 0.475000 
94 0.278000 
95 0.081000 
96 -0.106000 
97 -0.275000 
98 -0.416000 
99 -0.524000 
100 -0.591000 
101 -0.613000 

1 -9.186000 
2 -8.608000 
3 -7.973000 
4 -7.294000 
5 -6.585000 
6 -5.860000 
7 -5.134000 
8 -4.423000 
9 -3.755000 
10 -3.198000 
11 -2.946000 
12 -2.835000 
13 -2.522000 
14 -2.057000 
15 -1.493000 
16 -0.882000 
17 -0.264000 
18 -0.032000 
19 0.088000 
20 0.212000 
21 0.338000 
22 0.463000 
23 0.583000 
24 0.695000 
25 0.798000 
26 0.889000 
27 0.965000 
28 1.027000 
29 1.071000 
30 1.098000 
31 1.107000 
32 1.112000 
33 1.123000 
34 1.140000 
35 1.157000 
36 1.168000 
37 1.163000 
38 1.133000 
39 1.069000 
40 0.966000 
41 0.828000 
42 0.661000 
43 0.475000 
44 0.278000 
45 0.081000 
46 -0.106000 
47 -0.275000 
48 -0.416000 
49 -0.524000 
50 -0.747000 
51 -0.831000 
52 -1.480000 
53 -2.268000 
54 -3.092000 
55 -3.941000 
56 -4.802000 
57 -5.657000 
58 -6.480000 
59 -7.237000 
60 -7.848000 
61 -7.762000 
62 -8.022000 
63 -7.256000 
64 -6.444000 
65 -5.606000 
66 -4.758000 
67 -3.918000 
68 -3.103000 
69 -2.328000 
70 -1.608000 
71 -0.955000 
72 -0.382000 
73 0.099000 
74 0.478000 
75 0.751000 
76 0.926000 
77 1.025000 
78 1.075000 
79 1.097000 
80 1.105000 
81 1.107000 
82 1.112000 
83 1.123000 
84 1.140000 
85 1.157000 
86 1.168000 
87 1.163000 
88 1.133000 
89 1.069000 
90 0.966000 
91 0.828000 
92 0.661000 
93 0.475000 
94 0.278000 
95 0.081000 
96 -0.106000 
97 -0.275000 
98 -0.416000 
99 -0.524000 
100 -0.747000 
101 -0.831000 

1 -9.186000 
2 -9.693000 
3 -10.119000 
4 -10.455000 
5 -10.700000 
6 -10.859000 
7 -10.943000 
8 -10.971000 
9 -10.967000 
10 -10.953000 
11 -10.947000 
12 -11.012000 
13 -11.202000 
14 -11.497000 
15 -11.872000 
16 -12.298000 
17 -12.741000 
18 -13.171000 
19 -13.556000 
20 -13.867000 
21 -14.076000 
22 -14.160000 
23 -14.105000 
24 -13.909000 
25 -13.582000 
26 -13.156000 
27 -12.676000 
28 -12.204000 
29 -11.803000 
30 -11.534000 
31 -11.440000 
32 -11.479000 
33 -11.595000 
34 -11.779000 
35 -12.019000 
36 -12.300000 
37 -12.604000 
38 -12.913000 
39 -13.210000 
40 -13.478000 
41 -13.707000 
42 -13.889000 
43 -13.616000 
44 -12.991000 
45 -12.314000 
46 -11.622000 
47 -10.956000 
48 -10.358000 
49 -9.877000 
50 -9.560000 
51 -9.450000 
52 -9.436000 
53 -9.398000 
54 -9.339000 
55 -9.265000 
56 -9.183000 
57 -9.096000 
58 -8.998000 
59 -8.853000 
60 -8.616000 
61 -8.725000 
62 -8.666000 
63 -9.568000 
64 -10.453000 
65 -11.307000 
66 -12.113000 
67 -12.853000 
68 -13.224000 
69 -13.596000 
70 -13.998000 
71 -14.240000 
72 -13.847000 
73 -13.432000 
74 -13.020000 
75 -12.632000 
76 -12.284000 
77 -11.988000 
78 -11.752000 
79 -11.579000 
80 -11.475000 
81 -11.440000 
82 -11.479000 
83 -11.595000 
84 -11.779000 
85 -12.019000 
86 -12.300000 
87 -12.604000 
88 -12.913000 
89 -13.210000 
90 -13.478000 
91 -13.707000 
92 -13.889000 
93 -13.616000 
94 -12.991000 
95 -12.314000 
96 -11.622000 
97 -10.956000 
98 -10.358000 
99 -9.877000 
100 -9.560000 
101 -9.450000 

1 -11.638000 
2 -11.618000 
3 -11.562000 
4 -11.478000 
5 -11.378000 
6 -11.271000 
7 -11.169000 
8 -11.078000 
9 -11.008000 
10 -10.962000 
11 -10.947000 
12 -11.012000 
13 -11.202000 
14 -11.497000 
15 -11.872000 
16 -12.298000 
17 -12.741000 
18 -13.171000 
19 -13.556000 
20 -13.867000 
21 -14.076000 
22 -14.160000 
23 -14.105000 
24 -13.909000 
25 -13.582000 
26 -13.156000 
27 -12.676000 
28 -12.204000 
29 -11.803000 
30 -11.534000 
31 -11.440000 
32 -11.479000 
33 -11.595000 
34 -11.779000 
35 -12.019000 
36 -12.300000 
37 -12.604000 
38 -12.913000 
39 -13.210000 
40 -13.478000 
41 -13.707000 
42 -13.889000 
43 -14.020000 
44 -14.103000 
45 -14.142000 
46 -14.148000 
47 -14.131000 
48 -14.102000 
49 -14.072000 
50 -14.050000 
51 -14.042000 
52 -14.075000 
53 -14.162000 
54 -14.269000 
55 -14.353000 
56 -14.372000 
57 -14.301000 
58 -13.928000 
59 -13.357000 
60 -12.932000 
61 -12.833000 
62 -12.704000 
63 -12.600000 
64 -12.550000 
65 -12.577000 
66 -12.698000 
67 -12.917000 
68 -13.504000 
69 -14.044000 
70 -14.450000 
71 -14.384000 
72 -14.698000 
73 -14.679000 
74 -14.405000 
75 -13.981000 
76 -13.449000 
77 -12.870000 
78 -12.313000 
79 -11.852000 
80 -11.546000 
81 -11.440000 
82 -11.479000 
83 -11.595000 
84 -11.779000 
85 -12.019000 
86 -12.300000 
87 -12.604000 
88 -12.913000 
89 -13.210000 
90 -13.478000 
91 -13.707000 
92 -13.889000 
93 -14.020000 
94 -14.103000 
95 -14.142000 
96 -14.148000 
97 -14.131000 
98 -14.102000 
99 -14.072000 
100 -14.050000 
101 -14.042000 

1 -13.067000 
2 -13.075000 
3 -13.095000 
4 -13.120000 
5 -13.144000 
6 -13.161000 
7 -13.171000 
8 -13.173000 
9 -13.171000 
10 -13.168000 
11 -13.166000 
12 -13.289000 
13 -13.634000 
14 -14.143000 
15 -14.741000 
16 -15.357000 
17 -15.925000 
18 -16.386000 
19 -16.691000 
20 -16.805000 
21 -16.705000 
22 -16.392000 
23 -15.887000 
24 -15.233000 
25 -14.487000 
26 -13.713000 
27 -12.979000 
28 -12.343000 
29 -11.853000 
30 -11.545000 
31 -11.440000 
32 -11.581000 
33 -11.978000 
34 -12.557000 
35 -13.215000 
36 -13.847000 
37 -14.368000 
38 -14.716000 
39 -14.863000 
40 -14.805000 
41 -14.558000 
42 -14.151000 
43 -14.020000 
44 -14.103000 
45 -14.142000 
46 -14.148000 
47 -14.131000 
48 -14.102000 
49 -14.072000 
50 -14.050000 
51 -14.042000 
52 -14.152000 
53 -14.424000 
54 -14.710000 
55 -14.859000 
56 -14.776000 
57 -14.445000 
58 -14.131000 
59 -13.873000 
60 -13.556000 
61 -13.219000 
62 -13.704000 
63 -14.147000 
64 -14.524000 
65 -14.813000 
66 -14.996000 
67 -15.064000 
68 -15.012000 
69 -14.847000 
70 -14.582000 
71 -14.701000 
72 -14.779000 
73 -14.884000 
74 -14.887000 
75 -14.671000 
76 -14.226000 
77 -13.587000 
78 -12.845000 
79 -12.138000 
80 -11.627000 
81 -11.440000 
82 -11.581000 
83 -11.978000 
84 -12.557000 
85 -13.215000 
86 -13.847000 
87 -14.368000 
88 -14.716000 
89 -14.863000 
90 -14.805000 
91 -14.558000 
92 -14.151000 
93 -14.020000 
94 -14.103000 
95 -14.142000 
96 -14.148000 
97 -14.131000 
98 -14.102000 
99 -14.072000 
100 -14.050000 
101 -14.042000 

