1 1.677500 
2 1.660500 
3 1.611500 
4 1.533500 
5 1.434500 
6 1.323500 
7 1.211500 
8 1.109500 
9 1.027500 
10 0.975500 
11 0.956500 
12 0.945500 
13 0.913500 
14 0.862500 
15 0.795500 
16 0.717500 
17 0.638500 
18 0.568500 
19 0.524500 
20 0.525500 
21 0.592500 
22 0.738500 
23 0.959500 
24 1.230500 
25 1.520500 
26 1.801500 
27 2.051500 
28 2.257500 
29 2.409500 
30 2.502500 
31 2.533500 
32 2.492500 
33 2.373500 
34 2.192500 
35 1.964500 
36 1.708500 
37 1.439500 
38 1.178500 
39 0.953500 
40 0.797500 
41 0.741500 
42 0.688500 
43 0.566500 
44 0.438500 
45 0.306500 
46 0.525500 
47 0.918500 
48 1.240500 
49 1.480500 
50 1.627500 
51 1.677500 
52 1.652500 
53 1.579500 
54 1.460500 
55 1.304500 
56 1.124500 
57 0.945500 
58 0.819500 
59 0.805500 
60 0.899500 
61 1.055500 
62 1.242500 
63 1.445500 
64 1.653500 
65 1.857500 
66 2.046500 
67 2.213500 
68 2.349500 
69 2.450500 
70 2.512500 
71 2.533500 
72 2.502500 
73 2.409500 
74 2.257500 
75 2.051500 
76 1.801500 
77 1.520500 
78 1.230500 
79 0.959500 
80 0.738500 
81 0.592500 
82 0.525500 
83 0.524500 
84 0.568500 
85 0.638500 
86 0.717500 
87 0.795500 
88 0.862500 
89 0.913500 
90 0.945500 
91 0.956500 

1 0.913500 
2 0.573500 
3 -0.295500 
4 -1.083500 
5 -0.993500 
6 -0.431500 
7 0.051500 
8 0.440500 
9 0.725500 
10 0.898500 
11 0.956500 
12 0.925500 
13 0.831500 
14 0.677500 
15 0.465500 
16 0.200500 
17 -0.110500 
18 -0.454500 
19 -0.802500 
20 -1.078500 
21 -1.124500 
22 -0.896500 
23 -0.558500 
24 -0.212500 
25 0.103500 
26 0.378500 
27 0.605500 
28 0.782500 
29 0.908500 
30 0.984500 
31 1.009500 
32 0.993500 
33 0.948500 
34 0.876500 
35 0.784500 
36 0.682500 
37 0.578500 
38 0.483500 
39 0.407500 
40 0.358500 
41 0.341500 
42 0.297500 
43 0.118500 
44 -0.260500 
45 0.081500 
46 0.166500 
47 0.023500 
48 -0.109500 
49 0.383500 
50 0.775500 
51 0.913500 
52 0.843500 
53 0.639500 
54 0.312500 
55 -0.113500 
56 -0.037500 
57 0.048500 
58 0.098500 
59 0.080500 
60 0.037500 
61 0.045500 
62 0.129500 
63 0.265500 
64 0.419500 
65 0.568500 
66 0.701500 
67 0.811500 
68 0.898500 
69 0.960500 
70 0.997500 
71 1.009500 
72 0.984500 
73 0.908500 
74 0.782500 
75 0.605500 
76 0.378500 
77 0.103500 
78 -0.212500 
79 -0.558500 
80 -0.896500 
81 -1.124500 
82 -1.078500 
83 -0.802500 
84 -0.454500 
85 -0.110500 
86 0.200500 
87 0.465500 
88 0.677500 
89 0.831500 
90 0.925500 
91 0.956500 

1 -0.315500 
2 -0.439500 
3 -0.903500 
4 -1.616500 
5 -0.993500 
6 -0.431500 
7 0.051500 
8 0.440500 
9 0.725500 
10 0.898500 
11 0.956500 
12 0.925500 
13 0.831500 
14 0.677500 
15 0.465500 
16 0.200500 
17 -0.110500 
18 -0.454500 
19 -0.802500 
20 -1.078500 
21 -1.124500 
22 -0.896500 
23 -0.558500 
24 -0.212500 
25 0.103500 
26 0.378500 
27 0.605500 
28 0.782500 
29 0.908500 
30 0.984500 
31 1.009500 
32 0.957500 
33 0.799500 
34 0.534500 
35 0.177500 
36 -0.234500 
37 -0.647500 
38 -1.005500 
39 -1.269500 
40 -1.425500 
41 -1.476500 
42 -1.278500 
43 -0.864500 
44 -0.392500 
45 -0.826500 
46 -1.532500 
47 -0.877500 
48 -0.198500 
49 -0.218500 
50 -0.290500 
51 -0.315500 
52 -0.302500 
53 -0.265500 
54 -0.205500 
55 -0.127500 
56 -0.608500 
57 -1.131500 
58 -1.638500 
59 -1.933500 
60 -1.503500 
61 -1.094500 
62 -0.711500 
63 -0.359500 
64 -0.042500 
65 0.234500 
66 0.471500 
67 0.666500 
68 0.816500 
69 0.924500 
70 0.988500 
71 1.009500 
72 0.984500 
73 0.908500 
74 0.782500 
75 0.605500 
76 0.378500 
77 0.103500 
78 -0.212500 
79 -0.558500 
80 -0.896500 
81 -1.124500 
82 -1.078500 
83 -0.802500 
84 -0.454500 
85 -0.110500 
86 0.200500 
87 0.465500 
88 0.677500 
89 0.831500 
90 0.925500 
91 0.956500 

1 -3.200500 
2 -2.878500 
3 -2.267500 
4 -1.616500 
5 -1.847500 
6 -2.765500 
7 -3.841500 
8 -5.046500 
9 -6.314500 
10 -7.484500 
11 -8.063500 
12 -7.835500 
13 -7.283500 
14 -6.589500 
15 -5.854500 
16 -5.124500 
17 -4.424500 
18 -3.777500 
19 -3.213500 
20 -2.803500 
21 -2.702500 
22 -2.945500 
23 -3.241500 
24 -3.292500 
25 -3.458500 
26 -3.708500 
27 -4.009500 
28 -4.330500 
29 -4.635500 
30 -4.870500 
31 -4.964500 
32 -4.860500 
33 -4.589500 
34 -4.225500 
35 -3.830500 
36 -3.448500 
37 -3.114500 
38 -2.853500 
39 -2.680500 
40 -2.593500 
41 -2.572500 
42 -2.586500 
43 -2.629500 
44 -2.697500 
45 -2.180500 
46 -1.560500 
47 -2.322500 
48 -3.066500 
49 -3.138500 
50 -3.184500 
51 -3.200500 
52 -3.212500 
53 -3.249500 
54 -3.313500 
55 -3.411500 
56 -3.256500 
57 -2.821500 
58 -2.376500 
59 -2.091500 
60 -2.475500 
61 -2.713500 
62 -2.896500 
63 -3.184500 
64 -3.528500 
65 -3.854500 
66 -4.103500 
67 -4.346500 
68 -4.574500 
69 -4.771500 
70 -4.912500 
71 -4.964500 
72 -4.870500 
73 -4.635500 
74 -4.330500 
75 -4.009500 
76 -3.708500 
77 -3.458500 
78 -3.292500 
79 -3.241500 
80 -2.945500 
81 -2.702500 
82 -2.803500 
83 -3.213500 
84 -3.777500 
85 -4.424500 
86 -5.124500 
87 -5.854500 
88 -6.589500 
89 -7.283500 
90 -7.835500 
91 -8.063500 

1 -3.200500 
2 -2.878500 
3 -2.267500 
4 -2.139500 
5 -3.823500 
6 -5.479500 
7 -6.861500 
8 -7.694500 
9 -7.901500 
10 -8.023500 
11 -8.063500 
12 -7.835500 
13 -7.283500 
14 -6.589500 
15 -5.854500 
16 -5.124500 
17 -4.424500 
18 -3.777500 
19 -3.213500 
20 -2.803500 
21 -2.702500 
22 -2.945500 
23 -3.357500 
24 -3.820500 
25 -4.279500 
26 -4.694500 
27 -5.018500 
28 -5.172500 
29 -5.124500 
30 -5.012500 
31 -4.964500 
32 -4.860500 
33 -4.589500 
34 -4.225500 
35 -3.830500 
36 -3.448500 
37 -3.114500 
38 -2.853500 
39 -2.680500 
40 -2.593500 
41 -2.572500 
42 -2.738500 
43 -3.061500 
44 -2.698500 
45 -2.783500 
46 -2.880500 
47 -2.977500 
48 -3.127500 
49 -3.481500 
50 -3.270500 
51 -3.200500 
52 -3.215500 
53 -3.260500 
54 -3.335500 
55 -3.438500 
56 -3.552500 
57 -3.301500 
58 -3.011500 
59 -2.787500 
60 -2.676500 
61 -2.799500 
62 -3.084500 
63 -3.348500 
64 -3.603500 
65 -3.886500 
66 -4.222500 
67 -4.509500 
68 -4.726500 
69 -4.867500 
70 -4.941500 
71 -4.964500 
72 -5.012500 
73 -5.124500 
74 -5.172500 
75 -5.018500 
76 -4.694500 
77 -4.279500 
78 -3.820500 
79 -3.357500 
80 -2.945500 
81 -2.702500 
82 -2.803500 
83 -3.213500 
84 -3.777500 
85 -4.424500 
86 -5.124500 
87 -5.854500 
88 -6.589500 
89 -7.283500 
90 -7.835500 
91 -8.063500 

1 -4.566500 
2 -4.874500 
3 -5.442500 
4 -6.024500 
5 -6.559500 
6 -7.021500 
7 -7.401500 
8 -7.694500 
9 -7.901500 
10 -8.023500 
11 -8.063500 
12 -7.980500 
13 -7.736500 
14 -7.355500 
15 -6.867500 
16 -6.305500 
17 -5.700500 
18 -5.086500 
19 -4.500500 
20 -3.985500 
21 -3.586500 
22 -3.334500 
23 -3.357500 
24 -3.820500 
25 -4.279500 
26 -4.694500 
27 -5.018500 
28 -5.172500 
29 -5.124500 
30 -5.012500 
31 -4.964500 
32 -5.180500 
33 -5.796500 
34 -6.081500 
35 -5.777500 
36 -5.353500 
37 -4.851500 
38 -4.335500 
39 -3.876500 
40 -3.550500 
41 -3.428500 
42 -3.343500 
43 -3.093500 
44 -3.396500 
45 -3.700500 
46 -3.963500 
47 -4.179500 
48 -3.831500 
49 -3.852500 
50 -4.373500 
51 -4.566500 
52 -4.501500 
53 -4.313500 
54 -4.026500 
55 -3.665500 
56 -3.570500 
57 -3.727500 
58 -3.909500 
59 -4.112500 
60 -4.334500 
61 -4.570500 
62 -4.816500 
63 -5.065500 
64 -5.310500 
65 -5.546500 
66 -5.763500 
67 -5.954500 
68 -5.636500 
69 -5.269500 
70 -5.041500 
71 -4.964500 
72 -5.012500 
73 -5.124500 
74 -5.172500 
75 -5.018500 
76 -4.694500 
77 -4.279500 
78 -3.820500 
79 -3.357500 
80 -3.334500 
81 -3.586500 
82 -3.985500 
83 -4.500500 
84 -5.086500 
85 -5.700500 
86 -6.305500 
87 -6.867500 
88 -7.355500 
89 -7.736500 
90 -7.980500 
91 -8.063500 

1 -4.566500 
2 -4.874500 
3 -5.442500 
4 -6.024500 
5 -6.559500 
6 -7.021500 
7 -7.401500 
8 -7.864500 
9 -8.503500 
10 -8.846500 
11 -8.950500 
12 -8.876500 
13 -8.659500 
14 -8.321500 
15 -7.896500 
16 -7.430500 
17 -6.976500 
18 -6.584500 
19 -6.292500 
20 -6.118500 
21 -6.061500 
22 -6.103500 
23 -6.211500 
24 -6.347500 
25 -6.475500 
26 -6.564500 
27 -6.594500 
28 -6.347500 
29 -6.266500 
30 -6.304500 
31 -6.328500 
32 -6.318500 
33 -6.253500 
34 -6.081500 
35 -5.777500 
36 -5.353500 
37 -4.851500 
38 -4.335500 
39 -3.876500 
40 -3.550500 
41 -3.428500 
42 -3.750500 
43 -4.668500 
44 -6.052500 
45 -5.496500 
46 -4.888500 
47 -4.311500 
48 -4.348500 
49 -4.469500 
50 -4.542500 
51 -4.566500 
52 -4.521500 
53 -4.389500 
54 -4.182500 
55 -3.916500 
56 -3.613500 
57 -3.748500 
58 -4.012500 
59 -4.350500 
60 -4.747500 
61 -5.165500 
62 -5.564500 
63 -5.908500 
64 -6.177500 
65 -6.362500 
66 -6.466500 
67 -6.125500 
68 -6.112500 
69 -6.230500 
70 -6.303500 
71 -6.328500 
72 -6.304500 
73 -6.266500 
74 -6.347500 
75 -6.594500 
76 -6.564500 
77 -6.475500 
78 -6.347500 
79 -6.211500 
80 -6.103500 
81 -6.061500 
82 -6.118500 
83 -6.292500 
84 -6.584500 
85 -6.976500 
86 -7.430500 
87 -7.896500 
88 -8.321500 
89 -8.659500 
90 -8.876500 
91 -8.950500 

1 -10.769500 
2 -10.780500 
3 -10.815500 
4 -10.870500 
5 -10.940500 
6 -11.017500 
7 -11.096500 
8 -11.167500 
9 -11.225500 
10 -11.262500 
11 -11.274500 
12 -11.473500 
13 -11.931500 
14 -12.446500 
15 -12.890500 
16 -13.187500 
17 -13.286500 
18 -13.160500 
19 -12.803500 
20 -12.235500 
21 -11.498500 
22 -10.647500 
23 -9.742500 
24 -8.843500 
25 -8.003500 
26 -7.267500 
27 -6.690500 
28 -6.347500 
29 -6.266500 
30 -6.304500 
31 -6.328500 
32 -6.318500 
33 -6.253500 
34 -6.431500 
35 -6.502500 
36 -6.581500 
37 -6.661500 
38 -6.734500 
39 -6.793500 
40 -6.830500 
41 -6.844500 
42 -6.753500 
43 -6.485500 
44 -6.054500 
45 -7.708500 
46 -9.343500 
47 -10.537500 
48 -10.966500 
49 -10.949500 
50 -10.828500 
51 -10.769500 
52 -10.800500 
53 -10.884500 
54 -10.994500 
55 -11.094500 
56 -11.148500 
57 -11.125500 
58 -11.002500 
59 -10.636500 
60 -9.824500 
61 -9.066500 
62 -8.386500 
63 -7.801500 
64 -7.317500 
65 -6.936500 
66 -6.655500 
67 -6.469500 
68 -6.368500 
69 -6.330500 
70 -6.326500 
71 -6.328500 
72 -6.304500 
73 -6.266500 
74 -6.347500 
75 -6.690500 
76 -7.267500 
77 -8.003500 
78 -8.843500 
79 -9.742500 
80 -10.647500 
81 -11.498500 
82 -12.235500 
83 -12.803500 
84 -13.160500 
85 -13.286500 
86 -13.187500 
87 -12.890500 
88 -12.446500 
89 -11.931500 
90 -11.473500 
91 -11.274500 

1 -15.009500 
2 -14.990500 
3 -14.934500 
4 -14.835500 
5 -14.680500 
6 -14.437500 
7 -14.048500 
8 -13.456500 
9 -12.651500 
10 -11.760500 
11 -11.274500 
12 -11.473500 
13 -11.931500 
14 -12.446500 
15 -12.890500 
16 -13.187500 
17 -13.286500 
18 -13.160500 
19 -12.803500 
20 -12.235500 
21 -11.498500 
22 -10.647500 
23 -9.742500 
24 -8.843500 
25 -8.003500 
26 -7.267500 
27 -6.690500 
28 -6.560500 
29 -6.474500 
30 -6.375500 
31 -6.328500 
32 -6.340500 
33 -6.375500 
34 -6.724500 
35 -7.845500 
36 -9.028500 
37 -10.156500 
38 -11.136500 
39 -11.896500 
40 -12.379500 
41 -12.545500 
42 -12.539500 
43 -12.524500 
44 -12.501500 
45 -12.486500 
46 -12.539500 
47 -12.853500 
48 -13.584500 
49 -14.346500 
50 -14.842500 
51 -15.009500 
52 -14.926500 
53 -14.679500 
54 -14.274500 
55 -13.725500 
56 -13.053500 
57 -12.289500 
58 -11.471500 
59 -10.765500 
60 -10.408500 
61 -9.937500 
62 -9.368500 
63 -8.728500 
64 -8.047500 
65 -7.363500 
66 -6.710500 
67 -6.498500 
68 -6.472500 
69 -6.414500 
70 -6.354500 
71 -6.328500 
72 -6.375500 
73 -6.474500 
74 -6.560500 
75 -6.690500 
76 -7.267500 
77 -8.003500 
78 -8.843500 
79 -9.742500 
80 -10.647500 
81 -11.498500 
82 -12.235500 
83 -12.803500 
84 -13.160500 
85 -13.286500 
86 -13.187500 
87 -12.890500 
88 -12.446500 
89 -11.931500 
90 -11.473500 
91 -11.274500 

