21 24.980400 
22 24.935700 
23 24.889600 
24 24.843400 
25 24.798700 
26 24.757000 
27 24.719900 
28 24.689100 
29 24.665900 
30 24.651600 
31 24.646600 
32 24.666900 
33 24.725200 
34 24.814800 
35 24.925700 
62 24.960900 
63 24.908000 
64 24.856100 
65 24.806900 
66 24.761900 
67 24.722600 
68 24.690400 
69 24.666400 
70 24.651700 
71 24.646600 
72 24.651600 
73 24.665900 
74 24.689100 
75 24.719900 
76 24.757000 
77 24.798700 
78 24.843400 
79 24.889600 
80 24.935700 
81 24.980400 

20 24.992000 
21 24.948000 
22 24.903200 
23 24.858700 
24 24.815600 
25 24.775300 
26 24.738700 
27 24.707000 
28 24.681300 
29 24.662300 
30 24.650600 
31 24.646600 
32 24.645000 
33 24.640100 
34 24.632400 
35 24.622800 
36 24.612000 
37 24.601300 
38 24.591600 
39 24.583800 
40 24.578800 
41 24.577100 
42 24.596300 
43 24.651600 
44 24.736700 
45 24.842100 
46 24.956700 
61 24.989800 
62 24.937500 
63 24.886100 
64 24.836700 
65 24.790800 
66 24.749500 
67 24.713900 
68 24.685200 
69 24.664000 
70 24.651000 
71 24.646600 
72 24.650600 
73 24.662300 
74 24.681300 
75 24.707000 
76 24.738700 
77 24.775300 
78 24.815600 
79 24.858700 
80 24.903200 
81 24.948000 
82 24.992000 

1 24.511200 
2 24.529400 
3 24.582200 
4 24.663400 
5 24.764200 
6 24.873800 
7 24.981600 
20 24.992000 
21 24.948000 
22 24.903200 
23 24.858700 
24 24.815600 
25 24.775300 
26 24.738700 
27 24.707000 
28 24.681300 
29 24.662300 
30 24.650600 
31 24.646600 
32 24.645000 
33 24.640100 
34 24.632400 
35 24.622800 
36 24.612000 
37 24.601300 
38 24.591600 
39 24.583800 
40 24.578800 
41 24.577100 
42 24.575500 
43 24.570900 
44 24.563600 
45 24.554500 
46 24.544300 
47 24.534100 
48 24.524800 
49 24.517500 
50 24.512800 
51 24.511200 
52 24.512000 
53 24.514400 
54 24.518400 
55 24.523900 
56 24.530700 
57 24.538700 
58 24.547700 
59 24.557400 
60 24.567700 
61 24.578300 
62 24.588900 
63 24.599300 
64 24.609200 
65 24.618400 
66 24.626500 
67 24.633500 
68 24.639200 
69 24.643300 
70 24.645800 
71 24.646600 
72 24.650600 
73 24.662300 
74 24.681300 
75 24.707000 
76 24.738700 
77 24.775300 
78 24.815600 
79 24.858700 
80 24.903200 
81 24.948000 
82 24.992000 

1 2.017900 
2 1.992600 
3 1.917400 
4 1.795400 
5 1.631700 
6 1.435000 
7 1.218500 
8 1.001300 
9 0.810000 
10 0.675900 
11 0.627300 
12 0.642300 
13 0.684000 
14 0.744500 
15 0.816200 
16 0.896900 
17 0.993800 
18 1.125500 
19 1.320400 
20 1.603700 
21 1.979900 
22 2.426100 
23 2.906200 
24 3.385900 
25 3.838800 
26 4.245800 
27 4.593700 
28 4.872900 
29 5.076700 
30 5.200800 
31 5.242400 
32 5.187200 
33 5.025600 
34 4.769300 
35 4.435200 
36 4.043400 
37 3.615400 
38 3.176900 
39 2.765200 
40 2.445500 
41 2.318100 
42 2.251200 
43 2.059500 
44 1.769300 
45 1.421100 
46 1.104500 
47 1.404900 
48 1.661200 
49 1.855700 
50 1.976800 
51 2.017900 
52 1.997500 
53 1.938900 
54 1.852100 
55 1.759200 
56 1.706700 
57 1.759900 
58 1.945600 
59 2.228300 
60 2.564700 
61 2.925800 
62 3.292600 
63 3.650900 
64 3.990000 
65 4.300800 
66 4.576000 
67 4.809300 
68 4.995900 
69 5.131900 
70 5.214700 
71 5.242400 
72 5.200800 
73 5.076700 
74 4.872900 
75 4.593700 
76 4.245800 
77 3.838800 
78 3.385900 
79 2.906200 
80 2.426100 
81 1.979900 
82 1.603700 
83 1.320400 
84 1.125500 
85 0.993800 
86 0.896900 
87 0.816200 
88 0.744500 
89 0.684000 
90 0.642300 
91 0.627300 

1 0.019400 
2 -0.085800 
3 -0.398500 
4 -0.910800 
5 -1.150000 
6 -0.627200 
7 -0.186000 
8 0.165300 
9 0.420600 
10 0.575400 
11 0.627300 
12 0.599300 
13 0.515900 
14 0.378300 
15 0.189100 
16 -0.047400 
17 -0.323600 
18 -0.625700 
19 -0.924800 
20 -1.156800 
21 -1.213800 
22 -1.061000 
23 -0.795900 
24 -0.504000 
25 -0.224300 
26 0.025700 
27 0.237400 
28 0.405900 
29 0.528000 
30 0.601900 
31 0.626700 
32 0.609800 
33 0.560200 
34 0.480900 
35 0.377400 
36 0.257300 
37 0.131100 
38 0.011300 
39 -0.088300 
40 -0.100200 
41 -0.014300 
42 0.046300 
43 0.218800 
44 0.476900 
45 0.784500 
46 1.060300 
47 0.724000 
48 0.435800 
49 0.212300 
50 0.069000 
51 0.019400 
52 0.044300 
53 0.116200 
54 0.225900 
55 0.351100 
56 0.447100 
57 0.451100 
58 0.344300 
59 0.179200 
60 0.026200 
61 -0.059900 
62 -0.060600 
63 0.005300 
64 0.107600 
65 0.222600 
66 0.334700 
67 0.434600 
68 0.516600 
69 0.577200 
70 0.614200 
71 0.626700 
72 0.601900 
73 0.528000 
74 0.405900 
75 0.237400 
76 0.025700 
77 -0.224300 
78 -0.504000 
79 -0.795900 
80 -1.061000 
81 -1.213800 
82 -1.156800 
83 -0.924800 
84 -0.625700 
85 -0.323600 
86 -0.047400 
87 0.189100 
88 0.378300 
89 0.515900 
90 0.599300 
91 0.627300 

1 -3.800600 
2 -3.094200 
3 -2.397400 
4 -1.744300 
5 -1.150000 
6 -0.627200 
7 -0.186000 
8 0.165300 
9 0.420600 
10 0.575400 
11 0.627300 
12 0.599300 
13 0.515900 
14 0.378300 
15 0.189100 
16 -0.047400 
17 -0.323600 
18 -0.625700 
19 -0.924800 
20 -1.156800 
21 -1.213800 
22 -1.061000 
23 -0.795900 
24 -0.504000 
25 -0.224300 
26 0.025700 
27 0.237400 
28 0.405900 
29 0.528000 
30 0.601900 
31 0.626700 
32 0.578000 
33 0.436800 
34 0.220800 
35 -0.035200 
36 -0.273200 
37 -0.418800 
38 -0.417100 
39 -0.280200 
40 -0.154600 
41 -0.177900 
42 -0.225600 
43 -0.372200 
44 -0.627200 
45 -1.002300 
46 -1.499400 
47 -2.092900 
48 -2.718400 
49 -3.277900 
50 -3.663900 
51 -3.800600 
52 -3.760100 
53 -3.642400 
54 -3.454700 
55 -3.208900 
56 -2.918600 
57 -2.597200 
58 -2.257400 
59 -1.910000 
60 -1.564100 
61 -1.227600 
62 -0.906700 
63 -0.606800 
64 -0.332400 
65 -0.087300 
66 0.125400 
67 0.303000 
68 0.443400 
69 0.544900 
70 0.606200 
71 0.626700 
72 0.601900 
73 0.528000 
74 0.405900 
75 0.237400 
76 0.025700 
77 -0.224300 
78 -0.504000 
79 -0.795900 
80 -1.061000 
81 -1.213800 
82 -1.156800 
83 -0.924800 
84 -0.625700 
85 -0.323600 
86 -0.047400 
87 0.189100 
88 0.378300 
89 0.515900 
90 0.599300 
91 0.627300 

1 -3.800600 
2 -3.094200 
3 -2.397400 
4 -1.744300 
5 -1.610000 
6 -2.478900 
7 -3.497100 
8 -4.638500 
9 -5.868500 
10 -5.808400 
11 -5.694700 
12 -5.780400 
13 -6.031700 
14 -6.258500 
15 -5.597800 
16 -4.968500 
17 -4.378900 
18 -3.842800 
19 -3.346300 
20 -3.026100 
21 -2.911200 
22 -2.984100 
23 -3.210500 
24 -3.554100 
25 -3.981900 
26 -4.462200 
27 -4.959800 
28 -5.431900 
29 -5.827100 
30 -6.091800 
31 -6.185200 
32 -6.050900 
33 -5.704600 
34 -5.251600 
35 -4.773900 
36 -4.322200 
37 -3.926000 
38 -3.603600 
39 -3.366500 
40 -3.221500 
41 -3.172800 
42 -3.175100 
43 -3.188600 
44 -3.225600 
45 -3.292600 
46 -3.386800 
47 -3.497800 
48 -3.611000 
49 -3.709400 
50 -3.776600 
51 -3.800600 
52 -3.760300 
53 -3.644500 
54 -3.468700 
55 -3.253100 
56 -3.019900 
57 -2.792400 
58 -2.596800 
59 -2.465800 
60 -2.440100 
61 -2.556400 
62 -2.821500 
63 -3.206600 
64 -3.670500 
65 -4.174600 
66 -4.684600 
67 -5.166600 
68 -5.586200 
69 -5.910900 
70 -6.115500 
71 -6.185200 
72 -6.091800 
73 -5.827100 
74 -5.431900 
75 -4.959800 
76 -4.462200 
77 -3.981900 
78 -3.554100 
79 -3.210500 
80 -2.984100 
81 -2.911200 
82 -3.026100 
83 -3.346300 
84 -3.842800 
85 -4.378900 
86 -4.968500 
87 -5.597800 
88 -6.258500 
89 -6.031700 
90 -5.780400 
91 -5.694700 

1 -3.833200 
2 -4.545000 
3 -5.256200 
4 -5.929500 
5 -6.545600 
6 -7.089700 
7 -7.311100 
8 -6.649800 
9 -6.136900 
10 -7.136700 
11 -8.314900 
12 -7.647500 
13 -6.944000 
14 -6.258500 
15 -5.597800 
16 -4.968500 
17 -4.378900 
18 -3.842800 
19 -3.387500 
20 -3.074500 
21 -3.007300 
22 -3.214700 
23 -3.590700 
24 -4.038500 
25 -4.505200 
26 -4.956700 
27 -5.366000 
28 -5.709900 
29 -5.969400 
30 -6.130500 
31 -6.185200 
32 -6.050900 
33 -5.704600 
34 -5.251600 
35 -4.773900 
36 -4.322200 
37 -3.926000 
38 -3.603600 
39 -3.366500 
40 -3.221500 
41 -3.172800 
42 -3.187100 
43 -3.229000 
44 -3.295700 
45 -3.382300 
46 -3.481700 
47 -3.585100 
48 -3.682200 
49 -3.762100 
50 -3.814800 
51 -3.833200 
52 -3.836400 
53 -3.846300 
54 -3.863900 
55 -3.891500 
56 -3.931200 
57 -3.985600 
58 -4.057100 
59 -4.148100 
60 -4.260300 
61 -4.394900 
62 -4.552500 
63 -4.732500 
64 -4.933200 
65 -5.151000 
66 -5.380000 
67 -5.610600 
68 -5.828400 
69 -6.013000 
70 -6.139600 
71 -6.185200 
72 -6.130500 
73 -5.969400 
74 -5.709900 
75 -5.366000 
76 -4.956700 
77 -4.505200 
78 -4.038500 
79 -3.590700 
80 -3.214700 
81 -3.007300 
82 -3.074500 
83 -3.387500 
84 -3.842800 
85 -4.378900 
86 -4.968500 
87 -5.597800 
88 -6.258500 
89 -6.944000 
90 -7.647500 
91 -8.314900 

1 -3.833200 
2 -4.545000 
3 -5.256200 
4 -5.929500 
5 -6.545600 
6 -7.089700 
7 -7.550700 
8 -7.920600 
9 -8.192200 
10 -8.309300 
11 -8.314900 
12 -7.647500 
13 -6.944000 
14 -6.433700 
15 -6.112200 
16 -5.291100 
17 -4.523000 
18 -3.858400 
19 -3.387500 
20 -3.074500 
21 -3.007300 
22 -3.214700 
23 -3.590700 
24 -4.038500 
25 -4.505200 
26 -4.956700 
27 -5.366000 
28 -5.709900 
29 -5.969400 
30 -6.130500 
31 -6.185200 
32 -6.192800 
33 -6.215100 
34 -6.250200 
35 -6.295100 
36 -6.345700 
37 -6.397100 
38 -6.444300 
39 -6.482400 
40 -6.507000 
41 -6.515600 
42 -6.414900 
43 -6.142100 
44 -5.761800 
45 -5.339700 
46 -4.925900 
47 -4.554500 
48 -4.247900 
49 -4.020200 
50 -3.880400 
51 -3.833200 
52 -3.844400 
53 -3.877900 
54 -3.933200 
55 -4.009900 
56 -4.107000 
57 -4.223300 
58 -4.357600 
59 -4.507700 
60 -4.671400 
61 -4.846000 
62 -5.028000 
63 -5.213600 
64 -5.398200 
65 -5.576600 
66 -5.742800 
67 -5.890700 
68 -6.014200 
69 -6.107400 
70 -6.165400 
71 -6.185200 
72 -6.130500 
73 -5.969400 
74 -5.709900 
75 -5.366000 
76 -4.956700 
77 -4.505200 
78 -4.038500 
79 -3.590700 
80 -3.214700 
81 -3.007300 
82 -3.074500 
83 -3.387500 
84 -3.858400 
85 -4.523000 
86 -5.291100 
87 -6.112200 
88 -6.433700 
89 -6.944000 
90 -7.647500 
91 -8.314900 

1 -8.091200 
2 -8.096500 
3 -8.111900 
4 -8.136000 
5 -8.166700 
6 -8.086500 
7 -7.550700 
8 -7.920600 
9 -8.192200 
10 -8.358700 
11 -8.414900 
12 -8.209500 
13 -7.667300 
14 -6.930100 
15 -6.965800 
16 -7.602000 
17 -8.311600 
18 -9.051400 
19 -9.755300 
20 -10.328900 
21 -10.685300 
22 -10.819300 
23 -10.803100 
24 -10.714500 
25 -10.607800 
26 -10.518200 
27 -10.469700 
28 -10.478500 
29 -10.546200 
30 -10.639900 
31 -10.686900 
32 -10.380400 
33 -9.690500 
34 -8.917700 
35 -8.227100 
36 -7.726900 
37 -7.505500 
38 -7.609200 
39 -7.989100 
40 -8.460900 
41 -8.693600 
42 -8.693400 
43 -8.690800 
44 -8.678700 
45 -8.644500 
46 -8.572100 
47 -8.452100 
48 -8.303500 
49 -8.176100 
50 -8.108300 
51 -8.091200 
52 -8.098700 
53 -8.123000 
54 -8.166900 
55 -8.234900 
56 -8.328900 
57 -8.449800 
58 -8.596600 
59 -8.767100 
60 -8.957900 
61 -9.165000 
62 -9.383000 
63 -9.605700 
64 -9.825700 
65 -9.919700 
66 -10.010800 
67 -10.132900 
68 -10.289600 
69 -10.467400 
70 -10.622600 
71 -10.686900 
72 -10.639900 
73 -10.546200 
74 -10.478500 
75 -10.469700 
76 -10.518200 
77 -10.607800 
78 -10.714500 
79 -10.803100 
80 -10.819300 
81 -10.685300 
82 -10.328900 
83 -9.755300 
84 -9.051400 
85 -8.311600 
86 -7.602000 
87 -6.965800 
88 -6.930100 
89 -7.667300 
90 -8.209500 
91 -8.414900 

1 -11.036400 
2 -11.040900 
3 -10.718800 
4 -9.841300 
5 -8.943000 
6 -8.201100 
7 -8.235800 
8 -8.267400 
9 -8.292800 
10 -8.358700 
11 -8.414900 
12 -9.084300 
13 -9.790200 
14 -10.467300 
15 -11.088100 
16 -11.615400 
22 -11.943400 
23 -11.747100 
24 -11.546500 
25 -11.352000 
26 -11.171100 
27 -11.010100 
28 -10.875300 
29 -10.772900 
30 -10.708800 
31 -10.686900 
32 -10.843800 
33 -11.255800 
34 -11.811000 
37 -11.711500 
38 -11.121800 
39 -10.685400 
40 -10.416600 
41 -10.325700 
42 -10.454100 
43 -10.815900 
44 -11.350600 
45 -11.975600 
46 -11.607800 
47 -11.157000 
48 -10.919400 
49 -10.877800 
50 -10.966700 
51 -11.036400 
52 -10.991400 
53 -10.849100 
54 -10.635200 
55 -10.402600 
56 -10.189000 
57 -10.013900 
58 -9.884800 
59 -9.801600 
60 -9.759200 
61 -9.750200 
62 -9.766400 
63 -9.801400 
64 -9.851900 
65 -10.034800 
66 -10.224600 
67 -10.387600 
68 -10.517800 
69 -10.611800 
70 -10.668200 
71 -10.686900 
72 -10.708800 
73 -10.772900 
74 -10.875300 
75 -11.010100 
76 -11.171100 
77 -11.352000 
78 -11.546500 
79 -11.747100 
80 -11.943400 
86 -11.615400 
87 -11.088100 
88 -10.467300 
89 -9.790200 
90 -9.084300 
91 -8.414900 

1 -11.757900 
2 -11.446100 
3 -11.052000 
4 -11.063300 
5 -11.062800 
6 -11.029000 
7 -10.924200 
8 -10.684300 
9 -10.213400 
10 -9.432000 
11 -8.414900 
12 -9.084300 
13 -9.790200 
14 -10.467300 
15 -11.088100 
16 -11.615400 
22 -11.943400 
23 -11.747100 
24 -11.546500 
25 -11.352000 
26 -11.171100 
27 -11.010100 
28 -10.875300 
29 -10.772900 
30 -10.708800 
31 -10.686900 
32 -10.843800 
33 -11.255800 
34 -11.811000 
49 -11.987700 
50 -11.817800 
51 -11.757900 
52 -11.792800 
53 -11.927400 
67 -11.818300 
68 -11.358300 
69 -10.999200 
70 -10.767500 
71 -10.686900 
72 -10.708800 
73 -10.772900 
74 -10.875300 
75 -11.010100 
76 -11.171100 
77 -11.352000 
78 -11.546500 
79 -11.747100 
80 -11.943400 
86 -11.615400 
87 -11.088100 
88 -10.467300 
89 -9.790200 
90 -9.084300 
91 -8.414900 














