1 1.493300 
2 1.471800 
3 1.408000 
4 1.304700 
5 1.166700 
6 1.001700 
7 0.821300 
8 0.641900 
9 0.485500 
10 0.377000 
11 0.337900 
12 0.352000 
13 0.392400 
14 0.454500 
15 0.535400 
16 0.637700 
17 0.773100 
18 0.961800 
19 1.225200 
20 1.569700 
21 1.979000 
22 2.423000 
23 2.872100 
24 3.303000 
25 3.699200 
26 4.049100 
27 4.344400 
28 4.579500 
29 4.750200 
30 4.853600 
31 4.888300 
32 4.842200 
33 4.706700 
34 4.489400 
35 4.201900 
36 3.859200 
37 3.479200 
38 3.085100 
39 2.711600 
40 2.419600 
41 2.302800 
42 2.247600 
43 2.087600 
44 1.839100 
45 1.529400 
46 1.193400 
47 1.068600 
48 1.243600 
49 1.379000 
50 1.464200 
51 1.493300 
52 1.479000 
53 1.440000 
54 1.391500 
55 1.369400 
56 1.433700 
57 1.614100 
58 1.880300 
59 2.194000 
60 2.529800 
61 2.871400 
62 3.206700 
63 3.526700 
64 3.824000 
65 4.092700 
66 4.327800 
67 4.525400 
68 4.682400 
69 4.796200 
70 4.865100 
71 4.888300 
72 4.853600 
73 4.750200 
74 4.579500 
75 4.344400 
76 4.049100 
77 3.699200 
78 3.303000 
79 2.872100 
80 2.423000 
81 1.979000 
82 1.569700 
83 1.225200 
84 0.961800 
85 0.773100 
86 0.637700 
87 0.535400 
88 0.454500 
89 0.392400 
90 0.352000 
91 0.337900 

1 0.171600 
2 0.086600 
3 -0.166800 
4 -0.583500 
5 -1.068700 
6 -0.656300 
7 -0.307300 
8 -0.028900 
9 0.173700 
10 0.296600 
11 0.337900 
12 0.314700 
13 0.245800 
14 0.132400 
15 -0.022900 
16 -0.215600 
17 -0.438100 
18 -0.675700 
19 -0.897800 
20 -1.042900 
21 -1.035300 
22 -0.884400 
23 -0.668100 
24 -0.440000 
25 -0.225000 
26 -0.034400 
27 0.126200 
28 0.253500 
29 0.345600 
30 0.401200 
31 0.419900 
32 0.405800 
33 0.364700 
34 0.299300 
35 0.214100 
36 0.115800 
37 0.012900 
38 -0.084200 
39 -0.063800 
40 0.112600 
41 0.194600 
42 0.227800 
43 0.324500 
44 0.475200 
45 0.663800 
46 0.868900 
47 0.867600 
48 0.582700 
49 0.361200 
50 0.220200 
51 0.171600 
52 0.195800 
53 0.264200 
54 0.361400 
55 0.450000 
56 0.469500 
57 0.389900 
58 0.246000 
59 0.088500 
60 -0.038400 
61 -0.103800 
62 -0.102900 
63 -0.053100 
64 0.023500 
65 0.110000 
66 0.195000 
67 0.271400 
68 0.334400 
69 0.381300 
70 0.410100 
71 0.419900 
72 0.401200 
73 0.345600 
74 0.253500 
75 0.126200 
76 -0.034400 
77 -0.225000 
78 -0.440000 
79 -0.668100 
80 -0.884400 
81 -1.035300 
82 -1.042900 
83 -0.897800 
84 -0.675700 
85 -0.438100 
86 -0.215600 
87 -0.022900 
88 0.132400 
89 0.245800 
90 0.314700 
91 0.337900 

1 -3.015500 
2 -2.580500 
3 -2.045100 
4 -1.535500 
5 -1.068700 
6 -0.656300 
7 -0.307300 
8 -0.028900 
9 0.173700 
10 0.296600 
11 0.337900 
12 0.314700 
13 0.245800 
14 0.132400 
15 -0.022900 
16 -0.215600 
17 -0.438100 
18 -0.675700 
19 -0.897800 
20 -1.042900 
21 -1.035300 
22 -0.884400 
23 -0.668100 
24 -0.440000 
25 -0.225000 
26 -0.034400 
27 0.126200 
28 0.253500 
29 0.345600 
30 0.401200 
31 0.419900 
32 0.384500 
33 0.283400 
34 0.131600 
35 -0.041900 
36 -0.191500 
37 -0.261900 
38 -0.214700 
39 -0.164500 
40 -0.217800 
41 -0.236500 
42 -0.273000 
43 -0.384200 
44 -0.574000 
45 -0.848000 
46 -1.208700 
47 -1.644900 
48 -2.120300 
49 -2.567200 
50 -2.894300 
51 -3.015500 
52 -2.980800 
53 -2.879900 
54 -2.722000 
55 -2.519100 
56 -2.283700 
57 -2.027400 
58 -1.760000 
59 -1.489900 
60 -1.223500 
61 -0.966400 
62 -0.723000 
63 -0.497000 
64 -0.291300 
65 -0.108400 
66 0.049600 
67 0.181100 
68 0.284800 
69 0.359500 
70 0.404700 
71 0.419900 
72 0.401200 
73 0.345600 
74 0.253500 
75 0.126200 
76 -0.034400 
77 -0.225000 
78 -0.440000 
79 -0.668100 
80 -0.884400 
81 -1.035300 
82 -1.042900 
83 -0.897800 
84 -0.675700 
85 -0.438100 
86 -0.215600 
87 -0.022900 
88 0.132400 
89 0.245800 
90 0.314700 
91 0.337900 

1 -3.015500 
2 -2.580500 
3 -2.045100 
4 -1.535500 
5 -1.154900 
6 -1.869600 
7 -2.712700 
8 -3.664500 
9 -4.697000 
10 -5.696200 
11 -5.601500 
12 -5.672800 
13 -5.627900 
14 -5.068100 
15 -4.532000 
16 -4.025700 
17 -3.425200 
18 -2.928000 
19 -2.584400 
20 -2.411900 
21 -2.401000 
22 -2.525500 
23 -2.756100 
24 -3.066500 
25 -3.433000 
26 -3.831000 
27 -4.232100 
28 -4.602000 
29 -4.902700 
30 -5.099100 
31 -5.167100 
32 -5.067800 
33 -4.805900 
34 -4.455100 
35 -4.078700 
36 -3.718600 
37 -3.400300 
38 -3.140000 
39 -2.947900 
40 -2.830400 
41 -2.791000 
42 -2.781400 
43 -2.761100 
44 -2.747100 
45 -2.754000 
46 -2.786300 
47 -2.839000 
48 -2.901200 
49 -2.959400 
50 -3.000600 
51 -3.015500 
52 -2.981200 
53 -2.884800 
54 -2.742500 
55 -2.575200 
56 -2.403100 
57 -2.245600 
58 -2.123200 
59 -2.061100 
60 -2.088900 
61 -2.228500 
62 -2.477700 
63 -2.811500 
64 -3.198600 
65 -3.609800 
66 -4.017800 
67 -4.396000 
68 -4.718700 
69 -4.963800 
70 -5.115900 
71 -5.167100 
72 -5.099100 
73 -4.902700 
74 -4.602000 
75 -4.232100 
76 -3.831000 
77 -3.433000 
78 -3.066500 
79 -2.756100 
80 -2.525500 
81 -2.401000 
82 -2.411900 
83 -2.584400 
84 -2.928000 
85 -3.425200 
86 -4.025700 
87 -4.532000 
88 -5.068100 
89 -5.627900 
90 -5.672800 
91 -5.601500 

1 -3.305800 
2 -3.742600 
3 -4.283200 
4 -4.800700 
5 -5.277600 
6 -5.702300 
7 -6.065900 
8 -6.360500 
9 -5.970700 
10 -5.766100 
11 -6.758300 
12 -6.205500 
13 -5.627900 
14 -5.068100 
15 -4.532000 
16 -4.025700 
17 -3.557600 
18 -3.141600 
19 -2.806300 
20 -2.610200 
21 -2.624400 
22 -2.833000 
23 -3.150400 
24 -3.512300 
25 -3.882000 
26 -4.234400 
27 -4.549500 
28 -4.811100 
29 -5.006300 
30 -5.126700 
31 -5.167100 
32 -5.067800 
33 -4.805900 
34 -4.455100 
35 -4.078700 
36 -3.718600 
37 -3.400300 
38 -3.140000 
39 -2.947900 
40 -2.830400 
41 -2.791000 
42 -2.802300 
43 -2.835500 
44 -2.888200 
45 -2.956300 
46 -3.034100 
47 -3.114600 
48 -3.189900 
49 -3.251300 
50 -3.291700 
51 -3.305800 
52 -3.308600 
53 -3.317400 
54 -3.333100 
55 -3.357200 
56 -3.391200 
57 -3.437100 
58 -3.496700 
59 -3.571900 
60 -3.663800 
61 -3.773400 
62 -3.900800 
63 -4.045700 
64 -4.205900 
65 -4.378400 
66 -4.557900 
67 -4.736500 
68 -4.902600 
69 -5.040900 
70 -5.134200 
71 -5.167100 
72 -5.126700 
73 -5.006300 
74 -4.811100 
75 -4.549500 
76 -4.234400 
77 -3.882000 
78 -3.512300 
79 -3.150400 
80 -2.833000 
81 -2.624400 
82 -2.610200 
83 -2.806300 
84 -3.141600 
85 -3.557600 
86 -4.025700 
87 -4.532000 
88 -5.068100 
89 -5.627900 
90 -6.205500 
91 -6.758300 

1 -3.305800 
2 -3.742600 
3 -4.283200 
4 -4.800700 
5 -5.277600 
6 -5.702300 
7 -6.065900 
8 -6.360500 
9 -6.578500 
10 -6.712900 
11 -6.758300 
12 -6.205500 
13 -5.882100 
14 -5.422500 
15 -4.721100 
16 -4.038100 
17 -3.557600 
18 -3.141600 
19 -2.806300 
20 -2.610200 
21 -2.624400 
22 -2.833000 
23 -3.150400 
24 -3.512300 
25 -3.882000 
26 -4.234400 
27 -4.549500 
28 -4.811100 
29 -5.006300 
30 -5.126700 
31 -5.167100 
32 -5.173200 
33 -5.190400 
34 -5.217300 
35 -5.251600 
36 -5.290100 
37 -5.329200 
38 -5.365000 
39 -5.393700 
40 -5.412300 
41 -5.418800 
42 -5.342900 
43 -5.135200 
44 -4.841300 
45 -4.510700 
46 -4.182900 
47 -3.886400 
48 -3.640200 
49 -3.456800 
50 -3.343900 
51 -3.305800 
52 -3.314900 
53 -3.342300 
54 -3.387500 
55 -3.450100 
56 -3.529200 
57 -3.623700 
58 -3.732300 
59 -3.853600 
60 -3.985200 
61 -4.124800 
62 -4.269700 
63 -4.416500 
64 -4.561600 
65 -4.700700 
66 -4.829500 
67 -4.943400 
68 -5.037700 
69 -5.108500 
70 -5.152400 
71 -5.167100 
72 -5.126700 
73 -5.006300 
74 -4.811100 
75 -4.549500 
76 -4.234400 
77 -3.882000 
78 -3.512300 
79 -3.150400 
80 -2.833000 
81 -2.624400 
82 -2.610200 
83 -2.806300 
84 -3.141600 
85 -3.557600 
86 -4.038100 
87 -4.721100 
88 -5.422500 
89 -5.882100 
90 -6.205500 
91 -6.758300 

1 -6.667700 
2 -6.671700 
3 -6.683300 
4 -6.701500 
5 -6.724600 
6 -6.750500 
7 -6.776400 
8 -6.400600 
9 -6.578500 
10 -6.712900 
11 -6.758300 
12 -6.566900 
13 -6.073700 
14 -6.217500 
15 -6.659400 
16 -7.183700 
17 -7.757400 
18 -8.331900 
19 -8.835700 
20 -9.189200 
21 -9.358400 
22 -9.381700 
23 -9.323300 
24 -9.234900 
25 -9.151500 
26 -9.097800 
27 -9.092300 
28 -9.147400 
29 -9.259000 
30 -9.386300 
31 -9.446300 
32 -9.168800 
33 -8.546100 
34 -7.847800 
35 -7.216500 
36 -6.740500 
37 -6.486700 
38 -6.484600 
39 -6.688900 
40 -6.959300 
41 -7.088600 
42 -7.090500 
43 -7.095000 
44 -7.098300 
45 -7.093200 
46 -7.069000 
47 -7.013100 
48 -6.918700 
49 -6.802400 
50 -6.705300 
51 -6.667700 
52 -6.687000 
53 -6.743200 
54 -6.831900 
55 -6.948200 
56 -7.087300 
57 -7.245600 
58 -7.420100 
59 -7.608400 
60 -7.808000 
61 -8.015700 
62 -8.227700 
63 -8.439600 
64 -8.542700 
65 -8.613800 
66 -8.714500 
67 -8.851200 
68 -9.023900 
69 -9.215400 
70 -9.379100 
71 -9.446300 
72 -9.386300 
73 -9.259000 
74 -9.147400 
75 -9.092300 
76 -9.097800 
77 -9.151500 
78 -9.234900 
79 -9.323300 
80 -9.381700 
81 -9.358400 
82 -9.189200 
83 -8.835700 
84 -8.331900 
85 -7.757400 
86 -7.183700 
87 -6.659400 
88 -6.217500 
89 -6.073700 
90 -6.566900 
91 -6.758300 

1 -8.751200 
2 -8.755200 
3 -8.766600 
4 -8.781000 
5 -8.309400 
6 -7.602800 
7 -6.955200 
8 -6.800200 
9 -6.819200 
10 -6.831500 
11 -6.835700 
12 -7.392800 
13 -7.980700 
14 -8.549300 
15 -9.079000 
16 -9.544500 
17 -9.917700 
18 -10.176300 
19 -10.315800 
20 -10.352600 
21 -10.314400 
22 -10.228900 
23 -10.117600 
24 -9.995800 
25 -9.873700 
26 -9.758300 
27 -9.654800 
28 -9.567900 
29 -9.501900 
30 -9.460500 
31 -9.446300 
32 -9.570400 
33 -9.904300 
34 -10.369300 
35 -10.896000 
36 -11.435700 
37 -10.900100 
38 -10.394400 
39 -10.020900 
40 -9.791100 
41 -9.713600 
42 -9.810400 
43 -10.083700 
44 -10.486400 
45 -10.666300 
46 -9.996200 
47 -9.456100 
48 -9.076600 
49 -8.860400 
50 -8.770900 
51 -8.751200 
52 -8.758200 
53 -8.766300 
54 -8.751600 
55 -8.705500 
56 -8.639700 
57 -8.571500 
58 -8.514000 
59 -8.473700 
60 -8.452600 
61 -8.449900 
62 -8.464000 
63 -8.494300 
64 -8.645700 
65 -8.839800 
66 -9.015400 
67 -9.166300 
68 -9.287400 
69 -9.375400 
70 -9.428600 
71 -9.446300 
72 -9.460500 
73 -9.501900 
74 -9.567900 
75 -9.654800 
76 -9.758300 
77 -9.873700 
78 -9.995800 
79 -10.117600 
80 -10.228900 
81 -10.314400 
82 -10.352600 
83 -10.315800 
84 -10.176300 
85 -9.917700 
86 -9.544500 
87 -9.079000 
88 -8.549300 
89 -7.980700 
90 -7.392800 
91 -6.835700 

1 -10.416100 
2 -10.216600 
3 -9.704500 
4 -9.032000 
5 -8.790000 
6 -8.779800 
7 -8.725200 
8 -8.579400 
9 -8.259100 
10 -7.667200 
11 -6.835700 
12 -7.392800 
13 -7.980700 
14 -8.549300 
15 -9.079000 
16 -9.544500 
17 -9.917700 
18 -10.176300 
19 -10.315800 
20 -10.352600 
21 -10.314400 
22 -10.228900 
23 -10.117600 
24 -9.995800 
25 -9.873700 
26 -9.758300 
27 -9.654800 
28 -9.567900 
29 -9.501900 
30 -9.460500 
31 -9.446300 
32 -9.570400 
33 -9.904300 
34 -10.369300 
35 -10.896000 
36 -11.435700 
37 -11.954900 
41 -11.998900 
42 -11.983000 
43 -11.930400 
44 -11.422800 
45 -10.941800 
46 -11.211900 
47 -11.054800 
48 -10.815600 
49 -10.605800 
50 -10.465400 
51 -10.416100 
52 -10.442400 
53 -10.535200 
54 -10.716800 
55 -10.985300 
56 -11.304200 
57 -11.617300 
58 -11.872600 
64 -11.844000 
65 -11.300900 
66 -10.801400 
67 -10.357200 
68 -9.982300 
69 -9.693600 
70 -9.509700 
71 -9.446300 
72 -9.460500 
73 -9.501900 
74 -9.567900 
75 -9.654800 
76 -9.758300 
77 -9.873700 
78 -9.995800 
79 -10.117600 
80 -10.228900 
81 -10.314400 
82 -10.352600 
83 -10.315800 
84 -10.176300 
85 -9.917700 
86 -9.544500 
87 -9.079000 
88 -8.549300 
89 -7.980700 
90 -7.392800 
91 -6.835700 

10 -11.868300 
11 -11.631000 
12 -11.796500 
36 -11.524300 
37 -11.954900 
44 -11.831200 
45 -11.694800 
46 -11.708000 
90 -11.796500 
91 -11.631000 













