20 24.983200 
21 24.937900 
22 24.890000 
23 24.840700 
24 24.791100 
25 24.743000 
26 24.698100 
27 24.658100 
28 24.624700 
29 24.599700 
30 24.584100 
31 24.578900 
32 24.600700 
33 24.663600 
34 24.760100 
35 24.879500 
61 24.973600 
62 24.917300 
63 24.860400 
64 24.804700 
65 24.751800 
66 24.703300 
67 24.660900 
68 24.626100 
69 24.600200 
70 24.584200 
71 24.578900 
72 24.584100 
73 24.599700 
74 24.624700 
75 24.658100 
76 24.698100 
77 24.743000 
78 24.791100 
79 24.840700 
80 24.890000 
81 24.937900 
82 24.983200 

19 24.994300 
20 24.949300 
21 24.902300 
22 24.854300 
23 24.806600 
24 24.760400 
25 24.717100 
26 24.677900 
27 24.643800 
28 24.616100 
29 24.595600 
30 24.583100 
31 24.578900 
32 24.577000 
33 24.571700 
34 24.563500 
35 24.553100 
36 24.541500 
37 24.529900 
38 24.519400 
39 24.511000 
40 24.505600 
41 24.503800 
42 24.524400 
43 24.584000 
44 24.675400 
45 24.788700 
46 24.911700 
61 24.947600 
62 24.891500 
63 24.836200 
64 24.783200 
65 24.733900 
66 24.689400 
67 24.651200 
68 24.620300 
69 24.597500 
70 24.583600 
71 24.578900 
72 24.583100 
73 24.595600 
74 24.616100 
75 24.643800 
76 24.677900 
77 24.717100 
78 24.760400 
79 24.806600 
80 24.854300 
81 24.902300 
82 24.949300 
83 24.994300 

1 24.432500 
2 24.452200 
3 24.509000 
4 24.596300 
5 24.704400 
6 24.822000 
7 24.937400 
19 24.994300 
20 24.949300 
21 24.902300 
22 24.854300 
23 24.806600 
24 24.760400 
25 24.717100 
26 24.677900 
27 24.643800 
28 24.616100 
29 24.595600 
30 24.583100 
31 24.578900 
32 24.577000 
33 24.571700 
34 24.563500 
35 24.553100 
36 24.541500 
37 24.529900 
38 24.519400 
39 24.511000 
40 24.505600 
41 24.503800 
42 24.502000 
43 24.497000 
44 24.489200 
45 24.479400 
46 24.468400 
47 24.457300 
48 24.447400 
49 24.439400 
50 24.434300 
51 24.432500 
52 24.433400 
53 24.436100 
54 24.440400 
55 24.446300 
56 24.453700 
57 24.462300 
58 24.472000 
59 24.482600 
60 24.493700 
61 24.505100 
62 24.516600 
63 24.527700 
64 24.538400 
65 24.548300 
66 24.557100 
67 24.564700 
68 24.570700 
69 24.575200 
70 24.578000 
71 24.578900 
72 24.583100 
73 24.595600 
74 24.616100 
75 24.643800 
76 24.677900 
77 24.717100 
78 24.760400 
79 24.806600 
80 24.854300 
81 24.902300 
82 24.949300 
83 24.994300 

1 2.097600 
2 2.071800 
3 1.995100 
4 1.870400 
5 1.703000 
6 1.501700 
7 1.279900 
8 1.057200 
9 0.860800 
10 0.722900 
11 0.672900 
12 0.688000 
13 0.729500 
14 0.789600 
15 0.859600 
16 0.936800 
17 1.027600 
18 1.150500 
19 1.334200 
20 1.606400 
21 1.974900 
22 2.419100 
23 2.902300 
24 3.388600 
25 3.849700 
26 4.265400 
27 4.621400 
28 4.907500 
29 5.116600 
30 5.243900 
31 5.286700 
32 5.229900 
33 5.064300 
34 4.802000 
35 4.461100 
36 4.062200 
37 3.627600 
38 3.183300 
39 2.766800 
40 2.443600 
41 2.315100 
42 2.246300 
43 2.049800 
44 1.753500 
45 1.400500 
46 1.139200 
47 1.455500 
48 1.724500 
49 1.928200 
50 2.054800 
51 2.097600 
52 2.076400 
53 2.014900 
54 1.922600 
55 1.820700 
56 1.752800 
57 1.785700 
58 1.954900 
59 2.229400 
60 2.563600 
61 2.926300 
62 3.296700 
63 3.660300 
64 4.005300 
65 4.322400 
66 4.603600 
67 4.842500 
68 5.033700 
69 5.173300 
70 5.258200 
71 5.286700 
72 5.243900 
73 5.116600 
74 4.907500 
75 4.621400 
76 4.265400 
77 3.849700 
78 3.388600 
79 2.902300 
80 2.419100 
81 1.974900 
82 1.606400 
83 1.334200 
84 1.150500 
85 1.027600 
86 0.936800 
87 0.859600 
88 0.789600 
89 0.729500 
90 0.688000 
91 0.672900 

1 -0.004400 
2 -0.112800 
3 -0.434800 
4 -0.962200 
5 -1.161100 
6 -0.621400 
7 -0.166300 
8 0.196100 
9 0.459400 
10 0.619400 
11 0.672900 
12 0.644200 
13 0.558500 
14 0.417200 
15 0.222900 
16 -0.020000 
17 -0.304300 
18 -0.616100 
19 -0.927000 
20 -1.172800 
21 -1.241300 
22 -1.089500 
23 -0.816800 
24 -0.514600 
25 -0.224500 
26 0.035200 
27 0.255100 
28 0.430200 
29 0.557200 
30 0.634200 
31 0.660000 
32 0.642600 
33 0.591700 
34 0.510400 
35 0.404100 
36 0.280800 
37 0.151200 
38 0.028000 
39 -0.074500 
40 -0.141900 
41 -0.055800 
42 0.009900 
43 0.196200 
44 0.473000 
45 0.800500 
46 1.037500 
47 0.700800 
48 0.412800 
49 0.189100 
50 0.045500 
51 -0.004400 
52 0.020600 
53 0.093100 
54 0.204000 
55 0.333000 
56 0.437500 
57 0.454400 
58 0.356500 
59 0.192300 
60 0.036000 
61 -0.053200 
62 -0.054300 
63 0.014300 
64 0.120900 
65 0.240600 
66 0.357100 
67 0.460800 
68 0.545800 
69 0.608600 
70 0.647100 
71 0.660000 
72 0.634200 
73 0.557200 
74 0.430200 
75 0.255100 
76 0.035200 
77 -0.224500 
78 -0.514600 
79 -0.816800 
80 -1.089500 
81 -1.241300 
82 -1.172800 
83 -0.927000 
84 -0.616100 
85 -0.304300 
86 -0.020000 
87 0.222900 
88 0.417200 
89 0.558500 
90 0.644200 
91 0.672900 

1 -3.909500 
2 -3.170300 
3 -2.449800 
4 -1.774800 
5 -1.161100 
6 -0.621400 
7 -0.166300 
8 0.196100 
9 0.459400 
10 0.619400 
11 0.672900 
12 0.644200 
13 0.558500 
14 0.417200 
15 0.222900 
16 -0.020000 
17 -0.304300 
18 -0.616100 
19 -0.927000 
20 -1.172800 
21 -1.241300 
22 -1.089500 
23 -0.816800 
24 -0.514600 
25 -0.224500 
26 0.035200 
27 0.255100 
28 0.430200 
29 0.557200 
30 0.634200 
31 0.660000 
32 0.609000 
33 0.461200 
34 0.234200 
35 -0.035900 
36 -0.289200 
37 -0.448300 
38 -0.455200 
39 -0.321700 
40 -0.142800 
41 -0.166700 
42 -0.216300 
43 -0.368700 
44 -0.634800 
45 -1.027100 
46 -1.547300 
47 -2.166800 
48 -2.816400 
49 -3.393200 
50 -3.787900 
51 -3.909500 
52 -3.885400 
53 -3.765200 
54 -3.573100 
55 -3.320800 
56 -3.021900 
57 -2.690200 
58 -2.338800 
59 -1.979000 
60 -1.620300 
61 -1.270800 
62 -0.937300 
63 -0.625400 
64 -0.339800 
65 -0.084500 
66 0.137100 
67 0.322300 
68 0.468700 
69 0.574500 
70 0.638600 
71 0.660000 
72 0.634200 
73 0.557200 
74 0.430200 
75 0.255100 
76 0.035200 
77 -0.224500 
78 -0.514600 
79 -0.816800 
80 -1.089500 
81 -1.241300 
82 -1.172800 
83 -0.927000 
84 -0.616100 
85 -0.304300 
86 -0.020000 
87 0.222900 
88 0.417200 
89 0.558500 
90 0.644200 
91 0.672900 

1 -3.909500 
2 -3.170300 
3 -2.449800 
4 -1.774800 
5 -1.681300 
6 -2.574300 
7 -3.619400 
8 -4.789900 
9 -6.050300 
10 -5.824100 
11 -5.707700 
12 -5.795400 
13 -6.052800 
14 -6.443100 
15 -5.763300 
16 -5.114900 
17 -4.506500 
18 -3.951700 
19 -3.470400 
20 -3.126000 
21 -2.992700 
22 -3.055300 
23 -3.279100 
24 -3.626500 
25 -4.062700 
26 -4.554900 
27 -5.066800 
28 -5.554200 
29 -5.963800 
30 -6.239300 
31 -6.336500 
32 -6.197000 
33 -5.837500 
34 -5.368600 
35 -4.875500 
36 -4.409800 
37 -4.001800 
38 -3.669900 
39 -3.425900 
40 -3.276800 
41 -3.226700 
42 -3.231800 
43 -3.252600 
44 -3.299800 
45 -3.377700 
46 -3.482500 
47 -3.603300 
48 -3.724800 
49 -3.829800 
50 -3.890300 
51 -3.909500 
52 -3.885700 
53 -3.766800 
54 -3.585900 
55 -3.362800 
56 -3.120000 
57 -2.881200 
58 -2.673400 
59 -2.530400 
60 -2.494700 
61 -2.605700 
62 -2.871600 
63 -3.263700 
64 -3.738600 
65 -4.256600 
66 -4.781800 
67 -5.279600 
68 -5.714100 
69 -6.051200 
70 -6.264000 
71 -6.336500 
72 -6.239300 
73 -5.963800 
74 -5.554200 
75 -5.066800 
76 -4.554900 
77 -4.062700 
78 -3.626500 
79 -3.279100 
80 -3.055300 
81 -2.992700 
82 -3.126000 
83 -3.470400 
84 -3.951700 
85 -4.506500 
86 -5.114900 
87 -5.763300 
88 -6.443100 
89 -6.052800 
90 -5.795400 
91 -5.707700 

1 -3.926700 
2 -4.671900 
3 -5.409100 
4 -6.106800 
5 -6.745300 
6 -7.308500 
7 -7.361900 
8 -6.685300 
9 -6.160400 
10 -7.348300 
11 -8.538200 
12 -7.869400 
13 -7.147600 
14 -6.443100 
15 -5.763300 
16 -5.114900 
17 -4.506500 
18 -3.951700 
19 -3.477600 
20 -3.145700 
21 -3.063600 
22 -3.268900 
23 -3.652900 
24 -4.113700 
25 -4.595100 
26 -5.061800 
27 -5.485800 
28 -5.842600 
29 -6.112200 
30 -6.279700 
31 -6.336500 
32 -6.197000 
33 -5.837500 
34 -5.368600 
35 -4.875500 
36 -4.409800 
37 -4.001800 
38 -3.669900 
39 -3.425900 
40 -3.276800 
41 -3.226700 
42 -3.241500 
43 -3.284700 
44 -3.353500 
45 -3.442800 
46 -3.545400 
47 -3.652400 
48 -3.753000 
49 -3.835700 
50 -3.901300 
51 -3.926700 
52 -3.912600 
53 -3.922600 
54 -3.940600 
55 -3.968600 
56 -4.009200 
57 -4.064900 
58 -4.138300 
59 -4.231700 
60 -4.346900 
61 -4.485400 
62 -4.647600 
63 -4.833100 
64 -5.039900 
65 -5.264500 
66 -5.501000 
67 -5.739600 
68 -5.965400 
69 -6.157400 
70 -6.289100 
71 -6.336500 
72 -6.279700 
73 -6.112200 
74 -5.842600 
75 -5.485800 
76 -5.061800 
77 -4.595100 
78 -4.113700 
79 -3.652900 
80 -3.268900 
81 -3.063600 
82 -3.145700 
83 -3.477600 
84 -3.951700 
85 -4.506500 
86 -5.114900 
87 -5.763300 
88 -6.443100 
89 -7.147600 
90 -7.869400 
91 -8.538200 

1 -3.926700 
2 -4.671900 
3 -5.409100 
4 -6.106800 
5 -6.745300 
6 -7.308500 
7 -7.785200 
8 -8.167100 
9 -8.447100 
10 -8.532300 
11 -8.538200 
12 -7.869400 
13 -7.147600 
14 -6.464600 
15 -6.332000 
16 -5.489900 
17 -4.698400 
18 -4.008500 
19 -3.477600 
20 -3.145700 
21 -3.063600 
22 -3.268900 
23 -3.652900 
24 -4.113700 
25 -4.595100 
26 -5.061800 
27 -5.485800 
28 -5.842600 
29 -6.112200 
30 -6.279700 
31 -6.336500 
32 -6.344400 
33 -6.367600 
34 -6.404000 
35 -6.450600 
36 -6.503000 
37 -6.556400 
38 -6.605300 
39 -6.644800 
40 -6.670400 
41 -6.679200 
42 -6.574900 
43 -6.291800 
44 -5.898200 
45 -5.461900 
46 -5.034900 
47 -4.652100 
48 -4.336200 
49 -4.101800 
50 -3.957900 
51 -3.926700 
52 -3.921000 
53 -3.955400 
54 -4.012200 
55 -4.090900 
56 -4.190700 
57 -4.310400 
58 -4.448400 
59 -4.602800 
60 -4.771400 
61 -4.951300 
62 -5.139000 
63 -5.330600 
64 -5.521300 
65 -5.705700 
66 -5.877800 
67 -6.031100 
68 -6.159200 
69 -6.255800 
70 -6.316000 
71 -6.336500 
72 -6.279700 
73 -6.112200 
74 -5.842600 
75 -5.485800 
76 -5.061800 
77 -4.595100 
78 -4.113700 
79 -3.652900 
80 -3.268900 
81 -3.063600 
82 -3.145700 
83 -3.477600 
84 -4.008500 
85 -4.698400 
86 -5.489900 
87 -6.332000 
88 -6.464600 
89 -7.147600 
90 -7.869400 
91 -8.538200 

1 -8.305800 
2 -8.311300 
3 -8.327200 
4 -8.352300 
5 -8.384200 
6 -8.155600 
7 -7.785200 
8 -8.167100 
9 -8.447100 
10 -8.618700 
11 -8.676500 
12 -8.468600 
13 -7.918500 
14 -7.167800 
15 -7.009800 
16 -7.662000 
17 -8.390900 
18 -9.153700 
19 -9.885400 
20 -10.490700 
21 -10.876900 
22 -11.030500 
23 -11.022600 
24 -10.935200 
25 -10.825900 
26 -10.731400 
27 -10.676800 
28 -10.678700 
29 -10.739200 
30 -10.827500 
31 -10.872100 
32 -10.561300 
33 -9.861000 
34 -9.076600 
35 -8.376500 
36 -7.871800 
37 -7.654400 
38 -7.773500 
39 -8.180500 
40 -8.685100 
41 -8.935600 
42 -8.935100 
43 -8.930900 
44 -8.915600 
45 -8.875300 
46 -8.793400 
47 -8.662000 
48 -8.505700 
49 -8.379300 
50 -8.318500 
51 -8.305800 
52 -8.310900 
53 -8.328700 
54 -8.364400 
55 -8.423200 
56 -8.509200 
57 -8.623800 
58 -8.766100 
59 -8.933900 
60 -9.123800 
61 -9.331100 
62 -9.550600 
63 -9.775600 
64 -9.998300 
65 -10.114400 
66 -10.204700 
67 -10.325100 
68 -10.479400 
69 -10.654900 
70 -10.808400 
71 -10.872100 
72 -10.827500 
73 -10.739200 
74 -10.678700 
75 -10.676800 
76 -10.731400 
77 -10.825900 
78 -10.935200 
79 -11.022600 
80 -11.030500 
81 -10.876900 
82 -10.490700 
83 -9.885400 
84 -9.153700 
85 -8.390900 
86 -7.662000 
87 -7.009800 
88 -7.167800 
89 -7.918500 
90 -8.468600 
91 -8.676500 

1 -11.386700 
2 -11.390900 
3 -10.863200 
4 -9.956400 
5 -9.033400 
6 -8.419900 
7 -8.456200 
8 -8.489000 
9 -8.515300 
10 -8.618700 
11 -8.676500 
12 -9.346900 
13 -10.070000 
14 -10.763200 
15 -11.397100 
16 -11.932500 
23 -11.988500 
24 -11.776400 
25 -11.571400 
26 -11.381100 
27 -11.211800 
28 -11.070200 
29 -10.962600 
30 -10.895200 
31 -10.872100 
32 -11.034100 
33 -11.457900 
37 -11.829100 
38 -11.227100 
39 -10.781400 
40 -10.506900 
41 -10.414100 
42 -10.547100 
43 -10.922300 
44 -11.476700 
46 -11.847800 
47 -11.411200 
48 -11.194000 
49 -11.178100 
50 -11.298100 
51 -11.386700 
52 -11.329600 
53 -11.154600 
54 -10.905800 
55 -10.644900 
56 -10.410200 
57 -10.220300 
58 -10.081600 
59 -9.992900 
60 -9.948300 
61 -9.939400 
62 -9.957200 
63 -9.994100 
64 -10.046100 
65 -10.210400 
66 -10.403200 
67 -10.568600 
68 -10.700800 
69 -10.796000 
70 -10.853200 
71 -10.872100 
72 -10.895200 
73 -10.962600 
74 -11.070200 
75 -11.211800 
76 -11.381100 
77 -11.571400 
78 -11.776400 
79 -11.988500 
86 -11.932500 
87 -11.397100 
88 -10.763200 
89 -10.070000 
90 -9.346900 
91 -8.676500 

1 -11.953700 
2 -11.623000 
3 -11.401900 
4 -11.412700 
5 -11.410900 
6 -11.373100 
7 -11.260500 
8 -11.006400 
9 -10.513700 
10 -9.704600 
11 -8.676500 
12 -9.346900 
13 -10.070000 
14 -10.763200 
15 -11.397100 
16 -11.932500 
23 -11.988500 
24 -11.776400 
25 -11.571400 
26 -11.381100 
27 -11.211800 
28 -11.070200 
29 -10.962600 
30 -10.895200 
31 -10.872100 
32 -11.034100 
33 -11.457900 
51 -11.953700 
52 -11.990700 
68 -11.564300 
69 -11.194500 
70 -10.955400 
71 -10.872100 
72 -10.895200 
73 -10.962600 
74 -11.070200 
75 -11.211800 
76 -11.381100 
77 -11.571400 
78 -11.776400 
79 -11.988500 
86 -11.932500 
87 -11.397100 
88 -10.763200 
89 -10.070000 
90 -9.346900 
91 -8.676500 














