1 9.217700 
2 9.228400 
3 9.252400 
4 9.279100 
5 9.303600 
6 9.323800 
7 9.338400 
8 9.346300 
9 9.346900 
10 9.340400 
11 9.327600 
12 9.310700 
13 9.300900 
14 9.329700 
15 9.376400 
16 9.427400 
17 9.478200 
18 9.524800 
19 9.562400 
20 9.586800 
21 9.595300 
22 9.602000 
23 9.608600 
24 9.615200 
25 9.621700 
26 9.627900 
27 9.634000 
28 9.639800 
29 9.645400 
30 9.650700 
31 9.655600 
32 9.660100 
33 9.664300 
34 9.668000 
35 9.671300 
36 9.674100 
37 9.676300 
38 9.678200 
39 9.679500 
40 9.680300 
41 9.680500 
42 9.672000 
43 9.647200 
44 9.608500 
45 9.559700 
46 9.505200 
47 9.449800 
48 9.398400 
49 9.357700 
50 9.344300 
51 9.358600 
52 9.368000 
53 9.370300 
54 9.363700 
55 9.347200 
56 9.319700 
57 9.322600 
58 9.324400 
59 9.320400 
60 9.314100 
61 9.310800 
62 9.311900 
63 9.315400 
64 9.321200 
65 9.329200 
66 9.338900 
67 9.360900 
68 9.416800 
69 9.470900 
70 9.522800 
71 9.572000 
72 9.618000 
73 9.660400 
74 9.698700 
75 9.732700 
76 9.761900 
77 9.786200 
78 9.805400 
79 9.819200 
80 9.827500 
81 9.830300 
82 9.827000 
83 9.817000 
84 9.800700 
85 9.778500 
86 9.751000 
87 9.719100 
88 9.683600 
89 9.645900 
90 9.607600 
91 9.570800 
92 9.538400 
93 9.515000 
94 9.506800 
95 9.519200 
96 9.550000 
97 9.588800 
98 9.625800 
99 9.655300 
100 9.674100 
101 9.680500 
102 9.673900 
103 9.654300 
104 9.623500 
105 9.584600 
106 9.543800 
107 9.510700 
108 9.495600 
109 9.500700 
110 9.520600 
111 9.548700 
112 9.580900 
113 9.614100 
114 9.646400 
115 9.676300 
116 9.702500 
117 9.724300 
118 9.740800 
119 9.751600 
120 9.756200 
121 9.754400 

1 9.217700 
2 9.228400 
3 9.252400 
4 9.279100 
5 9.303600 
6 9.323800 
7 9.338400 
8 9.346300 
9 9.346900 
10 9.340400 
11 9.327600 
12 9.310700 
13 9.300900 
14 9.329700 
15 9.376400 
16 9.427400 
17 9.478200 
18 9.524800 
19 9.562400 
20 9.586800 
21 9.595300 
22 9.588600 
23 9.582000 
24 9.575500 
25 9.569000 
26 9.562800 
27 9.556800 
28 9.551000 
29 9.545500 
30 9.540300 
31 9.535500 
32 9.531000 
33 9.527000 
34 9.523300 
35 9.520200 
36 9.517500 
37 9.515200 
38 9.513500 
39 9.512300 
40 9.511500 
41 9.511300 
42 9.503400 
43 9.481100 
44 9.447900 
45 9.408600 
46 9.368600 
47 9.335700 
48 9.322200 
49 9.329400 
50 9.335300 
51 9.328900 
52 9.327500 
53 9.323400 
54 9.313000 
55 9.294300 
56 9.312300 
57 9.280800 
58 9.230500 
59 9.169200 
60 9.098400 
61 9.049000 
62 9.078800 
63 9.132700 
64 9.189200 
65 9.246500 
66 9.304000 
67 9.349700 
68 9.361300 
69 9.373200 
70 9.385000 
71 9.419500 
72 9.466800 
73 9.510700 
74 9.550700 
75 9.586300 
76 9.617000 
77 9.642600 
78 9.662800 
79 9.677300 
80 9.686100 
81 9.689100 
82 9.685700 
83 9.675700 
84 9.659300 
85 9.636800 
86 9.608900 
87 9.576300 
88 9.539900 
89 9.500700 
90 9.460200 
91 9.420300 
92 9.384100 
93 9.357900 
94 9.353000 
95 9.371300 
96 9.399900 
97 9.431600 
98 9.462500 
99 9.488300 
100 9.505300 
101 9.511300 
102 9.505600 
103 9.489300 
104 9.464500 
105 9.434800 
106 9.404200 
107 9.377900 
108 9.364200 
109 9.373700 
110 9.402600 
111 9.441300 
112 9.484300 
113 9.528400 
114 9.571600 
115 9.612500 
116 9.649800 
117 9.682500 
118 9.709800 
119 9.731100 
120 9.746000 
121 9.754400 

1 9.096200 
2 9.099700 
3 9.122000 
4 9.159800 
5 9.194400 
6 9.218200 
7 9.229900 
8 9.231200 
9 9.225700 
10 9.219900 
11 9.222700 
12 9.239900 
13 9.260500 
14 9.249300 
15 9.224700 
16 9.199000 
17 9.175000 
18 9.154600 
19 9.139100 
20 9.129300 
21 9.126000 
22 9.127300 
23 9.128500 
24 9.129700 
25 9.130700 
26 9.131500 
27 9.132300 
28 9.133000 
29 9.133600 
30 9.134000 
31 9.134400 
32 9.134700 
33 9.134900 
34 9.135000 
35 9.135100 
36 9.135200 
37 9.135200 
38 9.135200 
39 9.135200 
40 9.135200 
41 9.135200 
42 9.138500 
43 9.147800 
44 9.162300 
45 9.180300 
46 9.198300 
47 9.209200 
48 9.200000 
49 9.203400 
50 9.188100 
51 9.154300 
52 9.167300 
53 9.219600 
54 9.261300 
55 9.292100 
56 9.266400 
57 9.229200 
58 9.183500 
59 9.131400 
60 9.078500 
61 9.049000 
62 9.051500 
63 9.050000 
64 9.075400 
65 9.114700 
66 9.161300 
67 9.212100 
68 9.264700 
69 9.317600 
70 9.369500 
71 9.396500 
72 9.407500 
73 9.417700 
74 9.427000 
75 9.435300 
76 9.442400 
77 9.448400 
78 9.453100 
79 9.456500 
80 9.458500 
81 9.459200 
82 9.454800 
83 9.441500 
84 9.419500 
85 9.389100 
86 9.350400 
87 9.304100 
88 9.250600 
89 9.190700 
90 9.125500 
91 9.085500 
92 9.137800 
93 9.182200 
94 9.204500 
95 9.199700 
96 9.183600 
97 9.167800 
98 9.154800 
99 9.144500 
100 9.137600 
101 9.135200 
102 9.137600 
103 9.144500 
104 9.154800 
105 9.167900 
106 9.183200 
107 9.197400 
108 9.199200 
109 9.181800 
110 9.165400 
111 9.175300 
112 9.209300 
113 9.252500 
114 9.295900 
115 9.335200 
116 9.368100 
117 9.393400 
118 9.410800 
119 9.419700 
120 9.420200 
121 9.412400 

1 9.096200 
2 9.099700 
3 9.122000 
4 9.159800 
5 9.194400 
6 9.218200 
7 9.229900 
8 9.231200 
9 9.225700 
10 9.219900 
11 9.222700 
12 9.239900 
13 9.260500 
14 9.249300 
15 9.224700 
16 9.199000 
17 9.175000 
18 9.154600 
19 9.139100 
20 9.129300 
21 9.126000 
22 9.127300 
23 9.128500 
24 9.129700 
25 9.130700 
26 9.131500 
27 9.132300 
28 9.133000 
29 9.133600 
30 9.134000 
31 9.134400 
32 9.134700 
33 9.134900 
34 9.135000 
35 9.135100 
36 9.135200 
37 9.135200 
38 9.135200 
39 9.135200 
40 9.135200 
41 9.135200 
42 9.127900 
43 9.113700 
44 9.127400 
45 9.144900 
46 9.164600 
47 9.184000 
48 9.199200 
49 9.167700 
50 9.123600 
51 9.105300 
52 9.111800 
53 9.067300 
54 9.059000 
55 9.076100 
56 9.085200 
57 9.086800 
58 9.081800 
59 9.071900 
60 9.059800 
61 9.039500 
62 9.045200 
63 9.047600 
64 9.044500 
65 9.043300 
66 9.045800 
67 9.049700 
68 9.054500 
69 9.060000 
70 9.065900 
71 9.071900 
72 9.077900 
73 9.083700 
74 9.089100 
75 9.094000 
76 9.098300 
77 9.101900 
78 9.104700 
79 9.106800 
80 9.108100 
81 9.108500 
82 9.105400 
83 9.096000 
84 9.080500 
85 9.059200 
86 9.032500 
87 9.001100 
88 8.965400 
89 8.983100 
90 9.033100 
91 9.056300 
92 8.984700 
93 9.043200 
94 9.090100 
95 9.120900 
96 9.133300 
97 9.130400 
98 9.120500 
99 9.113500 
100 9.129800 
101 9.135200 
102 9.129800 
103 9.113600 
104 9.121500 
105 9.132300 
106 9.137400 
107 9.130000 
108 9.109000 
109 9.080000 
110 9.052700 
111 9.045800 
112 9.073300 
113 9.118000 
114 9.167400 
115 9.216800 
116 9.263400 
117 9.305700 
118 9.342600 
119 9.373100 
120 9.396500 
121 9.412400 

1 8.937300 
2 8.969000 
3 8.982500 
4 8.965800 
5 8.941300 
6 8.922900 
7 8.920900 
8 8.936200 
9 8.959400 
10 8.979100 
11 8.984400 
12 8.968900 
13 8.936900 
14 8.903400 
15 8.905400 
16 8.954900 
17 9.012700 
18 9.061700 
19 9.097400 
20 9.118900 
21 9.126000 
22 9.124600 
23 9.123100 
24 9.121600 
25 9.120000 
26 9.118400 
27 9.116700 
28 9.115100 
29 9.113500 
30 9.111900 
31 9.110400 
32 9.108900 
33 9.107600 
34 9.106300 
35 9.105300 
36 9.104300 
37 9.103500 
38 9.102900 
39 9.102400 
40 9.102100 
41 9.102000 
42 9.105000 
43 9.105800 
44 9.068500 
45 9.015400 
46 8.946700 
47 8.884500 
48 8.878000 
49 8.958200 
50 9.034900 
51 9.074500 
52 9.023000 
53 9.034300 
54 9.023800 
55 8.982900 
56 8.945900 
57 8.935200 
58 8.972200 
59 9.005900 
60 9.033000 
61 9.039500 
62 9.035500 
63 9.042900 
64 9.042200 
65 9.035600 
66 9.023800 
67 9.009800 
68 8.994200 
69 8.977700 
70 8.960800 
71 8.943900 
72 8.927400 
73 8.911800 
74 8.897200 
75 8.884000 
76 8.872500 
77 8.862700 
78 8.855000 
79 8.849400 
80 8.845900 
81 8.844800 
82 8.843500 
83 8.839700 
84 8.833400 
85 8.826800 
86 8.858100 
87 8.895000 
88 8.936900 
89 8.926100 
90 8.884000 
91 8.917100 
92 8.984100 
93 8.913000 
94 8.887500 
95 8.949400 
96 9.003900 
97 9.050000 
98 9.086800 
99 9.110800 
100 9.104300 
101 9.102000 
102 9.104300 
103 9.111100 
104 9.086800 
105 9.050100 
106 9.004300 
107 8.950400 
108 8.889700 
109 8.876700 
110 8.911100 
111 8.911900 
112 8.872600 
113 8.816000 
114 8.755900 
115 8.721800 
116 8.720300 
117 8.716500 
118 8.710400 
119 8.702000 
120 8.691500 
121 8.679000 

1 8.937300 
2 8.969000 
3 8.982500 
4 8.965800 
5 8.941300 
6 8.922900 
7 8.920900 
8 8.936200 
9 8.959400 
10 8.979100 
11 8.984400 
12 8.968900 
13 8.936900 
14 8.903400 
15 8.905400 
16 8.954900 
17 9.012700 
18 9.061700 
19 9.097400 
20 9.118900 
21 9.126000 
22 9.124600 
23 9.123100 
24 9.121600 
25 9.120000 
26 9.118400 
27 9.116700 
28 9.115100 
29 9.113500 
30 9.111900 
31 9.110400 
32 9.108900 
33 9.107600 
34 9.106300 
35 9.105300 
36 9.104300 
37 9.103500 
38 9.102900 
39 9.102400 
40 9.102100 
41 9.102000 
42 9.094900 
43 9.073900 
44 9.039800 
45 8.994700 
46 8.941600 
47 8.864100 
48 8.828500 
49 8.876000 
50 8.921900 
51 8.964600 
52 9.002500 
53 8.970400 
54 8.917600 
55 8.865300 
56 8.896900 
57 8.913600 
58 8.887000 
59 8.867800 
60 8.914700 
61 8.994300 
62 8.966300 
63 8.923700 
64 8.878600 
65 8.832700 
66 8.811500 
67 8.800800 
68 8.792400 
69 8.785900 
70 8.781000 
71 8.777400 
72 8.774600 
73 8.772700 
74 8.771200 
75 8.770200 
76 8.769400 
77 8.768900 
78 8.768600 
79 8.768400 
80 8.768300 
81 8.768200 
82 8.772000 
83 8.783300 
84 8.801700 
85 8.824700 
86 8.813900 
87 8.801100 
88 8.786600 
89 8.775300 
90 8.846200 
91 8.839800 
92 8.794100 
93 8.819600 
94 8.860600 
95 8.920800 
96 8.973900 
97 9.018800 
98 9.054700 
99 9.080800 
100 9.096700 
101 9.102000 
102 9.096800 
103 9.081200 
104 9.055600 
105 9.020300 
106 8.976300 
107 8.924300 
108 8.865600 
109 8.824700 
110 8.776300 
111 8.766000 
112 8.728000 
113 8.719500 
114 8.721400 
115 8.697100 
116 8.642100 
117 8.615800 
118 8.632900 
119 8.649400 
120 8.664900 
121 8.679000 

1 8.865800 
2 8.824700 
3 8.784000 
4 8.768600 
5 8.770700 
6 8.776300 
7 8.772600 
8 8.755700 
9 8.731900 
10 8.707300 
11 8.686300 
12 8.676100 
13 8.692900 
14 8.736100 
15 8.751200 
16 8.713800 
17 8.659700 
18 8.606300 
19 8.561700 
20 8.531900 
21 8.521500 
22 8.528000 
23 8.534500 
24 8.541100 
25 8.547700 
26 8.554100 
27 8.560500 
28 8.566600 
29 8.572600 
30 8.578300 
31 8.583700 
32 8.588700 
33 8.593400 
34 8.597500 
35 8.601300 
36 8.604500 
37 8.607200 
38 8.609200 
39 8.610800 
40 8.611700 
41 8.612000 
42 8.617800 
43 8.634800 
44 8.661400 
45 8.695900 
46 8.736600 
47 8.798400 
48 8.826700 
49 8.771200 
50 8.720500 
51 8.723700 
52 8.754000 
53 8.786800 
54 8.821900 
55 8.858800 
56 8.814800 
57 8.769100 
58 8.761700 
59 8.827100 
60 8.858200 
61 8.857600 
62 8.856000 
63 8.849200 
64 8.837600 
65 8.824200 
66 8.786700 
67 8.741400 
68 8.697700 
69 8.656600 
70 8.631900 
71 8.613700 
72 8.595800 
73 8.578700 
74 8.562700 
75 8.548100 
76 8.535300 
77 8.524500 
78 8.515800 
79 8.509600 
80 8.505700 
81 8.504500 
82 8.504000 
83 8.502600 
84 8.510800 
85 8.546500 
86 8.591800 
87 8.645900 
88 8.707700 
89 8.770800 
90 8.753800 
91 8.736100 
92 8.747100 
93 8.794600 
94 8.844000 
95 8.781100 
96 8.727400 
97 8.684500 
98 8.652200 
99 8.629700 
100 8.616400 
101 8.612000 
102 8.616200 
103 8.629200 
104 8.652000 
105 8.684500 
106 8.726200 
107 8.775200 
108 8.827600 
109 8.801700 
110 8.761600 
111 8.723800 
112 8.717900 
113 8.676500 
114 8.622300 
115 8.582500 
116 8.598700 
117 8.592300 
118 8.549000 
119 8.513100 
120 8.485500 
121 8.467100 

1 8.865800 
2 8.824700 
3 8.784000 
4 8.768600 
5 8.770700 
6 8.776300 
7 8.772600 
8 8.755700 
9 8.731900 
10 8.707300 
11 8.686300 
12 8.676100 
13 8.692900 
14 8.736100 
15 8.751200 
16 8.713800 
17 8.659700 
18 8.606300 
19 8.561700 
20 8.531900 
21 8.521500 
22 8.528000 
23 8.534500 
24 8.541100 
25 8.547700 
26 8.554100 
27 8.560500 
28 8.566600 
29 8.572600 
30 8.578300 
31 8.583700 
32 8.588700 
33 8.593400 
34 8.597500 
35 8.601300 
36 8.604500 
37 8.607200 
38 8.609200 
39 8.610800 
40 8.611700 
41 8.612000 
42 8.614400 
43 8.622100 
44 8.638200 
45 8.670300 
46 8.725800 
47 8.781400 
48 8.770900 
49 8.672300 
50 8.696000 
51 8.677000 
52 8.642800 
53 8.620200 
54 8.611300 
55 8.622000 
56 8.647700 
57 8.677200 
58 8.696600 
59 8.716600 
60 8.730700 
61 8.736000 
62 8.734600 
63 8.730100 
64 8.722500 
65 8.712100 
66 8.699200 
67 8.684200 
68 8.667700 
69 8.650100 
70 8.619000 
71 8.585900 
72 8.557600 
73 8.534200 
74 8.515300 
75 8.500300 
76 8.488500 
77 8.479400 
78 8.472700 
79 8.468100 
80 8.465400 
81 8.464600 
82 8.469700 
83 8.485100 
84 8.500200 
85 8.497100 
86 8.493200 
87 8.488800 
88 8.483900 
89 8.519400 
90 8.595200 
91 8.671700 
92 8.724200 
93 8.747300 
94 8.699500 
95 8.666300 
96 8.651100 
97 8.637900 
98 8.627000 
99 8.618800 
100 8.613700 
101 8.612000 
102 8.613400 
103 8.617500 
104 8.624000 
105 8.632300 
106 8.641900 
107 8.662900 
108 8.713700 
109 8.755200 
110 8.734700 
111 8.666700 
112 8.602300 
113 8.566700 
114 8.569100 
115 8.571800 
116 8.528800 
117 8.495200 
118 8.472200 
119 8.459900 
120 8.458400 
121 8.467100 

1 8.491400 
2 8.485300 
3 8.463800 
4 8.429200 
5 8.392400 
6 8.364100 
7 8.350600 
8 8.354700 
9 8.377000 
10 8.416000 
11 8.468000 
12 8.523600 
13 8.561000 
14 8.567100 
15 8.559500 
16 8.549300 
17 8.539700 
18 8.531900 
19 8.526100 
20 8.522600 
21 8.521500 
22 8.515000 
23 8.508700 
24 8.502700 
25 8.496700 
26 8.491000 
27 8.485600 
28 8.480400 
29 8.475500 
30 8.470900 
31 8.466700 
32 8.462900 
33 8.459400 
34 8.456300 
35 8.453500 
36 8.451200 
37 8.449300 
38 8.447800 
39 8.446700 
40 8.446100 
41 8.445900 
42 8.455900 
43 8.484200 
44 8.525500 
45 8.568200 
46 8.600800 
47 8.625200 
48 8.647500 
49 8.670700 
50 8.574700 
51 8.528600 
52 8.549400 
53 8.572200 
54 8.596600 
55 8.617700 
56 8.640400 
57 8.673000 
58 8.695200 
59 8.659100 
60 8.616900 
61 8.575600 
62 8.591200 
63 8.596800 
64 8.592200 
65 8.578200 
66 8.556100 
67 8.527500 
68 8.494200 
69 8.457900 
70 8.419900 
71 8.381600 
72 8.343900 
73 8.312100 
74 8.283300 
75 8.255500 
76 8.229900 
77 8.207500 
78 8.189200 
79 8.175600 
80 8.167300 
81 8.164400 
82 8.170900 
83 8.190200 
84 8.221600 
85 8.264300 
86 8.317100 
87 8.378400 
88 8.446500 
89 8.502700 
90 8.576500 
91 8.650900 
92 8.718100 
93 8.700200 
94 8.682700 
95 8.650700 
96 8.601100 
97 8.552800 
98 8.509600 
99 8.475300 
100 8.453400 
101 8.445900 
102 8.453600 
103 8.476200 
104 8.511800 
105 8.557400 
106 8.609200 
107 8.651900 
108 8.661600 
109 8.669100 
110 8.669000 
111 8.639600 
112 8.577700 
113 8.507800 
114 8.437600 
115 8.371000 
116 8.310400 
117 8.258000 
118 8.215300 
119 8.183600 
120 8.163900 
121 8.156900 

1 8.491400 
2 8.485300 
3 8.463800 
4 8.429200 
5 8.392400 
6 8.364100 
7 8.350600 
8 8.354700 
9 8.377000 
10 8.416000 
11 8.468000 
12 8.523600 
13 8.561000 
14 8.567100 
15 8.559500 
16 8.549300 
17 8.539700 
18 8.531900 
19 8.526100 
20 8.522600 
21 8.521500 
22 8.515000 
23 8.508700 
24 8.502700 
25 8.496700 
26 8.491000 
27 8.485600 
28 8.480400 
29 8.475500 
30 8.470900 
31 8.466700 
32 8.462900 
33 8.459400 
34 8.456300 
35 8.453500 
36 8.451200 
37 8.449300 
38 8.447800 
39 8.446700 
40 8.446100 
41 8.445900 
42 8.446100 
43 8.446800 
44 8.448900 
45 8.452900 
46 8.459300 
47 8.468100 
48 8.479500 
49 8.493400 
50 8.509800 
51 8.484400 
52 8.407200 
53 8.348100 
54 8.310200 
55 8.295700 
56 8.304900 
57 8.336600 
58 8.387800 
59 8.452800 
60 8.521200 
61 8.575600 
62 8.555600 
63 8.536000 
64 8.516700 
65 8.497500 
66 8.478300 
67 8.458600 
68 8.438200 
69 8.416500 
70 8.393200 
71 8.367800 
72 8.340600 
73 8.307700 
74 8.273900 
75 8.243100 
76 8.216000 
77 8.193000 
78 8.174600 
79 8.161300 
80 8.153100 
81 8.150400 
82 8.157000 
83 8.176500 
84 8.208300 
85 8.251300 
86 8.303900 
87 8.364600 
88 8.431500 
89 8.478800 
90 8.473600 
91 8.468500 
92 8.463700 
93 8.459400 
94 8.455600 
95 8.452400 
96 8.450000 
97 8.448200 
98 8.447000 
99 8.446300 
100 8.446000 
101 8.445900 
102 8.446200 
103 8.447200 
104 8.449100 
105 8.452200 
106 8.456500 
107 8.462400 
108 8.469900 
109 8.478900 
110 8.488900 
111 8.498800 
112 8.503500 
113 8.480700 
114 8.424300 
115 8.362300 
116 8.304300 
117 8.253500 
118 8.212000 
119 8.181400 
120 8.162800 
121 8.156900 

1 -1.227700 
2 -0.662700 
3 0.091800 
4 0.830100 
5 1.537700 
6 2.209900 
7 2.843500 
8 3.435800 
9 3.984400 
10 4.487300 
11 4.942900 
12 5.350400 
13 5.709900 
14 6.022400 
15 6.289900 
16 6.514800 
17 6.699300 
18 6.844500 
19 6.950200 
20 7.014900 
21 7.036700 
22 7.163500 
23 7.284000 
24 7.398100 
25 7.505800 
26 7.607100 
27 7.701900 
28 7.790300 
29 7.872200 
30 7.947600 
31 8.016500 
32 8.078800 
33 8.134600 
34 8.183800 
35 8.226500 
36 8.262600 
37 8.292100 
38 8.315100 
39 8.331500 
40 8.341400 
41 8.344700 
42 8.327400 
43 8.274400 
44 8.182400 
45 8.047100 
46 7.864000 
47 7.629900 
48 7.343600 
49 7.005600 
50 6.617500 
51 6.181300 
52 5.699100 
53 5.173100 
54 4.605400 
55 3.998000 
56 3.352900 
57 2.672100 
58 1.958100 
59 1.214100 
60 0.448300 
61 -0.238500 
62 -0.058500 
63 0.111200 
64 0.270900 
65 0.421100 
66 0.562000 
67 0.698700 
68 0.866000 
69 1.024300 
70 1.172900 
71 1.311400 
72 1.439200 
73 1.555700 
74 1.660400 
75 1.752600 
76 1.831700 
77 1.897300 
78 1.948900 
79 1.986100 
80 2.008500 
81 2.016000 
82 2.474100 
83 3.063000 
84 3.634700 
85 4.180200 
86 4.696300 
87 5.181700 
88 5.635000 
89 6.055100 
90 6.441000 
91 6.791700 
92 7.106300 
93 7.384200 
94 7.624700 
95 7.828000 
96 7.994700 
97 8.126100 
98 8.224500 
99 8.292200 
100 8.331700 
101 8.344700 
102 8.328400 
103 8.278400 
104 8.192300 
105 8.068000 
106 7.903800 
107 7.698700 
108 7.452300 
109 7.164400 
110 6.835500 
111 6.466000 
112 6.056800 
113 5.608800 
114 5.123000 
115 4.600700 
116 4.043900 
117 3.455100 
118 2.839900 
119 2.211600 
120 1.617600 
121 1.292800 

1 -1.227700 
2 -0.662700 
3 0.091800 
4 0.830100 
5 1.537700 
6 2.209900 
7 2.843500 
8 3.435800 
9 3.984400 
10 4.487300 
11 4.942900 
12 5.350400 
13 5.709900 
14 6.022400 
15 6.289900 
16 6.514800 
17 6.699300 
18 6.844500 
19 6.950200 
20 7.014900 
21 7.036700 
22 6.903600 
23 6.764300 
24 6.618800 
25 6.467100 
26 6.309200 
27 6.145400 
28 5.975500 
29 5.799700 
30 5.618100 
31 5.430900 
32 5.238100 
33 5.040000 
34 4.836900 
35 4.629200 
36 4.417900 
37 4.204300 
38 3.991700 
39 3.787700 
40 3.614800 
41 3.536800 
42 3.524300 
43 3.486500 
44 3.422100 
45 3.329400 
46 3.205600 
47 3.047500 
48 2.851300 
49 2.613100 
50 2.328700 
51 1.994600 
52 1.608000 
53 1.167400 
54 0.671700 
55 0.121900 
56 -0.480400 
57 -1.132700 
58 -1.547600 
59 -1.066900 
60 -0.630400 
61 -0.238500 
62 -0.219300 
63 -0.042100 
64 0.149900 
65 0.339600 
66 0.523000 
67 0.693800 
68 0.816900 
69 0.931300 
70 1.037200 
71 1.134700 
72 1.223600 
73 1.304000 
74 1.375600 
75 1.438300 
76 1.491900 
77 1.536100 
78 1.570800 
79 1.595700 
80 1.610800 
81 1.615800 
82 1.141900 
83 0.529300 
84 0.145900 
85 0.377300 
86 0.777000 
87 1.174000 
88 1.543000 
89 1.877900 
90 2.177400 
91 2.441600 
92 2.671900 
93 2.870000 
94 3.038000 
95 3.178000 
96 3.292300 
97 3.382800 
98 3.451300 
99 3.499100 
100 3.527400 
101 3.536800 
102 3.604200 
103 3.738500 
104 3.872400 
105 3.983500 
106 4.064400 
107 4.112500 
108 4.126400 
109 4.104700 
110 4.046500 
111 3.950200 
112 3.814600 
113 3.638800 
114 3.422100 
115 3.164800 
116 2.868300 
117 2.535800 
118 2.173800 
119 1.798200 
120 1.455600 
121 1.292800 

1 -1.473500 
2 -1.774600 
3 -2.207500 
4 -2.682500 
5 -3.203000 
6 -3.771400 
7 -4.388400 
8 -5.050100 
9 -5.370000 
10 -5.084500 
11 -4.741400 
12 -4.404600 
13 -4.090400 
14 -3.805100 
15 -3.552300 
16 -3.334400 
17 -3.153400 
18 -3.010800 
19 -2.908000 
20 -2.845900 
21 -2.825200 
22 -2.484200 
23 -2.146800 
24 -1.813200 
25 -1.483600 
26 -1.158200 
27 -0.837100 
28 -0.520600 
29 -0.208700 
30 0.098300 
31 0.400400 
32 0.697200 
33 0.988500 
34 1.273900 
35 1.552900 
36 1.824700 
37 2.087700 
38 2.338900 
39 2.570500 
40 2.759800 
41 2.843300 
42 2.812900 
43 2.722600 
44 2.574800 
45 2.373300 
46 2.122200 
47 1.825900 
48 1.488300 
49 1.113000 
50 0.702900 
51 0.260600 
52 -0.211700 
53 -0.712100 
54 -1.238900 
55 -1.790000 
56 -2.363100 
57 -2.082500 
58 -1.836400 
59 -1.487200 
60 -1.002000 
61 -0.656600 
62 -0.867900 
63 -1.250400 
64 -1.659500 
65 -2.074800 
66 -2.483600 
67 -2.845800 
68 -2.676600 
69 -2.519100 
70 -2.373600 
71 -2.240300 
72 -2.119300 
73 -2.010900 
74 -1.915100 
75 -1.832000 
76 -1.761700 
77 -1.704200 
78 -1.659400 
79 -1.627400 
80 -1.608200 
81 -1.601800 
82 -1.330000 
83 -0.893100 
84 -0.711300 
85 -1.196600 
86 -1.180900 
87 -0.741800 
88 -0.316000 
89 0.093000 
90 0.482800 
91 0.851200 
92 1.196100 
93 1.515400 
94 1.806800 
95 2.067800 
96 2.295800 
97 2.487700 
98 2.640900 
99 2.752500 
100 2.820500 
101 2.843300 
102 2.738300 
103 2.491100 
104 2.170200 
105 1.799300 
106 1.387100 
107 0.937700 
108 0.453900 
109 -0.061900 
110 -0.607600 
111 -1.180600 
112 -1.777000 
113 -2.389500 
114 -2.995800 
115 -3.197500 
116 -2.530300 
117 -1.875700 
118 -1.261900 
119 -0.706200 
120 -0.255500 
121 -0.054800 

1 -1.473500 
2 -1.774600 
3 -2.207500 
4 -2.682500 
5 -3.203000 
6 -3.771400 
7 -4.388400 
8 -5.050100 
9 -5.370000 
10 -5.084500 
11 -4.741400 
12 -4.404600 
13 -4.090400 
14 -3.805100 
15 -3.552300 
16 -3.334400 
17 -3.153400 
18 -3.010800 
19 -2.908000 
20 -2.845900 
21 -2.825200 
22 -3.169500 
23 -3.516800 
24 -3.866900 
25 -4.219400 
26 -4.573800 
27 -4.929600 
28 -5.286300 
29 -5.642900 
30 -5.998400 
31 -6.351700 
32 -6.700900 
33 -7.043900 
34 -7.377500 
35 -7.697600 
36 -7.998400 
37 -8.272000 
38 -8.507600 
39 -8.692100 
40 -8.810900 
41 -8.852100 
42 -8.878900 
43 -8.959000 
44 -9.090700 
45 -9.271500 
46 -9.496700 
47 -9.696300 
48 -8.790400 
49 -7.906000 
50 -7.047900 
51 -6.220300 
52 -5.427100 
53 -4.671700 
54 -3.957000 
55 -3.285900 
56 -2.660400 
57 -2.578100 
58 -2.014400 
59 -2.576400 
60 -3.352600 
61 -3.987600 
62 -3.839400 
63 -3.628300 
64 -3.418900 
65 -3.217600 
66 -3.026300 
67 -2.851600 
68 -3.063700 
69 -3.076500 
70 -3.022900 
71 -2.957200 
72 -2.892600 
73 -2.832800 
74 -2.779500 
75 -2.733000 
76 -2.693700 
77 -2.661700 
78 -2.636700 
79 -2.618900 
80 -2.608300 
81 -2.604800 
82 -2.828500 
83 -2.490700 
84 -2.072000 
85 -1.627800 
86 -1.909300 
87 -2.680200 
88 -3.484200 
89 -4.314000 
90 -5.166100 
91 -6.038200 
92 -6.928000 
93 -7.833300 
94 -8.751200 
95 -9.541400 
96 -9.340000 
97 -9.168500 
98 -9.031700 
99 -8.932400 
100 -8.872200 
101 -8.852100 
102 -8.830900 
103 -8.770100 
104 -8.677000 
105 -8.560800 
106 -8.430100 
107 -8.291100 
108 -8.144400 
109 -7.895500 
110 -7.132400 
111 -6.308100 
112 -5.502000 
113 -4.721200 
114 -3.973100 
115 -3.566200 
116 -3.414600 
117 -2.675700 
118 -1.870400 
119 -1.094000 
120 -0.408600 
121 -0.054800 

1 -1.881400 
2 -2.198200 
3 -2.679400 
4 -3.210400 
5 -3.772400 
6 -4.351700 
7 -4.921400 
8 -5.370700 
9 -5.777200 
10 -6.528200 
11 -7.324200 
12 -8.157800 
13 -9.024500 
14 -9.918900 
15 -10.834100 
16 -11.742900 
45 -11.547100 
46 -10.617900 
47 -9.758900 
48 -9.078600 
49 -8.252600 
50 -7.446600 
51 -6.663400 
52 -5.905900 
53 -5.176500 
54 -4.477400 
55 -3.810400 
56 -3.177000 
57 -2.954600 
58 -3.558300 
59 -4.162600 
60 -4.627400 
61 -4.315100 
62 -4.141800 
63 -3.981500 
64 -3.835500 
65 -3.706300 
66 -3.602400 
67 -3.556000 
68 -3.681100 
69 -3.829100 
70 -3.695700 
71 -3.572700 
72 -3.460500 
73 -3.359200 
74 -3.269100 
75 -3.190500 
76 -3.123600 
77 -3.068600 
78 -3.025600 
79 -2.994800 
80 -2.976300 
81 -2.970200 
82 -2.924700 
83 -3.529300 
84 -4.217900 
85 -4.953900 
86 -5.726300 
87 -6.529300 
88 -7.359000 
89 -8.210900 
90 -9.080200 
91 -9.959200 
92 -10.142300 
93 -9.984100 
94 -9.763500 
95 -9.678200 
96 -10.609000 
97 -11.535200 
105 -11.577200 
106 -10.677900 
107 -9.781900 
108 -8.902700 
109 -8.143700 
110 -7.922100 
111 -7.782600 
112 -7.470200 
113 -6.560900 
114 -5.639500 
115 -4.850900 
116 -4.748900 
117 -5.293000 
118 -5.928300 
119 -6.532400 
120 -7.007200 
121 -7.219200 

1 -1.881400 
2 -2.198200 
3 -2.679400 
4 -3.210400 
5 -3.772400 
6 -4.351700 
7 -4.921400 
8 -5.370700 
9 -5.777200 
10 -6.528200 
11 -7.324200 
12 -8.157800 
13 -9.024500 
14 -9.918900 
15 -10.834100 
16 -11.742900 
45 -11.630000 
46 -10.773800 
47 -9.920600 
48 -10.043800 
49 -10.317800 
50 -10.488900 
51 -10.239800 
52 -9.468200 
53 -8.724400 
54 -8.016400 
55 -7.349000 
56 -6.725100 
57 -6.147000 
58 -5.616100 
59 -5.133400 
60 -4.699600 
61 -4.315100 
62 -4.652100 
63 -4.831900 
64 -4.642000 
65 -4.460900 
66 -4.288800 
67 -4.125900 
68 -3.972600 
69 -4.019700 
70 -4.437700 
71 -4.879300 
72 -5.263200 
73 -5.207500 
74 -5.156700 
75 -5.111600 
76 -5.072800 
77 -5.040500 
78 -5.015200 
79 -4.996900 
80 -4.985800 
81 -4.982200 
82 -5.141600 
83 -5.532600 
84 -6.039800 
85 -6.607200 
86 -7.210800 
87 -7.837600 
88 -8.476200 
89 -9.107900 
90 -9.685800 
91 -10.080600 
92 -10.835300 
93 -11.308400 
94 -11.750700 
108 -11.677900 
109 -10.638200 
110 -9.602200 
111 -8.588800 
112 -7.784900 
113 -7.619300 
114 -7.524900 
115 -7.447700 
116 -7.383900 
117 -7.332400 
118 -7.292700 
119 -7.264400 
120 -7.246100 
121 -7.219200 

1 -8.956300 
2 -8.839300 
3 -8.519800 
4 -8.088800 
5 -7.618800 
6 -7.152900 
7 -6.733100 
8 -6.480200 
9 -6.705300 
10 -7.284200 
11 -7.966500 
12 -8.692200 
13 -9.444900 
14 -10.216900 
15 -11.002800 
16 -11.812000 
49 -11.787600 
50 -11.024200 
51 -10.378200 
52 -9.802600 
53 -9.054800 
54 -8.331800 
55 -7.635500 
56 -6.967900 
57 -6.330500 
58 -5.725500 
59 -5.155400 
60 -4.741500 
61 -5.236700 
62 -5.030200 
63 -5.069900 
64 -5.503700 
65 -5.627800 
66 -5.607500 
67 -5.565000 
68 -5.509900 
69 -5.448700 
70 -5.385400 
71 -5.323000 
72 -5.329600 
73 -5.782100 
74 -6.232100 
75 -6.674600 
76 -7.102300 
77 -7.504800 
78 -7.866000 
79 -8.162100 
80 -8.361500 
81 -8.432600 
82 -8.455000 
83 -8.521800 
84 -8.632300 
85 -8.785400 
86 -8.979500 
87 -9.212700 
88 -9.483000 
89 -9.788200 
90 -10.125700 
91 -10.493300 
92 -10.888400 
93 -11.680600 
108 -11.914100 
109 -11.526100 
110 -11.167900 
111 -10.842000 
112 -10.550900 
113 -10.296400 
114 -10.080800 
115 -9.906000 
116 -9.773800 
117 -9.686300 
118 -9.644800 
119 -9.650600 
120 -9.704700 
121 -9.807500 

1 -8.956300 
2 -8.839300 
3 -8.519800 
4 -8.088800 
5 -7.618800 
6 -7.152900 
7 -6.733100 
8 -6.480200 
9 -6.705300 
10 -7.284200 
11 -7.966500 
12 -8.692200 
13 -9.444900 
14 -10.216900 
15 -11.002800 
16 -11.812000 
50 -11.361000 
51 -10.572600 
52 -9.964700 
53 -9.419800 
54 -8.841100 
55 -8.262900 
56 -7.698700 
57 -7.154600 
58 -6.634100 
59 -6.139600 
60 -5.673200 
61 -5.236700 
62 -5.421200 
63 -5.547000 
64 -5.612600 
65 -5.946400 
66 -6.396000 
67 -6.851100 
68 -7.310400 
69 -7.772700 
70 -8.236600 
71 -8.700300 
72 -9.161600 
73 -9.617300 
74 -10.063600 
75 -10.495200 
76 -10.904400 
77 -11.280100 
78 -11.607500 
79 -11.866900 
90 -11.764000 
91 -11.712900 
114 -11.848800 
115 -11.425300 
116 -11.042400 
117 -10.702700 
118 -10.407900 
119 -10.159700 
120 -9.959400 
121 -9.807500 

1 -11.126300 
2 -11.211900 
3 -11.484500 
4 -11.894700 
51 -11.513800 
52 -10.912700 
53 -10.346900 
54 -9.816600 
55 -9.322300 
56 -8.865100 
57 -8.447400 
58 -8.073900 
59 -7.755700 
60 -7.517300 
61 -7.416500 
62 -7.449100 
63 -7.553400 
64 -7.731100 
65 -7.971900 
66 -8.260800 
67 -8.584300 
68 -8.932500 
69 -9.298700 
70 -9.677900 
71 -10.066700 
72 -10.462000 
73 -10.860800 
74 -11.259700 
75 -11.654100 
114 -11.991500 
115 -11.681400 
116 -11.414300 
117 -11.192900 
118 -11.019000 
119 -10.893800 
120 -10.818300 
121 -10.796800 

1 -11.126300 
2 -11.211900 
3 -11.484500 
4 -11.894800 
119 -11.561100 
120 -11.015600 
121 -10.796800 

