1 6.110700 
2 6.086700 
3 6.017700 
4 5.908700 
5 5.770700 
6 5.614700 
7 5.456700 
8 5.312700 
9 5.196700 
10 5.121700 
11 5.095700 
12 5.084700 
13 5.052700 
14 5.000700 
15 4.930700 
16 4.849700 
17 4.767700 
18 4.704700 
19 4.695700 
20 4.788700 
21 5.030700 
22 5.428700 
23 5.937700 
24 6.490700 
25 7.032700 
26 7.526700 
27 7.950700 
28 8.290700 
29 8.538700 
30 8.688700 
31 8.739700 
32 8.672700 
33 8.479700 
34 8.179700 
35 7.802700 
36 7.384700 
37 6.963700 
38 6.577700 
39 6.264700 
40 6.059700 
41 5.988700 
42 5.907700 
43 5.696700 
44 5.436700 
45 5.196700 
46 4.986700 
47 5.152700 
48 5.562700 
49 5.863700 
50 6.048700 
51 6.110700 
52 6.079700 
53 5.987700 
54 5.842700 
55 5.654700 
56 5.457700 
57 5.338700 
58 5.397700 
59 5.587700 
60 5.849700 
61 6.163700 
62 6.513700 
63 6.884700 
64 7.258700 
65 7.614700 
66 7.938700 
67 8.217700 
68 8.441700 
69 8.605700 
70 8.705700 
71 8.739700 
72 8.688700 
73 8.538700 
74 8.290700 
75 7.950700 
76 7.526700 
77 7.032700 
78 6.490700 
79 5.937700 
80 5.428700 
81 5.030700 
82 4.788700 
83 4.695700 
84 4.704700 
85 4.767700 
86 4.849700 
87 4.930700 
88 5.000700 
89 5.052700 
90 5.084700 
91 5.095700 

1 4.405700 
2 4.272700 
3 3.870700 
4 3.201700 
5 2.757700 
6 3.427700 
7 4.006700 
8 4.474700 
9 4.816700 
10 5.025700 
11 5.095700 
12 5.057700 
13 4.946700 
14 4.762700 
15 4.511700 
16 4.197700 
17 3.830700 
18 3.428700 
19 3.031700 
20 2.745700 
21 2.789700 
22 3.153700 
23 3.609700 
24 4.052700 
25 4.452700 
26 4.796700 
27 5.080700 
28 5.301700 
29 5.459700 
30 5.554700 
31 5.586700 
32 5.569700 
33 5.518700 
34 5.438700 
35 5.337700 
36 5.223700 
37 5.107700 
38 5.001700 
39 4.916700 
40 4.860700 
41 4.841700 
42 4.779700 
43 4.563700 
44 4.119700 
45 4.058700 
46 4.645700 
47 4.799700 
48 4.639700 
49 4.513700 
50 4.433700 
51 4.405700 
52 4.419700 
53 4.460700 
54 4.526700 
55 4.611700 
56 4.691700 
57 4.700700 
58 4.566700 
59 4.384700 
60 4.279700 
61 4.310700 
62 4.456700 
63 4.655700 
64 4.861700 
65 5.049700 
66 5.213700 
67 5.347700 
68 5.452700 
69 5.526700 
70 5.571700 
71 5.586700 
72 5.554700 
73 5.459700 
74 5.301700 
75 5.080700 
76 4.796700 
77 4.452700 
78 4.052700 
79 3.609700 
80 3.153700 
81 2.789700 
82 2.745700 
83 3.031700 
84 3.428700 
85 3.830700 
86 4.197700 
87 4.511700 
88 4.762700 
89 4.946700 
90 5.057700 
91 5.095700 

1 0.445700 
2 0.701700 
3 1.305700 
4 2.030700 
5 2.757700 
6 3.427700 
7 4.006700 
8 4.474700 
9 4.816700 
10 5.025700 
11 5.095700 
12 5.057700 
13 4.946700 
14 4.762700 
15 4.511700 
16 4.197700 
17 3.830700 
18 3.428700 
19 3.031700 
20 2.745700 
21 2.789700 
22 3.153700 
23 3.609700 
24 4.052700 
25 4.452700 
26 4.796700 
27 5.080700 
28 5.301700 
29 5.459700 
30 5.554700 
31 5.586700 
32 5.519700 
33 5.316700 
34 4.974700 
35 4.499700 
36 3.910700 
37 3.250700 
38 2.582700 
39 1.992700 
40 1.580700 
41 1.431700 
42 2.004700 
43 2.714700 
44 3.407700 
45 3.398700 
46 2.420700 
47 1.239700 
48 0.581700 
49 0.509700 
50 0.462700 
51 0.445700 
52 0.438700 
53 0.417700 
54 0.379700 
55 0.323700 
56 0.246700 
57 0.371700 
58 1.056700 
59 1.703700 
60 2.308700 
61 2.867700 
62 3.378700 
63 3.838700 
64 4.246700 
65 4.601700 
66 4.902700 
67 5.148700 
68 5.340700 
69 5.477700 
70 5.559700 
71 5.586700 
72 5.554700 
73 5.459700 
74 5.301700 
75 5.080700 
76 4.796700 
77 4.452700 
78 4.052700 
79 3.609700 
80 3.153700 
81 2.789700 
82 2.745700 
83 3.031700 
84 3.428700 
85 3.830700 
86 4.197700 
87 4.511700 
88 4.762700 
89 4.946700 
90 5.057700 
91 5.095700 

1 0.445700 
2 0.701700 
3 1.305700 
4 2.030700 
5 2.269700 
6 1.084700 
7 -0.340300 
8 -1.984300 
9 -3.811300 
10 -5.748300 
11 -7.290300 
12 -6.497300 
13 -5.359300 
14 -4.231300 
15 -3.153300 
16 -2.138300 
17 -1.196300 
18 -0.344300 
19 0.387700 
20 0.899700 
21 0.983700 
22 0.662700 
23 0.179700 
24 -0.228300 
25 -0.594300 
26 -1.030300 
27 -1.492300 
28 -1.937300 
29 -2.316300 
30 -2.575300 
31 -2.668300 
32 -2.524300 
33 -2.137300 
34 -1.602300 
35 -1.012300 
36 -0.436300 
37 0.081700 
38 0.508700 
39 0.825700 
40 1.020700 
41 1.085700 
42 1.070700 
43 1.026700 
44 0.957700 
45 0.870700 
46 0.771700 
47 0.672700 
48 -0.083300 
49 0.197700 
50 0.383700 
51 0.445700 
52 0.429700 
53 0.381700 
54 0.301700 
55 0.191700 
56 0.052700 
57 0.147700 
58 0.308700 
59 0.768700 
60 1.012700 
61 0.994700 
62 0.745700 
63 0.345700 
64 -0.136300 
65 -0.650300 
66 -1.160300 
67 -1.638300 
68 -2.055300 
69 -2.383300 
70 -2.594300 
71 -2.668300 
72 -2.575300 
73 -2.316300 
74 -1.937300 
75 -1.492300 
76 -1.030300 
77 -0.594300 
78 -0.228300 
79 0.179700 
80 0.662700 
81 0.983700 
82 0.899700 
83 0.387700 
84 -0.344300 
85 -1.196300 
86 -2.138300 
87 -3.153300 
88 -4.231300 
89 -5.359300 
90 -6.497300 
91 -7.290300 

1 -3.240300 
2 -3.507300 
3 -4.143300 
4 -4.920300 
5 -5.715300 
6 -6.462300 
7 -7.122300 
8 -7.210300 
9 -7.253300 
10 -7.280300 
11 -7.290300 
12 -6.497300 
13 -5.359300 
14 -4.231300 
15 -3.153300 
16 -2.138300 
17 -1.196300 
18 -0.344300 
19 0.387700 
20 0.899700 
21 0.983700 
22 0.662700 
23 0.179700 
24 -0.347300 
25 -0.869300 
26 -1.358300 
27 -1.794300 
28 -2.158300 
29 -2.434300 
30 -2.608300 
31 -2.668300 
32 -2.524300 
33 -2.137300 
34 -1.602300 
35 -1.012300 
36 -0.436300 
37 0.081700 
38 0.508700 
39 0.825700 
40 1.020700 
41 1.085700 
42 0.525700 
43 -0.149300 
44 -0.790300 
45 -1.381300 
46 -1.019300 
47 -0.520300 
48 -0.108300 
49 -1.451300 
50 -2.669300 
51 -3.240300 
52 -3.022300 
53 -2.487300 
54 -1.806300 
55 -1.077300 
56 -0.344300 
57 -0.113300 
58 0.024700 
59 -0.122300 
60 -0.296300 
61 -0.495300 
62 -0.718300 
63 -0.963300 
64 -1.227300 
65 -1.503300 
66 -1.783300 
67 -2.052300 
68 -2.296300 
69 -2.493300 
70 -2.622300 
71 -2.668300 
72 -2.608300 
73 -2.434300 
74 -2.158300 
75 -1.794300 
76 -1.358300 
77 -0.869300 
78 -0.347300 
79 0.179700 
80 0.662700 
81 0.983700 
82 0.899700 
83 0.387700 
84 -0.344300 
85 -1.196300 
86 -2.138300 
87 -3.153300 
88 -4.231300 
89 -5.359300 
90 -6.497300 
91 -7.290300 

1 -3.240300 
2 -3.507300 
3 -4.143300 
4 -4.920300 
5 -5.715300 
6 -6.462300 
7 -7.122300 
8 -7.665300 
9 -8.069300 
10 -8.318300 
11 -8.402300 
12 -8.186300 
13 -7.578300 
14 -6.678300 
15 -5.599300 
16 -4.442300 
17 -3.288300 
18 -2.208300 
19 -1.268300 
20 -0.538300 
21 -0.079300 
22 0.093700 
23 0.021700 
24 -0.347300 
25 -0.869300 
26 -1.358300 
27 -1.794300 
28 -2.158300 
29 -2.434300 
30 -2.608300 
31 -2.668300 
32 -2.678300 
33 -2.708300 
34 -2.756300 
35 -2.816300 
36 -2.883300 
37 -2.951300 
38 -3.012300 
39 -3.061300 
40 -3.093300 
41 -3.104300 
42 -2.976300 
43 -2.624300 
44 -2.128300 
45 -1.571300 
46 -1.910300 
47 -2.366300 
48 -2.737300 
49 -3.013300 
50 -3.183300 
51 -3.240300 
52 -3.120300 
53 -2.777300 
54 -2.261300 
55 -1.634300 
56 -0.957300 
57 -0.289300 
58 -0.303300 
59 -0.513300 
60 -0.740300 
61 -0.978300 
62 -1.223300 
63 -1.469300 
64 -1.708300 
65 -1.934300 
66 -2.141300 
67 -2.321300 
68 -2.468300 
69 -2.578300 
70 -2.645300 
71 -2.668300 
72 -2.608300 
73 -2.434300 
74 -2.158300 
75 -1.794300 
76 -1.358300 
77 -0.869300 
78 -0.347300 
79 0.021700 
80 0.093700 
81 -0.079300 
82 -0.538300 
83 -1.268300 
84 -2.208300 
85 -3.288300 
86 -4.442300 
87 -5.599300 
88 -6.678300 
89 -7.578300 
90 -8.186300 
91 -8.402300 

1 -5.479300 
2 -6.638300 
3 -6.945300 
4 -6.987300 
5 -7.039300 
6 -7.098300 
7 -7.157300 
8 -7.665300 
9 -8.069300 
10 -8.318300 
11 -8.402300 
12 -9.209300 
13 -10.385300 
14 -11.555300 
15 -12.653300 
16 -13.629300 
17 -14.435300 
18 -15.029300 
19 -15.377300 
20 -15.461300 
21 -15.281300 
22 -14.861300 
23 -14.116300 
24 -13.032300 
25 -12.085300 
26 -11.271300 
27 -10.583300 
28 -10.018300 
29 -9.586300 
30 -9.309300 
31 -9.212300 
32 -9.311300 
33 -9.559300 
34 -9.852300 
35 -10.092300 
36 -10.217300 
37 -10.208300 
38 -10.091300 
39 -9.925300 
40 -9.785300 
41 -9.731300 
42 -9.559300 
43 -9.522300 
44 -9.492300 
45 -9.331300 
46 -8.780300 
47 -8.011300 
48 -7.127300 
49 -6.295300 
50 -5.697300 
51 -5.479300 
52 -5.590300 
53 -5.909300 
54 -6.405300 
55 -7.029300 
56 -7.722300 
57 -8.426300 
58 -9.083300 
59 -9.650300 
60 -10.096300 
61 -10.403300 
62 -10.570300 
63 -10.605300 
64 -10.527300 
65 -10.359300 
66 -10.131300 
67 -9.874300 
68 -9.621300 
69 -9.407300 
70 -9.263300 
71 -9.212300 
72 -9.309300 
73 -9.586300 
74 -10.018300 
75 -10.583300 
76 -11.271300 
77 -12.085300 
78 -13.032300 
79 -14.116300 
80 -14.861300 
81 -15.281300 
82 -15.461300 
83 -15.377300 
84 -15.029300 
85 -14.435300 
86 -13.629300 
87 -12.653300 
88 -11.555300 
89 -10.385300 
90 -9.209300 
91 -8.402300 

1 -6.910300 
2 -6.919300 
3 -9.661300 
4 -13.103300 
5 -14.439300 
6 -14.364300 
7 -13.827300 
8 -12.892300 
9 -11.547300 
10 -9.867300 
11 -8.402300 
12 -9.209300 
13 -10.385300 
14 -11.555300 
15 -12.653300 
16 -13.629300 
17 -14.435300 
18 -15.029300 
19 -15.377300 
20 -15.461300 
21 -15.281300 
22 -14.861300 
23 -14.239300 
24 -13.471300 
25 -12.622300 
26 -11.756300 
27 -10.940300 
28 -10.230300 
29 -9.681300 
30 -9.332300 
31 -9.212300 
32 -9.311300 
33 -9.559300 
34 -9.852300 
35 -10.092300 
36 -10.217300 
37 -10.208300 
38 -10.091300 
39 -9.925300 
40 -9.785300 
41 -9.731300 
42 -9.744300 
43 -9.745300 
44 -9.638300 
45 -9.433300 
46 -9.307300 
47 -9.068300 
48 -8.659300 
49 -8.045300 
50 -7.314300 
51 -6.910300 
52 -7.138300 
53 -7.701300 
54 -8.419300 
55 -9.186300 
56 -9.942300 
57 -10.647300 
58 -11.266300 
59 -11.772300 
60 -12.138300 
61 -12.344300 
62 -12.380300 
63 -12.245300 
64 -11.952300 
65 -11.531300 
66 -10.979300 
67 -10.383300 
68 -9.892300 
69 -9.522300 
70 -9.291300 
71 -9.212300 
72 -9.332300 
73 -9.681300 
74 -10.230300 
75 -10.940300 
76 -11.756300 
77 -12.622300 
78 -13.471300 
79 -14.239300 
80 -14.861300 
81 -15.281300 
82 -15.461300 
83 -15.377300 
84 -15.029300 
85 -14.435300 
86 -13.629300 
87 -12.653300 
88 -11.555300 
89 -10.385300 
90 -9.209300 
91 -8.402300 

1 -15.711300 
2 -15.730300 
3 -15.830300 
4 -16.403300 
5 -18.734300 
6 -21.233300 
7 -22.663300 
8 -23.170300 
9 -23.186300 
10 -23.070300 
11 -23.014300 
12 -23.055300 
13 -23.130300 
14 -23.128300 
15 -22.930300 
16 -22.453300 
17 -21.674300 
18 -20.624300 
19 -19.375300 
20 -18.020300 
21 -16.647300 
22 -15.330300 
23 -14.239300 
24 -13.471300 
25 -12.622300 
26 -11.756300 
27 -10.940300 
28 -10.230300 
29 -9.681300 
30 -9.332300 
31 -9.212300 
32 -9.446300 
33 -10.030300 
34 -10.686300 
35 -11.152300 
36 -11.290300 
37 -11.106300 
38 -10.707300 
39 -10.246300 
40 -9.884300 
41 -9.747300 
42 -10.523300 
43 -12.114300 
44 -14.026300 
45 -15.649300 
46 -16.614300 
47 -16.881300 
48 -16.649300 
49 -16.215300 
50 -15.849300 
51 -15.711300 
52 -15.780300 
53 -15.963300 
54 -16.200300 
55 -16.416300 
56 -16.541300 
57 -16.520300 
58 -16.324300 
59 -15.948300 
60 -15.409300 
61 -14.742300 
62 -13.989300 
63 -13.198300 
64 -12.410300 
65 -11.661300 
66 -11.025300 
67 -10.490300 
68 -9.987300 
69 -9.575300 
70 -9.306300 
71 -9.212300 
72 -9.332300 
73 -9.681300 
74 -10.230300 
75 -10.940300 
76 -11.756300 
77 -12.622300 
78 -13.471300 
79 -14.239300 
80 -15.330300 
81 -16.647300 
82 -18.020300 
83 -19.375300 
84 -20.624300 
85 -21.674300 
86 -22.453300 
87 -22.930300 
88 -23.128300 
89 -23.130300 
90 -23.055300 
91 -23.014300 

