1 5.326600 
2 5.366600 
3 5.476600 
4 5.632600 
5 5.808600 
6 5.982600 
7 6.140600 
8 6.270600 
9 6.367600 
10 6.427600 
11 6.447600 
12 6.741600 
13 7.349600 
14 8.002600 
15 8.608600 
16 9.137600 
17 9.577600 
18 9.923600 
19 10.172600 
20 10.321600 
21 10.371600 
22 10.346600 
23 10.271600 
24 10.147600 
25 9.973600 
26 9.751600 
27 9.482600 
28 9.164600 
29 8.800600 
30 8.389600 
31 7.933600 
32 7.432600 
33 6.890600 
34 6.311600 
35 5.703600 
36 5.078600 
37 4.454600 
38 3.866600 
39 3.364600 
40 3.020600 
41 2.897600 
42 2.986600 
43 3.214600 
44 3.507600 
45 3.819600 
46 4.122600 
47 4.404600 
48 4.659600 
49 4.883600 
50 5.074600 
51 5.232600 
52 5.356600 
53 5.447600 
54 5.505600 
55 5.533600 
56 5.532600 
57 5.506600 
58 5.459600 
59 5.403600 
60 5.350600 
61 5.326600 
62 5.498600 
63 6.089600 
64 6.920600 
65 7.769600 
66 8.536600 
67 9.186600 
68 9.700600 
69 10.072600 
70 10.296600 
71 10.371600 
72 10.321600 
73 10.172600 
74 9.923600 
75 9.577600 
76 9.137600 
77 8.608600 
78 8.002600 
79 7.349600 
80 6.741600 
81 6.447600 

1 1.183600 
2 1.669600 
3 2.104600 
4 2.486600 
5 2.816600 
6 3.093600 
7 3.317600 
8 3.489600 
9 3.610600 
10 3.681600 
11 3.705600 
12 3.313600 
13 2.412600 
14 1.277600 
15 0.013600 
16 -1.333400 
17 -2.718400 
18 -4.082400 
19 -5.323400 
20 -6.266400 
21 -6.640400 
22 -6.524400 
23 -6.208400 
24 -5.757400 
25 -5.227400 
26 -4.658400 
27 -4.078400 
28 -3.504400 
29 -2.951400 
30 -2.427400 
31 -1.940400 
32 -1.494400 
33 -1.050400 
34 -0.644400 
35 -0.302400 
36 -0.025400 
37 0.182600 
38 0.317600 
39 0.377600 
40 0.377600 
41 0.364600 
42 0.417600 
43 0.560600 
44 0.761600 
45 0.988600 
46 1.218600 
47 1.437600 
48 1.635600 
49 1.807600 
50 1.947600 
51 2.054600 
52 2.125600 
53 2.161600 
54 2.160600 
55 2.123600 
56 2.051600 
57 1.945600 
58 1.804600 
59 1.630600 
60 1.423600 
61 1.183600 
62 1.888600 
63 1.865600 
64 1.284600 
65 0.375600 
66 -0.743400 
67 -2.018400 
68 -3.398400 
69 -4.800400 
70 -6.047400 
71 -6.640400 
72 -6.266400 
73 -5.323400 
74 -4.082400 
75 -2.718400 
76 -1.333400 
77 0.013600 
78 1.277600 
79 2.412600 
80 3.313600 
81 3.705600 

1 1.183600 
2 1.104600 
3 0.874600 
4 0.518600 
5 0.058600 
6 -0.480400 
7 -1.075400 
8 -1.698400 
9 -2.301400 
10 -2.791400 
11 -2.994400 
12 -3.015400 
13 -3.123400 
14 -3.355400 
15 -3.705400 
16 -4.159400 
17 -4.698400 
18 -5.296400 
19 -5.905400 
20 -6.420400 
21 -6.640400 
22 -6.524400 
23 -6.208400 
24 -5.757400 
25 -5.227400 
26 -4.658400 
27 -4.078400 
28 -3.504400 
29 -2.951400 
30 -2.427400 
31 -1.940400 
32 -1.494400 
33 -1.093400 
34 -0.740400 
35 -0.436400 
36 -0.182400 
37 0.020600 
38 0.174600 
39 0.281600 
40 0.344600 
41 0.364600 
42 0.417600 
43 0.560600 
44 0.761600 
45 0.988600 
46 1.218600 
47 1.437600 
48 1.635600 
49 1.807600 
50 1.947600 
51 2.054600 
52 2.125600 
53 2.161600 
54 2.160600 
55 2.123600 
56 2.051600 
57 1.945600 
58 1.804600 
59 1.630600 
60 1.423600 
61 1.183600 
62 0.606600 
63 -0.098400 
64 -0.925400 
65 -1.862400 
66 -2.890400 
67 -3.970400 
68 -5.023400 
69 -5.907400 
70 -6.462400 
71 -6.640400 
72 -6.420400 
73 -5.905400 
74 -5.296400 
75 -4.698400 
76 -4.159400 
77 -3.705400 
78 -3.355400 
79 -3.123400 
80 -3.015400 
81 -2.994400 

1 1.183600 
2 0.645600 
3 0.057600 
4 -0.581400 
5 -1.267400 
6 -1.999400 
7 -2.772400 
8 -3.577400 
9 -4.395400 
10 -5.168400 
11 -5.597400 
12 -5.609400 
13 -5.644400 
14 -5.708400 
15 -5.803400 
16 -5.932400 
17 -6.092400 
18 -6.273400 
19 -6.450400 
20 -6.587400 
21 -6.640400 
22 -6.537400 
23 -6.261400 
24 -5.869400 
25 -5.404400 
26 -4.889400 
27 -4.337400 
28 -3.760400 
29 -3.171400 
30 -2.590400 
31 -2.032400 
32 -1.515400 
33 -1.093400 
34 -0.740400 
35 -0.436400 
36 -0.182400 
37 0.020600 
38 0.174600 
39 0.281600 
40 0.344600 
41 0.364600 
42 0.242600 
43 -0.083400 
44 -0.544400 
45 -1.092400 
46 -1.700400 
47 -2.345400 
48 -3.008400 
49 -3.659400 
50 -4.244400 
51 -4.656400 
52 -4.738400 
53 -4.427400 
54 -3.840400 
55 -3.118400 
56 -2.341400 
57 -1.553400 
58 -0.783400 
59 -0.053400 
60 0.612600 
61 1.183600 
62 0.606600 
63 -0.098400 
64 -0.925400 
65 -1.862400 
66 -2.890400 
67 -3.970400 
68 -5.023400 
69 -5.907400 
70 -6.462400 
71 -6.640400 
72 -6.587400 
73 -6.450400 
74 -6.273400 
75 -6.092400 
76 -5.932400 
77 -5.803400 
78 -5.708400 
79 -5.644400 
80 -5.609400 
81 -5.597400 

1 -12.221400 
2 -12.082400 
3 -11.697400 
4 -11.123400 
5 -10.420400 
6 -9.637400 
7 -8.817400 
8 -8.005400 
9 -7.257400 
10 -6.678400 
11 -6.445400 
12 -6.487400 
13 -6.614400 
14 -6.827400 
15 -7.124400 
16 -7.500400 
17 -7.933400 
18 -8.384400 
19 -8.788400 
20 -9.067400 
21 -9.164400 
22 -9.072400 
23 -8.812400 
24 -8.418400 
25 -7.935400 
26 -7.407400 
27 -6.870400 
28 -6.348400 
29 -5.855400 
30 -5.398400 
31 -4.983400 
32 -4.609400 
33 -4.276400 
34 -3.985400 
35 -3.734400 
36 -3.522400 
37 -3.349400 
38 -3.215400 
39 -3.119400 
40 -3.062400 
41 -3.043400 
42 -3.125400 
43 -3.356400 
44 -3.701400 
45 -4.129400 
46 -4.614400 
47 -5.142400 
48 -5.703400 
49 -6.292400 
50 -6.907400 
51 -7.547400 
52 -8.210400 
53 -8.748400 
54 -9.302400 
55 -9.973400 
56 -10.677400 
57 -11.311400 
58 -11.707400 
59 -11.991400 
60 -12.163400 
61 -12.221400 
62 -12.007400 
63 -11.499400 
64 -10.897400 
65 -10.312400 
66 -9.808400 
67 -9.426400 
68 -9.197400 
69 -9.128400 
70 -9.150400 
71 -9.164400 
72 -9.067400 
73 -8.788400 
74 -8.384400 
75 -7.933400 
76 -7.500400 
77 -7.124400 
78 -6.827400 
79 -6.614400 
80 -6.487400 
81 -6.445400 

1 -12.221400 
2 -12.208400 
3 -12.173400 
4 -12.070400 
5 -11.477400 
6 -10.782400 
7 -10.010400 
8 -9.184400 
9 -8.340400 
10 -7.546400 
11 -7.110400 
12 -7.161400 
13 -7.315400 
14 -7.567400 
15 -7.909400 
16 -8.325400 
17 -8.786400 
18 -9.247400 
19 -9.455400 
20 -9.242400 
21 -9.164400 
22 -9.245400 
23 -9.456400 
24 -9.740400 
25 -10.051400 
26 -10.202400 
27 -10.271400 
28 -10.345400 
29 -10.418400 
30 -10.486400 
31 -10.292400 
32 -9.720400 
33 -8.988400 
34 -8.142400 
35 -7.229400 
36 -6.291400 
37 -5.369400 
38 -4.507400 
39 -3.767400 
40 -3.240400 
41 -3.043400 
42 -3.125400 
43 -3.356400 
44 -3.701400 
45 -4.129400 
46 -4.614400 
47 -5.142400 
48 -5.703400 
49 -6.292400 
50 -6.907400 
51 -7.547400 
52 -8.210400 
53 -8.889400 
54 -9.566400 
55 -10.216400 
56 -10.808400 
57 -11.311400 
58 -11.707400 
59 -11.991400 
60 -12.163400 
61 -12.221400 
62 -12.007400 
63 -11.499400 
64 -10.897400 
65 -10.312400 
66 -9.808400 
67 -9.426400 
68 -9.197400 
69 -9.128400 
70 -9.150400 
71 -9.164400 
72 -9.242400 
73 -9.455400 
74 -9.247400 
75 -8.786400 
76 -8.325400 
77 -7.909400 
78 -7.567400 
79 -7.315400 
80 -7.161400 
81 -7.110400 

1 -13.038400 
2 -12.869400 
3 -12.541400 
4 -12.119400 
5 -11.937400 
6 -11.238400 
7 -10.436400 
8 -9.610400 
9 -8.877400 
10 -8.364400 
11 -8.179400 
12 -8.817400 
13 -10.191400 
14 -11.215400 
15 -10.872400 
16 -10.497400 
17 -10.117400 
18 -9.760400 
19 -9.647400 
20 -9.923400 
21 -10.021400 
22 -10.029400 
23 -10.052400 
24 -10.090400 
25 -10.141400 
26 -10.358400 
27 -10.623400 
28 -10.798400 
29 -10.828400 
30 -10.665400 
31 -10.543400 
32 -10.584400 
33 -10.602400 
34 -10.593400 
35 -10.552400 
36 -10.479400 
37 -10.381400 
38 -10.269400 
39 -10.163400 
40 -10.086400 
41 -10.058400 
42 -10.060400 
43 -10.068400 
44 -10.085400 
45 -10.117400 
46 -10.171400 
47 -10.214400 
48 -9.834400 
49 -9.365400 
50 -8.885400 
51 -8.521400 
52 -8.451400 
53 -8.889400 
54 -9.566400 
55 -10.216400 
56 -10.808400 
57 -11.359400 
58 -11.975400 
59 -12.486400 
60 -12.853400 
61 -13.038400 
62 -12.789400 
63 -11.881400 
64 -11.004400 
65 -10.809400 
66 -11.180400 
67 -10.741400 
68 -10.343400 
69 -10.086400 
70 -10.008400 
71 -10.021400 
72 -9.923400 
73 -9.647400 
74 -9.760400 
75 -10.117400 
76 -10.497400 
77 -10.872400 
78 -11.215400 
79 -10.191400 
80 -8.817400 
81 -8.179400 

1 -13.038400 
2 -13.015400 
3 -12.851400 
4 -12.483400 
5 -12.051400 
6 -11.976400 
7 -11.902400 
8 -11.836400 
9 -11.784400 
10 -11.751400 
11 -11.739400 
12 -11.676400 
13 -11.493400 
14 -11.436400 
15 -11.585400 
16 -11.311400 
17 -11.029400 
18 -10.736400 
19 -10.431400 
20 -10.151400 
21 -10.021400 
22 -10.090400 
23 -10.266400 
24 -10.491400 
25 -10.717400 
26 -10.918400 
27 -11.079400 
28 -11.196400 
29 -11.268400 
30 -11.297400 
31 -11.287400 
32 -11.240400 
33 -11.157400 
34 -11.042400 
35 -10.897400 
36 -10.727400 
37 -10.543400 
38 -10.362400 
39 -10.204400 
40 -10.096400 
41 -10.058400 
42 -10.060400 
43 -10.068400 
44 -10.085400 
45 -10.117400 
46 -10.171400 
47 -10.254400 
48 -10.372400 
49 -10.528400 
50 -10.724400 
51 -10.958400 
52 -11.224400 
53 -11.514400 
54 -11.818400 
55 -12.123400 
56 -12.414400 
57 -12.674400 
58 -12.877400 
59 -13.007400 
60 -13.056400 
61 -13.038400 
62 -12.889400 
63 -12.622400 
64 -12.228400 
65 -11.742400 
66 -11.226400 
67 -10.741400 
68 -10.343400 
69 -10.086400 
70 -10.008400 
71 -10.021400 
72 -10.151400 
73 -10.431400 
74 -10.736400 
75 -11.029400 
76 -11.311400 
77 -11.585400 
78 -11.436400 
79 -11.493400 
80 -11.676400 
81 -11.739400 

1 -13.038400 
2 -13.036400 
3 -12.943400 
4 -12.829400 
5 -12.695400 
6 -12.564400 
7 -12.450400 
8 -12.362400 
9 -12.301400 
10 -12.266400 
11 -12.255400 
12 -12.202400 
13 -12.055400 
14 -11.840400 
15 -12.137400 
16 -12.278400 
17 -11.998400 
18 -11.460400 
19 -10.821400 
20 -10.261400 
21 -10.021400 
22 -10.090400 
23 -10.266400 
24 -10.491400 
25 -10.717400 
26 -10.918400 
27 -11.079400 
28 -11.196400 
29 -11.268400 
30 -11.297400 
31 -11.287400 
32 -11.240400 
33 -11.157400 
34 -11.042400 
35 -10.897400 
36 -10.727400 
37 -10.543400 
38 -10.362400 
39 -10.204400 
40 -10.096400 
41 -10.058400 
42 -10.130400 
43 -10.302400 
44 -10.471400 
45 -10.541400 
46 -10.458400 
47 -10.254400 
48 -10.372400 
49 -10.528400 
50 -10.724400 
51 -10.958400 
52 -11.224400 
53 -11.514400 
54 -11.818400 
55 -12.123400 
56 -12.414400 
57 -12.674400 
58 -12.877400 
59 -13.007400 
60 -13.056400 
61 -13.038400 
62 -12.889400 
63 -12.622400 
64 -12.228400 
65 -11.742400 
66 -11.226400 
67 -11.561400 
68 -11.568400 
69 -11.133400 
70 -10.438400 
71 -10.021400 
72 -10.261400 
73 -10.821400 
74 -11.460400 
75 -11.998400 
76 -12.278400 
77 -12.137400 
78 -11.840400 
79 -12.055400 
80 -12.202400 
81 -12.255400 

