1 -0.683200 
2 -0.696200 
3 -0.742200 
4 -0.837200 
5 -0.993200 
6 -1.214200 
7 -1.495200 
8 -1.824200 
9 -2.169200 
10 -2.323200 
11 -2.387200 
12 -2.301200 
13 -2.089200 
14 -1.810200 
15 -1.505200 
16 -1.198200 
17 -0.903200 
18 -0.625200 
19 -0.367200 
20 -0.130200 
21 0.086800 
22 0.284800 
23 0.463800 
24 0.622800 
25 0.763800 
26 0.884800 
27 0.985800 
28 1.064800 
29 1.122800 
30 1.157800 
31 1.169800 
32 1.153800 
33 1.107800 
34 1.034800 
35 0.937800 
36 0.825800 
37 0.707800 
38 0.595800 
39 0.502800 
40 0.440800 
41 0.419800 
42 0.401800 
43 0.349800 
44 0.259800 
45 0.133800 
46 -0.023200 
47 -0.200200 
48 -0.378200 
49 -0.535200 
50 -0.644200 
51 -0.683200 
52 -0.663200 
53 -0.605200 
54 -0.514200 
55 -0.396200 
56 -0.261200 
57 -0.117200 
58 0.030800 
59 0.177800 
60 0.319800 
61 0.455800 
62 0.581800 
63 0.698800 
64 0.804800 
65 0.897800 
66 0.978800 
67 1.046800 
68 1.099800 
69 1.138800 
70 1.161800 
71 1.169800 
72 1.157800 
73 1.122800 
74 1.064800 
75 0.985800 
76 0.884800 
77 0.763800 
78 0.622800 
79 0.463800 
80 0.284800 
81 0.086800 
82 -0.130200 
83 -0.367200 
84 -0.625200 
85 -0.903200 
86 -1.198200 
87 -1.505200 
88 -1.810200 
89 -2.089200 
90 -2.301200 
91 -2.387200 

1 -1.776200 
2 -1.781200 
3 -1.797200 
4 -1.826200 
5 -1.870200 
6 -1.930200 
7 -2.009200 
8 -2.105200 
9 -2.213200 
10 -2.323200 
11 -2.387200 
12 -2.370200 
13 -2.316200 
14 -2.232200 
15 -2.127200 
16 -2.012200 
17 -1.894200 
18 -1.780200 
19 -1.674200 
20 -1.581200 
21 -1.504200 
22 -1.444200 
23 -1.406200 
24 -1.390200 
25 -1.400200 
26 -1.434200 
27 -1.493200 
28 -1.572200 
29 -1.660200 
30 -1.733200 
31 -1.763200 
32 -1.688200 
33 -1.540200 
34 -1.405200 
35 -1.311200 
36 -1.252200 
37 -1.221200 
38 -1.207200 
39 -1.202200 
40 -1.201200 
41 -1.201200 
42 -1.207200 
43 -1.225200 
44 -1.258200 
45 -1.305200 
46 -1.369200 
47 -1.450200 
48 -1.545200 
49 -1.646200 
50 -1.736200 
51 -1.776200 
52 -1.759200 
53 -1.719200 
54 -1.674200 
55 -1.635200 
56 -1.598200 
57 -1.537200 
58 -1.477200 
59 -1.421200 
60 -1.372200 
61 -1.334200 
62 -1.309200 
63 -1.301200 
64 -1.312200 
65 -1.344200 
66 -1.398200 
67 -1.472200 
68 -1.562200 
69 -1.656200 
70 -1.733200 
71 -1.763200 
72 -1.733200 
73 -1.660200 
74 -1.572200 
75 -1.493200 
76 -1.434200 
77 -1.400200 
78 -1.390200 
79 -1.406200 
80 -1.444200 
81 -1.504200 
82 -1.581200 
83 -1.674200 
84 -1.780200 
85 -1.894200 
86 -2.012200 
87 -2.127200 
88 -2.232200 
89 -2.316200 
90 -2.370200 
91 -2.387200 

1 -1.776200 
2 -1.781200 
3 -1.797200 
4 -1.826200 
5 -1.870200 
6 -1.930200 
7 -2.009200 
8 -2.105200 
9 -2.213200 
10 -2.386200 
11 -2.387200 
12 -2.370200 
13 -2.316200 
14 -2.232200 
15 -2.127200 
16 -2.012200 
17 -1.894200 
18 -1.780200 
19 -1.674200 
20 -1.581200 
21 -1.504200 
22 -1.444200 
23 -1.406200 
24 -1.390200 
25 -1.400200 
26 -1.434200 
27 -1.493200 
28 -1.572200 
29 -1.660200 
30 -1.733200 
31 -1.763200 
32 -1.764200 
33 -1.769200 
34 -1.777200 
35 -1.786200 
36 -1.796200 
37 -1.807200 
38 -1.816200 
39 -1.823200 
40 -1.828200 
41 -1.830200 
42 -1.814200 
43 -1.777200 
44 -1.738200 
45 -1.711200 
46 -1.700200 
47 -1.705200 
48 -1.721200 
49 -1.744200 
50 -1.766200 
51 -1.776200 
52 -1.767200 
53 -1.743200 
54 -1.704200 
55 -1.655200 
56 -1.605200 
57 -1.583200 
58 -1.568200 
59 -1.558200 
60 -1.553200 
61 -1.552200 
62 -1.555200 
63 -1.564200 
64 -1.578200 
65 -1.598200 
66 -1.625200 
67 -1.657200 
68 -1.693200 
69 -1.727200 
70 -1.753200 
71 -1.763200 
72 -1.733200 
73 -1.660200 
74 -1.572200 
75 -1.493200 
76 -1.434200 
77 -1.400200 
78 -1.390200 
79 -1.406200 
80 -1.444200 
81 -1.504200 
82 -1.581200 
83 -1.674200 
84 -1.780200 
85 -1.894200 
86 -2.012200 
87 -2.127200 
88 -2.232200 
89 -2.316200 
90 -2.370200 
91 -2.387200 

1 -2.313200 
2 -2.315200 
3 -2.320200 
4 -2.328200 
5 -2.339200 
6 -2.350200 
7 -2.362200 
8 -2.372200 
9 -2.380200 
10 -2.463200 
11 -2.588200 
12 -2.591200 
13 -2.603200 
14 -2.628200 
15 -2.659200 
16 -2.680200 
17 -2.704200 
18 -2.731200 
19 -2.760200 
20 -2.791200 
21 -2.824200 
22 -2.857200 
23 -2.891200 
24 -2.926200 
25 -2.962200 
26 -3.000200 
27 -3.040200 
28 -3.086200 
29 -3.138200 
30 -3.189200 
31 -3.214200 
32 -3.182200 
33 -3.119200 
34 -3.062200 
35 -3.024200 
36 -3.005200 
37 -3.002200 
38 -3.008200 
39 -3.018200 
40 -3.026200 
41 -3.029200 
42 -3.020200 
43 -2.993200 
44 -2.947200 
45 -2.881200 
46 -2.796200 
47 -2.693200 
48 -2.577200 
49 -2.458200 
50 -2.357200 
51 -2.313200 
52 -2.336200 
53 -2.392200 
54 -2.464200 
55 -2.539200 
56 -2.612200 
57 -2.681200 
58 -2.748200 
59 -2.813200 
60 -2.876200 
61 -2.936200 
62 -2.994200 
63 -3.003200 
64 -3.008200 
65 -3.021200 
66 -3.042200 
67 -3.073200 
68 -3.113200 
69 -3.157200 
70 -3.197200 
71 -3.214200 
72 -3.189200 
73 -3.138200 
74 -3.086200 
75 -3.040200 
76 -3.000200 
77 -2.962200 
78 -2.926200 
79 -2.891200 
80 -2.857200 
81 -2.824200 
82 -2.791200 
83 -2.760200 
84 -2.731200 
85 -2.704200 
86 -2.680200 
87 -2.659200 
88 -2.628200 
89 -2.603200 
90 -2.591200 
91 -2.588200 

1 -3.111200 
2 -3.108200 
3 -3.099200 
4 -3.080200 
5 -3.049200 
6 -3.002200 
7 -2.937200 
8 -2.853200 
9 -2.754200 
10 -2.650200 
11 -2.588200 
12 -2.591200 
13 -2.603200 
14 -2.628200 
15 -2.666200 
16 -2.715200 
17 -2.774200 
18 -2.841200 
19 -2.914200 
20 -2.991200 
21 -3.070200 
22 -3.148200 
23 -3.224200 
24 -3.295200 
25 -3.356200 
26 -3.403200 
27 -3.428200 
28 -3.415200 
29 -3.348200 
30 -3.257200 
31 -3.214200 
32 -3.182200 
33 -3.119200 
34 -3.062200 
35 -3.024200 
36 -3.005200 
37 -3.002200 
38 -3.008200 
39 -3.018200 
40 -3.026200 
41 -3.029200 
42 -3.031200 
43 -3.037200 
44 -3.046200 
45 -3.057200 
46 -3.070200 
47 -3.083200 
48 -3.094200 
49 -3.103200 
50 -3.109200 
51 -3.111200 
52 -3.109200 
53 -3.105200 
54 -3.097200 
55 -3.087200 
56 -3.075200 
57 -3.061200 
58 -3.047200 
59 -3.033200 
60 -3.021200 
61 -3.011200 
62 -3.004200 
63 -3.049200 
64 -3.099200 
65 -3.143200 
66 -3.180200 
67 -3.207200 
68 -3.223200 
69 -3.225200 
70 -3.219200 
71 -3.214200 
72 -3.257200 
73 -3.348200 
74 -3.415200 
75 -3.428200 
76 -3.403200 
77 -3.356200 
78 -3.295200 
79 -3.224200 
80 -3.148200 
81 -3.070200 
82 -2.991200 
83 -2.914200 
84 -2.841200 
85 -2.774200 
86 -2.715200 
87 -2.666200 
88 -2.628200 
89 -2.603200 
90 -2.591200 
91 -2.588200 

1 -3.111200 
2 -3.108200 
3 -3.099200 
4 -3.080200 
5 -3.049200 
6 -3.002200 
7 -2.937200 
8 -2.853200 
9 -2.754200 
10 -2.650200 
11 -2.588200 
12 -2.602200 
13 -2.622200 
14 -2.640200 
15 -2.666200 
16 -2.715200 
17 -2.774200 
18 -2.841200 
19 -2.914200 
20 -2.991200 
21 -3.070200 
22 -3.148200 
23 -3.224200 
24 -3.295200 
25 -3.356200 
26 -3.403200 
27 -3.428200 
28 -3.415200 
29 -3.348200 
30 -3.257200 
31 -3.214200 
32 -3.359200 
33 -3.687200 
34 -3.849200 
35 -3.861200 
36 -3.876200 
37 -3.890200 
38 -3.903200 
39 -3.913200 
40 -3.919200 
41 -3.922200 
42 -3.868200 
43 -3.738200 
44 -3.587200 
45 -3.447200 
46 -3.332200 
47 -3.244200 
48 -3.182200 
49 -3.141200 
50 -3.118200 
51 -3.111200 
52 -3.115200 
53 -3.128200 
54 -3.148200 
55 -3.176200 
56 -3.212200 
57 -3.253200 
58 -3.300200 
59 -3.351200 
60 -3.405200 
61 -3.461200 
62 -3.517200 
63 -3.573200 
64 -3.626200 
65 -3.675200 
66 -3.720200 
67 -3.758200 
68 -3.609200 
69 -3.411200 
70 -3.268200 
71 -3.214200 
72 -3.257200 
73 -3.348200 
74 -3.415200 
75 -3.428200 
76 -3.403200 
77 -3.356200 
78 -3.295200 
79 -3.224200 
80 -3.148200 
81 -3.070200 
82 -2.991200 
83 -2.914200 
84 -2.841200 
85 -2.774200 
86 -2.715200 
87 -2.666200 
88 -2.640200 
89 -2.622200 
90 -2.602200 
91 -2.588200 

1 -4.668200 
2 -4.670200 
3 -4.678200 
4 -4.689200 
5 -4.704200 
6 -4.720200 
7 -4.736200 
8 -4.751200 
9 -4.763200 
10 -4.770200 
11 -4.773200 
12 -4.799200 
13 -4.872200 
14 -4.982200 
15 -5.113200 
16 -5.251200 
17 -5.381200 
18 -5.489200 
19 -5.563200 
20 -5.591200 
21 -5.564200 
22 -5.477200 
23 -5.330200 
24 -5.126200 
25 -4.876200 
26 -4.599200 
27 -4.321200 
28 -4.080200 
29 -3.920200 
30 -3.848200 
31 -3.830200 
32 -3.832200 
33 -3.839200 
34 -4.043200 
35 -4.333200 
36 -4.516200 
37 -4.596200 
38 -4.601200 
39 -4.569200 
40 -4.534200 
41 -4.520200 
42 -4.522200 
43 -4.531200 
44 -4.548200 
45 -4.573200 
46 -4.604200 
47 -4.636200 
48 -4.663200 
49 -4.680200 
50 -4.678200 
51 -4.668200 
52 -4.675200 
53 -4.696200 
54 -4.728200 
55 -4.766200 
56 -4.805200 
57 -4.839200 
58 -4.861200 
59 -4.865200 
60 -4.845200 
61 -4.796200 
62 -4.715200 
63 -4.598200 
64 -4.447200 
65 -4.264200 
66 -4.055200 
67 -3.831200 
68 -3.789200 
69 -3.811200 
70 -3.825200 
71 -3.830200 
72 -3.848200 
73 -3.920200 
74 -4.080200 
75 -4.321200 
76 -4.599200 
77 -4.876200 
78 -5.126200 
79 -5.330200 
80 -5.477200 
81 -5.564200 
82 -5.591200 
83 -5.563200 
84 -5.489200 
85 -5.381200 
86 -5.251200 
87 -5.113200 
88 -4.982200 
89 -4.872200 
90 -4.799200 
91 -4.773200 

1 -4.934200 
2 -4.935200 
3 -4.940200 
4 -4.953200 
5 -4.975200 
6 -4.999200 
7 -5.014200 
8 -5.002200 
9 -4.940200 
10 -4.835200 
11 -4.773200 
12 -4.799200 
13 -4.872200 
14 -4.982200 
15 -5.113200 
16 -5.251200 
17 -5.381200 
18 -5.489200 
19 -5.563200 
20 -5.591200 
21 -5.564200 
22 -5.477200 
23 -5.330200 
24 -5.126200 
25 -4.876200 
26 -4.599200 
27 -4.321200 
28 -4.080200 
29 -3.920200 
30 -3.848200 
31 -3.830200 
32 -3.911200 
33 -4.121200 
34 -4.422200 
35 -4.802200 
36 -5.249200 
37 -5.748200 
38 -6.259200 
39 -6.719200 
40 -7.045200 
41 -7.164200 
42 -7.162200 
43 -7.125200 
44 -6.996200 
45 -6.746200 
46 -6.392200 
47 -5.982200 
48 -5.574200 
49 -5.228200 
50 -5.005200 
51 -4.934200 
52 -4.967200 
53 -5.065200 
54 -5.216200 
55 -5.407200 
56 -5.616200 
57 -5.820200 
58 -5.996200 
59 -6.118200 
60 -6.166200 
61 -6.127200 
62 -5.995200 
63 -5.778200 
64 -5.494200 
65 -5.166200 
66 -4.814200 
67 -4.476200 
68 -4.210200 
69 -4.003200 
70 -3.873200 
71 -3.830200 
72 -3.848200 
73 -3.920200 
74 -4.080200 
75 -4.321200 
76 -4.599200 
77 -4.876200 
78 -5.126200 
79 -5.330200 
80 -5.477200 
81 -5.564200 
82 -5.591200 
83 -5.563200 
84 -5.489200 
85 -5.381200 
86 -5.251200 
87 -5.113200 
88 -4.982200 
89 -4.872200 
90 -4.799200 
91 -4.773200 

1 -32.974200 
2 -30.312200 
3 -24.765200 
4 -19.536200 
5 -15.560200 
6 -12.668200 
7 -10.552200 
8 -9.003200 
9 -7.925200 
10 -7.289200 
11 -7.083200 
12 -7.233200 
13 -7.651200 
14 -8.264200 
15 -8.987200 
16 -9.726200 
17 -10.379200 
18 -10.834200 
19 -10.993200 
20 -10.802200 
21 -10.272200 
22 -9.477200 
23 -8.531200 
24 -7.549200 
25 -6.620200 
26 -5.801200 
27 -5.118200 
28 -4.578200 
29 -4.180200 
30 -3.923200 
31 -3.830200 
32 -3.911200 
33 -4.121200 
34 -4.422200 
35 -4.802200 
36 -5.249200 
37 -5.748200 
38 -6.259200 
39 -6.719200 
40 -7.045200 
41 -7.164200 
42 -7.396200 
43 -8.080200 
44 -9.225200 
45 -10.914200 
46 -13.305200 
47 -16.611200 
48 -20.988200 
49 -26.186200 
50 -30.944200 
51 -32.974200 
52 -31.923200 
53 -29.143200 
54 -25.465200 
55 -21.667200 
56 -18.214200 
57 -15.284200 
58 -12.886200 
59 -10.955200 
60 -9.411200 
61 -8.177200 
62 -7.188200 
63 -6.393200 
64 -5.752200 
65 -5.233200 
66 -4.824200 
67 -4.499200 
68 -4.217200 
69 -4.009200 
70 -3.877200 
71 -3.830200 
72 -3.923200 
73 -4.180200 
74 -4.578200 
75 -5.118200 
76 -5.801200 
77 -6.620200 
78 -7.549200 
79 -8.531200 
80 -9.477200 
81 -10.272200 
82 -10.802200 
83 -10.993200 
84 -10.834200 
85 -10.379200 
86 -9.726200 
87 -8.987200 
88 -8.264200 
89 -7.651200 
90 -7.233200 
91 -7.083200 

