1 19.883400 
2 19.877800 
3 19.861300 
4 19.835600 
5 19.802800 
6 19.766200 
7 19.729100 
8 19.695300 
9 19.668200 
10 19.650700 
11 19.644600 
12 19.640200 
13 19.626900 
14 19.604700 
15 19.573500 
16 19.532900 
17 19.482700 
18 19.423000 
19 19.353900 
20 19.275800 
21 19.189500 
22 19.096300 
23 18.998100 
24 18.897500 
25 18.797800 
26 18.702700 
27 18.616400 
28 18.543400 
29 18.487800 
30 18.452800 
31 18.441000 
32 18.489600 
33 18.628400 
34 18.837400 
35 19.090000 
36 19.357400 
37 19.613200 
38 19.835200 
39 20.006000 
40 20.113400 
41 20.150100 
42 20.143800 
43 20.125500 
44 20.096900 
45 20.060500 
46 20.019600 
47 19.978200 
48 19.940300 
49 19.909900 
50 19.890200 
51 19.883400 
52 19.877000 
53 19.857700 
54 19.825500 
55 19.780800 
56 19.723600 
57 19.654300 
58 19.573600 
59 19.482400 
60 19.382000 
61 19.274200 
62 19.161000 
63 19.045200 
64 18.929700 
65 18.818300 
66 18.714600 
67 18.622600 
68 18.546200 
69 18.488700 
70 18.453100 
71 18.441000 
72 18.452800 
73 18.487800 
74 18.543400 
75 18.616400 
76 18.702700 
77 18.797800 
78 18.897500 
79 18.998100 
80 19.096300 
81 19.189500 
82 19.275800 
83 19.353900 
84 19.423000 
85 19.482700 
86 19.532900 
87 19.573500 
88 19.604700 
89 19.626900 
90 19.640200 
91 19.644600 

1 19.883400 
2 19.877800 
3 19.861300 
4 19.835600 
5 19.802800 
6 19.766200 
7 19.729100 
8 19.695300 
9 19.668200 
10 19.650700 
11 19.644600 
12 19.638800 
13 19.621300 
14 19.592300 
15 19.552200 
16 19.501300 
17 19.440200 
18 19.369700 
19 19.291000 
20 19.205200 
21 19.114100 
22 19.019500 
23 18.923800 
24 18.829500 
25 18.739300 
26 18.656300 
27 18.583300 
28 18.523100 
29 18.478200 
30 18.450400 
31 18.441000 
32 18.436900 
33 18.425100 
34 18.406600 
35 18.383200 
36 18.357000 
37 18.330600 
38 18.306700 
39 18.287600 
40 18.275200 
41 18.271000 
42 18.316200 
43 18.445500 
44 18.641000 
45 18.878200 
46 19.130400 
47 19.372600 
48 19.583600 
49 19.746100 
50 19.848500 
51 19.883400 
52 19.875700 
53 19.852900 
54 19.815100 
55 19.763000 
56 19.697600 
57 19.619800 
58 19.531200 
59 19.433200 
60 19.327900 
61 19.217400 
62 19.104300 
63 18.991300 
64 18.881200 
65 18.777300 
66 18.682500 
67 18.599900 
68 18.532400 
69 18.482300 
70 18.451400 
71 18.441000 
72 18.450400 
73 18.478200 
74 18.523100 
75 18.583300 
76 18.656300 
77 18.739300 
78 18.829500 
79 18.923800 
80 19.019500 
81 19.114100 
82 19.205200 
83 19.291000 
84 19.369700 
85 19.440200 
86 19.501300 
87 19.552200 
88 19.592300 
89 19.621300 
90 19.638800 
91 19.644600 

1 18.111700 
2 18.154300 
3 18.275900 
4 18.460600 
5 18.685100 
6 18.924900 
7 19.155800 
8 19.357300 
9 19.512900 
10 19.611100 
11 19.644600 
12 19.638800 
13 19.621300 
14 19.592300 
15 19.552200 
16 19.501300 
17 19.440200 
18 19.369700 
19 19.291000 
20 19.205200 
21 19.114100 
22 19.019500 
23 18.923800 
24 18.829500 
25 18.739300 
26 18.656300 
27 18.583300 
28 18.523100 
29 18.478200 
30 18.450400 
31 18.441000 
32 18.436900 
33 18.425100 
34 18.406600 
35 18.383200 
36 18.357000 
37 18.330600 
38 18.306700 
39 18.287600 
40 18.275200 
41 18.271000 
42 18.267200 
43 18.256100 
44 18.238700 
45 18.216700 
46 18.192200 
47 18.167500 
48 18.145100 
49 18.127200 
50 18.115700 
51 18.111700 
52 18.113700 
53 18.119700 
54 18.129500 
55 18.142800 
56 18.159500 
57 18.179000 
58 18.201000 
59 18.224800 
60 18.249800 
61 18.275600 
62 18.301400 
63 18.326600 
64 18.350500 
65 18.372600 
66 18.392400 
67 18.409300 
68 18.422900 
69 18.432800 
70 18.439000 
71 18.441000 
72 18.450400 
73 18.478200 
74 18.523100 
75 18.583300 
76 18.656300 
77 18.739300 
78 18.829500 
79 18.923800 
80 19.019500 
81 19.114100 
82 19.205200 
83 19.291000 
84 19.369700 
85 19.440200 
86 19.501300 
87 19.552200 
88 19.592300 
89 19.621300 
90 19.638800 
91 19.644600 

1 2.638900 
2 2.613300 
3 2.537600 
4 2.414300 
5 2.248600 
6 2.048900 
7 1.827900 
8 1.605000 
9 1.407200 
10 1.267700 
11 1.216900 
12 1.222300 
13 1.234500 
14 1.243800 
15 1.238600 
16 1.210000 
17 1.154800 
18 1.077800 
19 0.994800 
20 0.936800 
21 0.950200 
22 1.083100 
23 1.351700 
24 1.723700 
25 2.143300 
26 2.560000 
27 2.937800 
28 3.252500 
29 3.487700 
30 3.632800 
31 3.681800 
32 3.617400 
33 3.437200 
34 3.173100 
35 2.859200 
36 2.519300 
37 2.168500 
38 1.821900 
39 1.506900 
40 1.272100 
41 1.182300 
42 1.104700 
43 0.916500 
44 0.708500 
45 0.643200 
46 1.211600 
47 1.704600 
48 2.104500 
49 2.398600 
50 2.578400 
51 2.638900 
52 2.608600 
53 2.518800 
54 2.372400 
55 2.175300 
56 1.938200 
57 1.682700 
58 1.454900 
59 1.340700 
60 1.397700 
61 1.575500 
62 1.815200 
63 2.087600 
64 2.376000 
65 2.665700 
66 2.941900 
67 3.190000 
68 3.397100 
69 3.552700 
70 3.649100 
71 3.681800 
72 3.632800 
73 3.487700 
74 3.252500 
75 2.937800 
76 2.560000 
77 2.143300 
78 1.723700 
79 1.351700 
80 1.083100 
81 0.950200 
82 0.936800 
83 0.994800 
84 1.077800 
85 1.154800 
86 1.210000 
87 1.238600 
88 1.243800 
89 1.234500 
90 1.222300 
91 1.216900 

1 -0.312900 
2 -0.444400 
3 -0.832400 
4 -1.459100 
5 -0.965100 
6 -0.323900 
7 0.217500 
8 0.648900 
9 0.962600 
10 1.153100 
11 1.216900 
12 1.185600 
13 1.092000 
14 0.937000 
15 0.722500 
16 0.451200 
17 0.127600 
18 -0.240400 
19 -0.637400 
20 -1.023800 
21 -1.278700 
22 -1.190000 
23 -0.833900 
24 -0.413500 
25 -0.007400 
26 0.356900 
27 0.666800 
28 0.914500 
29 1.095000 
30 1.204600 
31 1.241400 
32 1.223600 
33 1.171400 
34 1.087600 
35 0.977900 
36 0.850000 
37 0.714700 
38 0.585400 
39 0.477100 
40 0.404600 
41 0.379100 
42 0.308700 
43 0.062300 
44 0.025500 
45 0.515300 
46 0.327300 
47 0.141600 
48 -0.032600 
49 -0.178900 
50 -0.277800 
51 -0.312900 
52 -0.295100 
53 -0.242700 
54 -0.158100 
55 -0.046300 
56 0.084300 
57 0.217900 
58 0.319900 
59 0.326800 
60 0.223600 
61 0.123800 
62 0.134300 
63 0.260400 
64 0.446400 
65 0.642400 
66 0.821600 
67 0.972200 
68 1.090200 
69 1.174300 
70 1.224700 
71 1.241400 
72 1.204600 
73 1.095000 
74 0.914500 
75 0.666800 
76 0.356900 
77 -0.007400 
78 -0.413500 
79 -0.833900 
80 -1.190000 
81 -1.278700 
82 -1.023800 
83 -0.637400 
84 -0.240400 
85 0.127600 
86 0.451200 
87 0.722500 
88 0.937000 
89 1.092000 
90 1.185600 
91 1.216900 

1 -3.689500 
2 -3.251600 
3 -2.476700 
4 -1.691300 
5 -0.965100 
6 -0.323900 
7 0.217500 
8 0.648900 
9 0.962600 
10 1.153100 
11 1.216900 
12 1.185600 
13 1.092000 
14 0.937000 
15 0.722500 
16 0.451200 
17 0.127600 
18 -0.240400 
19 -0.637400 
20 -1.023800 
21 -1.278700 
22 -1.190000 
23 -0.833900 
24 -0.413500 
25 -0.007400 
26 0.356900 
27 0.666800 
28 0.914500 
29 1.095000 
30 1.204600 
31 1.241400 
32 1.160900 
33 0.919100 
34 0.522200 
35 0.000800 
36 -0.571700 
37 -1.076300 
38 -1.389200 
39 -1.477000 
40 -1.434700 
41 -1.399200 
42 -1.144900 
43 -0.599000 
44 -0.424600 
45 -1.144900 
46 -2.031600 
47 -3.002400 
48 -3.507600 
49 -3.603300 
50 -3.667100 
51 -3.689500 
52 -3.693400 
53 -3.705700 
54 -3.727900 
55 -3.762200 
56 -3.811400 
57 -3.665200 
58 -3.157500 
59 -2.635700 
60 -2.115000 
61 -1.607100 
62 -1.121300 
63 -0.665500 
64 -0.246400 
65 0.130000 
66 0.458500 
67 0.734400 
68 0.953500 
69 1.112600 
70 1.209100 
71 1.241400 
72 1.204600 
73 1.095000 
74 0.914500 
75 0.666800 
76 0.356900 
77 -0.007400 
78 -0.413500 
79 -0.833900 
80 -1.190000 
81 -1.278700 
82 -1.023800 
83 -0.637400 
84 -0.240400 
85 0.127600 
86 0.451200 
87 0.722500 
88 0.937000 
89 1.092000 
90 1.185600 
91 1.216900 

1 -3.689500 
2 -3.251600 
3 -2.476700 
4 -1.691300 
5 -2.299000 
6 -3.321700 
7 -4.494300 
8 -5.779600 
9 -5.268700 
10 -4.929000 
11 -4.811400 
12 -4.900100 
13 -5.160900 
14 -5.580100 
15 -6.139000 
16 -5.869500 
17 -5.125700 
18 -4.417100 
19 -3.760300 
20 -3.194700 
21 -2.839700 
22 -2.904200 
23 -3.306600 
24 -3.724400 
25 -4.096600 
26 -4.575300 
27 -5.106600 
28 -5.635400 
29 -6.098000 
30 -6.421200 
31 -6.538200 
32 -6.365500 
33 -5.930200 
34 -5.375900 
35 -4.802700 
36 -4.266800 
37 -3.799800 
38 -3.421100 
39 -3.143000 
40 -2.973300 
41 -2.916200 
42 -2.932400 
43 -2.980100 
44 -3.056300 
45 -3.155800 
46 -3.271200 
47 -3.392500 
48 -3.949500 
49 -3.908800 
50 -3.744700 
51 -3.689500 
52 -3.701900 
53 -3.739200 
54 -3.801000 
55 -3.886800 
56 -3.996000 
57 -3.872000 
58 -3.461400 
59 -3.081900 
60 -2.793900 
61 -2.676300 
62 -2.789000 
63 -3.116300 
64 -3.588800 
65 -4.139700 
66 -4.718000 
67 -5.280900 
68 -5.785300 
69 -6.187800 
70 -6.448200 
71 -6.538200 
72 -6.421200 
73 -6.098000 
74 -5.635400 
75 -5.106600 
76 -4.575300 
77 -4.096600 
78 -3.724400 
79 -3.306600 
80 -2.904200 
81 -2.839700 
82 -3.194700 
83 -3.760300 
84 -4.417100 
85 -5.125700 
86 -5.869500 
87 -6.139000 
88 -5.580100 
89 -5.160900 
90 -4.900100 
91 -4.811400 

1 -5.343400 
2 -5.813500 
3 -6.677900 
4 -7.590200 
5 -8.208400 
6 -7.296100 
7 -6.484800 
8 -5.798900 
9 -7.129000 
10 -8.447300 
11 -9.254300 
12 -8.891600 
13 -8.190000 
14 -7.417900 
15 -6.637400 
16 -5.869500 
17 -5.125700 
18 -4.417100 
19 -3.760300 
20 -3.194700 
21 -2.839700 
22 -2.904200 
23 -3.306600 
24 -3.835700 
25 -4.400600 
26 -4.957600 
27 -5.472800 
28 -5.914300 
29 -6.253000 
30 -6.465800 
31 -6.538200 
32 -6.365500 
33 -5.930200 
34 -5.375900 
35 -4.802700 
36 -4.266800 
37 -3.799800 
38 -3.421100 
39 -3.143000 
40 -2.973300 
41 -2.916200 
42 -3.099400 
43 -3.450600 
44 -3.803800 
45 -4.128700 
46 -4.428600 
47 -4.539000 
48 -4.176600 
49 -4.725700 
50 -5.196400 
51 -5.343400 
52 -5.294900 
53 -5.147800 
54 -4.900600 
55 -4.559200 
56 -4.140000 
57 -3.878500 
58 -3.966300 
59 -4.077300 
60 -4.213300 
61 -4.375700 
62 -4.564900 
63 -4.780100 
64 -5.019700 
65 -5.279600 
66 -5.553400 
67 -5.830900 
68 -6.095500 
69 -6.322900 
70 -6.480900 
71 -6.538200 
72 -6.465800 
73 -6.253000 
74 -5.914300 
75 -5.472800 
76 -4.957600 
77 -4.400600 
78 -3.835700 
79 -3.306600 
80 -2.904200 
81 -2.839700 
82 -3.194700 
83 -3.760300 
84 -4.417100 
85 -5.125700 
86 -5.869500 
87 -6.637400 
88 -7.417900 
89 -8.190000 
90 -8.891600 
91 -9.254300 

1 -5.343400 
2 -5.813500 
3 -6.677900 
4 -7.590200 
5 -8.451200 
6 -9.094200 
7 -9.142700 
8 -9.187100 
9 -9.223000 
10 -9.246200 
11 -9.254300 
12 -8.891600 
13 -8.190000 
14 -7.417900 
15 -6.637400 
16 -6.815500 
17 -6.747300 
18 -5.850900 
19 -5.029200 
20 -4.331600 
21 -3.816300 
22 -3.538500 
23 -3.518500 
24 -3.835700 
25 -4.400600 
26 -4.957600 
27 -5.472800 
28 -5.914300 
29 -6.253000 
30 -6.465800 
31 -6.538200 
32 -6.548000 
33 -6.576400 
34 -6.621400 
35 -6.679000 
36 -6.744500 
37 -6.811600 
38 -6.873700 
39 -6.924000 
40 -6.956900 
41 -6.968300 
42 -6.834500 
43 -6.479400 
44 -5.999400 
45 -5.480400 
46 -4.981400 
47 -4.706200 
48 -4.955000 
49 -5.158700 
50 -5.295100 
51 -5.343400 
52 -5.296100 
53 -5.156600 
54 -4.931800 
55 -4.632000 
56 -4.271900 
57 -4.127600 
58 -4.280300 
59 -4.452500 
60 -4.642200 
61 -4.846800 
62 -5.063000 
63 -5.286800 
64 -5.513300 
65 -5.736200 
66 -5.948400 
67 -6.141200 
68 -6.305400 
69 -6.431400 
70 -6.511000 
71 -6.538200 
72 -6.465800 
73 -6.253000 
74 -5.914300 
75 -5.472800 
76 -4.957600 
77 -4.400600 
78 -3.835700 
79 -3.518500 
80 -3.538500 
81 -3.816300 
82 -4.331600 
83 -5.029200 
84 -5.850900 
85 -6.747300 
86 -6.815500 
87 -6.637400 
88 -7.417900 
89 -8.190000 
90 -8.891600 
91 -9.254300 

1 -8.942900 
2 -8.950100 
3 -8.971200 
4 -9.004300 
5 -8.451200 
6 -9.206000 
7 -9.824100 
8 -10.297400 
9 -10.630000 
10 -10.827700 
11 -10.893400 
12 -10.710400 
13 -10.205000 
14 -9.473000 
15 -8.608800 
16 -7.685400 
17 -7.595700 
18 -8.438700 
19 -9.314900 
20 -10.159000 
21 -10.864700 
22 -11.312200 
23 -11.481900 
24 -11.469200 
25 -11.373100 
26 -11.252900 
27 -11.140300 
28 -11.052300 
29 -10.996200 
30 -10.970200 
31 -10.963900 
32 -10.687400 
33 -10.037300 
34 -9.278600 
35 -8.577900 
36 -8.057400 
37 -7.842800 
38 -8.046800 
39 -8.679700 
40 -8.978800 
41 -8.886200 
42 -9.046300 
43 -9.500900 
44 -9.906900 
45 -9.682300 
46 -9.374100 
47 -9.046900 
48 -8.803700 
49 -8.742000 
50 -8.855000 
51 -8.942900 
52 -8.893400 
53 -8.774500 
54 -8.647000 
55 -8.559700 
56 -8.534500 
57 -8.573400 
58 -8.669300 
59 -8.813200 
60 -8.996200 
61 -9.210000 
62 -9.446700 
63 -9.697500 
64 -9.952300 
65 -10.199700 
66 -10.426700 
67 -10.621200 
68 -10.755200 
69 -10.850800 
70 -10.931200 
71 -10.963900 
72 -10.970200 
73 -10.996200 
74 -11.052300 
75 -11.140300 
76 -11.252900 
77 -11.373100 
78 -11.469200 
79 -11.481900 
80 -11.312200 
81 -10.864700 
82 -10.159000 
83 -9.314900 
84 -8.438700 
85 -7.595700 
86 -7.685400 
87 -8.608800 
88 -9.473000 
89 -10.205000 
90 -10.710400 
91 -10.893400 

1 -11.906500 
2 -11.272400 
3 -10.242100 
4 -9.199500 
5 -9.046600 
6 -9.206000 
7 -9.824100 
8 -10.297400 
9 -10.630000 
10 -10.827700 
11 -10.893400 
12 -11.254900 
13 -11.947400 
25 -11.820500 
26 -11.577900 
27 -11.368800 
28 -11.197800 
29 -11.070000 
30 -10.990800 
31 -10.963900 
32 -11.142900 
33 -11.588300 
35 -11.880800 
36 -11.025000 
37 -10.291200 
38 -9.694800 
39 -9.252200 
40 -9.566800 
41 -10.123900 
42 -10.105000 
43 -10.039900 
44 -10.179400 
45 -10.977800 
46 -11.767900 
50 -11.985700 
51 -11.906500 
52 -11.943700 
53 -11.974100 
54 -11.611200 
55 -11.134900 
56 -10.735800 
57 -10.435700 
58 -10.234600 
59 -10.124100 
60 -10.090800 
61 -10.118600 
62 -10.190000 
63 -10.286200 
64 -10.389500 
65 -10.487500 
66 -10.577000 
67 -10.663600 
68 -10.774000 
69 -10.881100 
70 -10.943500 
71 -10.963900 
72 -10.990800 
73 -11.070000 
74 -11.197800 
75 -11.368800 
76 -11.577900 
77 -11.820500 
89 -11.947400 
90 -11.254900 
91 -10.893400 

10 -11.586500 
11 -10.893400 
12 -11.254900 
13 -11.947400 
25 -11.820500 
26 -11.577900 
27 -11.368800 
28 -11.197800 
29 -11.070000 
30 -10.990800 
31 -10.963900 
32 -11.142900 
33 -11.588300 
68 -11.727500 
69 -11.322400 
70 -11.057000 
71 -10.963900 
72 -10.990800 
73 -11.070000 
74 -11.197800 
75 -11.368800 
76 -11.577900 
77 -11.820500 
89 -11.947400 
90 -11.254900 
91 -10.893400 














