1 2.229200 
2 2.336200 
3 2.428200 
4 2.646200 
5 2.903200 
6 3.170200 
7 3.420200 
8 3.633200 
9 3.793200 
10 3.893200 
11 3.926200 
12 3.919200 
13 3.922200 
14 4.015200 
15 4.321200 
16 4.863200 
17 5.492200 
18 6.046200 
19 6.439200 
20 6.655200 
21 6.719200 
22 6.688200 
23 6.586200 
24 6.400200 
25 6.124200 
26 5.761200 
27 5.325200 
28 4.840200 
29 4.338200 
30 3.864200 
31 3.465200 
32 3.184200 
33 3.038200 
34 3.015200 
35 3.084200 
36 3.206200 
37 3.349200 
38 3.490200 
39 3.603200 
40 3.671200 
41 3.693200 
42 3.675200 
43 3.622200 
44 3.535200 
45 3.417200 
46 3.272200 
47 3.104200 
48 2.921200 
49 2.730200 
50 2.540200 
51 2.363200 
52 2.220200 
53 2.447200 
54 2.604200 
55 2.693200 
56 2.721200 
57 2.692200 
58 2.615200 
59 2.502200 
60 2.367200 
61 2.229200 
62 2.337200 
63 2.373200 
64 2.467200 
65 3.140200 
66 3.989200 
67 4.885200 
68 5.690200 
69 6.286200 
70 6.621200 
71 6.719200 
72 6.655200 
73 6.439200 
74 6.046200 
75 5.492200 
76 4.863200 
77 4.321200 
78 4.015200 
79 3.922200 
80 3.919200 
81 3.926200 

1 2.229200 
2 2.281200 
3 2.398200 
4 2.422200 
5 2.415200 
6 2.387200 
7 2.347200 
8 2.304200 
9 2.267200 
10 2.241200 
11 2.232200 
12 2.205200 
13 2.123200 
14 1.994200 
15 1.825200 
16 1.629200 
17 1.426200 
18 1.234200 
19 1.075200 
20 0.971200 
21 0.934200 
22 0.937200 
23 0.942200 
24 0.947200 
25 0.947200 
26 0.934200 
27 0.903200 
28 0.845200 
29 0.838200 
30 1.223200 
31 1.603200 
32 1.966200 
33 2.307200 
34 2.618200 
35 2.895200 
36 3.134200 
37 3.333200 
38 3.486200 
39 3.597200 
40 3.668200 
41 3.693200 
42 3.675200 
43 3.622200 
44 3.535200 
45 3.417200 
46 3.272200 
47 3.104200 
48 2.921200 
49 2.730200 
50 2.540200 
51 2.363200 
52 2.208200 
53 2.086200 
54 2.001200 
55 1.957200 
56 1.951200 
57 1.976200 
58 2.026200 
59 2.090200 
60 2.160200 
61 2.229200 
62 2.337200 
63 2.373200 
64 2.314200 
65 2.156200 
66 1.912200 
67 1.617200 
68 1.328200 
69 1.104200 
70 0.975200 
71 0.934200 
72 0.971200 
73 1.075200 
74 1.234200 
75 1.426200 
76 1.629200 
77 1.825200 
78 1.994200 
79 2.123200 
80 2.205200 
81 2.232200 

1 2.229200 
2 2.071200 
3 1.857200 
4 1.584200 
5 1.252200 
6 0.860200 
7 0.412200 
8 -0.082800 
9 -0.599800 
10 -1.068800 
11 -1.089800 
12 -0.863800 
13 -0.215800 
14 0.494200 
15 0.976200 
16 1.139200 
17 1.103200 
18 1.018200 
19 0.962200 
20 0.940200 
21 0.934200 
22 0.937200 
23 0.942200 
24 0.947200 
25 0.947200 
26 0.934200 
27 0.903200 
28 0.845200 
29 0.754200 
30 0.622200 
31 0.446200 
32 0.222200 
33 -0.054800 
34 -0.381800 
35 -0.758800 
36 -1.178800 
37 -1.627800 
38 -2.080800 
39 -2.491800 
40 -2.792800 
41 -2.905800 
42 -2.763800 
43 -2.378800 
44 -1.836800 
45 -1.218800 
46 -0.584800 
47 0.029200 
48 0.598200 
49 1.108200 
50 1.550200 
51 1.922200 
52 2.208200 
53 2.086200 
54 2.001200 
55 1.957200 
56 1.951200 
57 1.976200 
58 2.026200 
59 2.090200 
60 2.160200 
61 2.229200 
62 2.034200 
63 2.085200 
64 2.314200 
65 2.156200 
66 1.912200 
67 1.617200 
68 1.328200 
69 1.104200 
70 0.975200 
71 0.934200 
72 0.940200 
73 0.962200 
74 1.018200 
75 1.103200 
76 1.139200 
77 0.976200 
78 0.494200 
79 -0.215800 
80 -0.863800 
81 -1.089800 

1 -1.530800 
2 -1.520800 
3 -1.490800 
4 -1.443800 
5 -1.381800 
6 -1.312800 
7 -1.242800 
8 -1.180800 
9 -1.131800 
10 -1.099800 
11 -1.289800 
12 -1.202800 
13 -1.102800 
14 -0.987800 
15 -0.871800 
16 -0.781800 
17 -0.178800 
18 0.305200 
19 0.654200 
20 0.864200 
21 0.934200 
22 0.916200 
23 0.859200 
24 0.766200 
25 0.637200 
26 0.473200 
27 0.277200 
28 0.455200 
29 0.754200 
30 0.622200 
31 0.446200 
32 0.222200 
33 -0.054800 
34 -0.381800 
35 -0.758800 
36 -1.178800 
37 -1.627800 
38 -2.080800 
39 -2.491800 
40 -2.792800 
41 -2.905800 
42 -2.879800 
43 -2.806800 
44 -2.693800 
45 -2.551800 
46 -2.390800 
47 -2.222800 
48 -2.054800 
49 -1.896800 
50 -1.755800 
51 -1.637800 
52 -1.546800 
53 -1.485800 
54 -1.453800 
55 -1.446800 
56 -1.455800 
57 -1.474800 
58 -1.495800 
59 -1.514800 
60 -1.526800 
61 -1.530800 
62 -1.512800 
63 -1.458800 
64 -1.369800 
65 -1.257800 
66 -1.141800 
67 -1.049800 
68 -0.224800 
69 0.434200 
70 0.812200 
71 0.934200 
72 0.864200 
73 0.654200 
74 0.305200 
75 -0.178800 
76 -0.781800 
77 -0.871800 
78 -0.987800 
79 -1.102800 
80 -1.202800 
81 -1.289800 

1 -1.530800 
2 -1.529800 
3 -1.524800 
4 -1.517800 
5 -1.509800 
6 -1.499800 
7 -1.489800 
8 -1.481800 
9 -1.474800 
10 -1.469800 
11 -1.468800 
12 -1.455800 
13 -1.421800 
14 -1.371800 
15 -1.314800 
16 -0.786800 
17 -0.769800 
18 -0.838800 
19 -0.965800 
20 -1.085800 
21 -1.133800 
22 -1.095800 
23 -0.980800 
24 -0.795800 
25 -0.548800 
26 -0.249800 
27 0.089200 
28 0.050200 
29 -0.202800 
30 -0.477800 
31 -0.770800 
32 -1.072800 
33 -1.378800 
34 -1.679800 
35 -1.965800 
36 -2.228800 
37 -2.458800 
38 -2.647800 
39 -2.788800 
40 -2.875800 
41 -2.905800 
42 -2.879800 
43 -2.806800 
44 -2.693800 
45 -2.551800 
46 -2.390800 
47 -2.222800 
48 -2.054800 
49 -1.896800 
50 -1.755800 
51 -1.637800 
52 -1.546800 
53 -1.485800 
54 -1.453800 
55 -1.446800 
56 -1.455800 
57 -1.474800 
58 -1.495800 
59 -1.514800 
60 -1.526800 
61 -1.530800 
62 -1.512800 
63 -1.458800 
64 -1.369800 
65 -1.257800 
66 -1.141800 
67 -1.049800 
68 -1.011800 
69 -1.040800 
70 -1.102800 
71 -1.133800 
72 -1.085800 
73 -0.965800 
74 -0.838800 
75 -0.769800 
76 -0.786800 
77 -1.314800 
78 -1.371800 
79 -1.421800 
80 -1.455800 
81 -1.468800 

1 -14.042800 
2 -12.445800 
3 -10.990800 
4 -9.655800 
5 -8.424800 
6 -7.285800 
7 -6.233800 
8 -5.273800 
9 -4.425800 
10 -3.758800 
11 -3.472800 
12 -3.302800 
13 -2.838800 
14 -2.188800 
15 -1.471800 
16 -1.259800 
17 -1.212800 
18 -1.176800 
19 -1.151800 
20 -1.138800 
21 -1.133800 
22 -1.149800 
23 -1.195800 
24 -1.270800 
25 -1.368800 
26 -1.488800 
27 -1.626800 
28 -1.786800 
29 -1.984800 
30 -2.246800 
31 -2.614800 
32 -3.132800 
33 -3.826800 
34 -4.697800 
35 -5.721800 
36 -6.860800 
37 -8.066800 
38 -9.282800 
39 -10.423800 
40 -11.327800 
41 -11.700800 
42 -11.710800 
43 -11.735800 
44 -11.759800 
45 -11.765800 
46 -11.741800 
47 -11.683800 
48 -11.595800 
49 -11.484800 
50 -11.366800 
51 -11.256800 
52 -11.171800 
53 -11.129800 
54 -11.149800 
55 -11.245800 
56 -11.432800 
57 -11.720800 
58 -12.119800 
59 -12.634800 
60 -13.273800 
61 -14.042800 
62 -10.888800 
63 -8.236800 
64 -5.998800 
65 -4.094800 
66 -2.489800 
67 -1.194800 
68 -1.011800 
69 -1.040800 
70 -1.102800 
71 -1.133800 
72 -1.138800 
73 -1.151800 
74 -1.176800 
75 -1.212800 
76 -1.259800 
77 -1.471800 
78 -2.188800 
79 -2.838800 
80 -3.302800 
81 -3.472800 

1 -14.042800 
2 -14.075800 
3 -14.172800 
4 -14.324800 
5 -14.515800 
6 -14.724800 
7 -14.927800 
8 -15.105800 
9 -15.242800 
10 -15.327800 
11 -15.355800 
12 -15.986800 
13 -17.475800 
14 -18.947800 
15 -19.741800 
16 -19.919800 
17 -19.915800 
18 -19.869800 
19 -19.612800 
20 -19.135800 
21 -18.866800 
22 -18.879800 
23 -18.821800 
24 -18.514800 
25 -17.882800 
26 -16.995800 
27 -16.000800 
28 -15.042800 
29 -14.221800 
30 -13.586800 
31 -13.140800 
32 -12.857800 
33 -12.700800 
34 -12.631800 
35 -12.628800 
36 -12.683800 
37 -12.800800 
38 -12.969800 
39 -12.918800 
40 -12.012800 
41 -11.700800 
42 -11.710800 
43 -11.735800 
44 -11.759800 
45 -11.765800 
46 -11.741800 
47 -11.683800 
48 -11.595800 
49 -11.484800 
50 -11.366800 
51 -11.256800 
52 -11.171800 
53 -11.129800 
54 -11.149800 
55 -11.245800 
56 -11.432800 
57 -11.720800 
58 -12.119800 
59 -12.634800 
60 -13.273800 
61 -14.042800 
62 -16.003800 
63 -18.556800 
64 -21.564800 
65 -21.910800 
66 -21.089800 
67 -20.390800 
68 -20.198800 
69 -20.018800 
70 -19.352800 
71 -18.866800 
72 -19.135800 
73 -19.612800 
74 -19.869800 
75 -19.915800 
76 -19.919800 
77 -19.741800 
78 -18.947800 
79 -17.475800 
80 -15.986800 
81 -15.355800 

1 -14.042800 
2 -15.796800 
3 -17.697800 
4 -19.674800 
5 -21.554800 
6 -23.066800 
7 -23.968800 
8 -24.216800 
9 -24.029800 
10 -23.739800 
11 -23.611800 
12 -23.548800 
13 -23.389800 
14 -23.183800 
15 -22.922800 
16 -22.508800 
17 -21.830800 
18 -20.899800 
19 -19.908800 
20 -19.150800 
21 -18.866800 
22 -19.142800 
23 -19.967800 
24 -21.326800 
25 -23.178800 
26 -25.429800 
27 -27.887800 
28 -30.227800 
29 -31.989800 
30 -32.702800 
31 -32.088800 
32 -30.230800 
33 -27.522800 
34 -24.450800 
35 -21.410800 
36 -18.645800 
37 -16.276800 
38 -14.355800 
39 -12.918800 
40 -12.012800 
41 -11.700800 
42 -11.841800 
43 -12.145800 
44 -12.316800 
45 -12.303800 
46 -12.284800 
47 -12.381800 
48 -12.676800 
49 -13.230800 
50 -14.051800 
51 -15.007800 
52 -15.831800 
53 -16.392800 
54 -16.753800 
55 -16.991800 
56 -17.143800 
57 -17.210800 
58 -17.145800 
59 -16.752800 
60 -15.654800 
61 -14.042800 
62 -16.003800 
63 -18.556800 
64 -21.564800 
65 -24.385800 
66 -25.839800 
67 -25.227800 
68 -23.211800 
69 -21.001800 
70 -19.426800 
71 -18.866800 
72 -19.150800 
73 -19.908800 
74 -20.899800 
75 -21.830800 
76 -22.508800 
77 -22.922800 
78 -23.183800 
79 -23.389800 
80 -23.548800 
81 -23.611800 

1 -19.411800 
2 -19.692800 
3 -20.519800 
4 -21.848800 
5 -23.613800 
6 -25.717800 
7 -28.028800 
8 -30.354800 
9 -32.425800 
10 -33.897800 
11 -34.436800 
12 -34.223800 
13 -33.574800 
14 -32.462800 
15 -30.831800 
16 -28.649800 
17 -26.031800 
18 -23.317800 
19 -20.976800 
20 -19.413800 
21 -18.866800 
22 -19.142800 
23 -19.967800 
24 -21.326800 
25 -23.178800 
26 -25.429800 
27 -27.887800 
28 -30.227800 
29 -31.989800 
30 -32.702800 
31 -32.088800 
32 -30.230800 
33 -27.522800 
34 -24.450800 
35 -21.410800 
36 -18.645800 
37 -16.276800 
38 -14.355800 
39 -13.147800 
40 -13.256800 
41 -13.275800 
42 -13.276800 
43 -13.361800 
44 -13.755800 
45 -14.446800 
46 -15.232800 
47 -16.005800 
48 -16.739800 
49 -17.476800 
50 -18.355800 
51 -19.684800 
52 -21.864800 
53 -24.911800 
54 -28.046800 
55 -29.824800 
56 -29.207800 
57 -26.677800 
58 -23.584800 
59 -21.033800 
60 -19.705800 
61 -19.411800 
62 -19.971800 
63 -21.069800 
64 -21.955800 
65 -24.385800 
66 -25.839800 
67 -25.227800 
68 -23.211800 
69 -21.001800 
70 -19.426800 
71 -18.866800 
72 -19.413800 
73 -20.976800 
74 -23.317800 
75 -26.031800 
76 -28.649800 
77 -30.831800 
78 -32.462800 
79 -33.574800 
80 -34.223800 
81 -34.436800 

