1 2.333000 
2 2.373000 
3 2.483900 
4 2.643900 
5 2.827600 
6 3.013200 
7 3.183900 
8 3.327300 
9 3.435100 
10 3.501900 
11 3.524500 
12 3.515300 
13 3.489600 
14 3.454000 
15 3.419800 
16 3.404600 
17 3.431500 
18 3.526200 
19 3.707400 
20 3.975900 
21 4.313200 
22 4.690800 
23 5.081000 
24 5.461400 
25 5.815300 
26 6.130600 
27 6.398600 
28 6.612800 
29 6.768800 
30 6.863600 
31 6.895400 
32 6.871600 
33 6.800400 
34 6.683000 
35 6.521300 
36 6.318000 
37 6.076800 
38 5.802700 
39 5.502200 
40 5.183700 
41 4.858100 
42 4.538600 
43 4.241200 
44 3.981300 
45 3.770900 
46 3.613700 
47 3.505300 
48 3.436000 
49 3.395100 
50 3.374000 
51 3.367400 
52 3.327700 
53 3.210900 
54 3.025300 
55 2.787100 
56 2.524100 
57 2.285100 
58 2.156100 
59 2.222800 
60 2.395100 
61 2.569200 
62 2.316200 
63 2.052400 
64 1.825100 
65 1.858500 
66 2.025300 
67 2.286900 
68 2.628400 
69 3.031000 
70 3.474000 
71 3.938000 
72 4.405500 
73 4.861400 
74 5.292900 
75 5.689000 
76 6.040400 
77 6.339000 
78 6.578400 
79 6.753200 
80 6.859700 
81 6.895400 
82 6.871600 
83 6.800400 
84 6.683000 
85 6.521300 
86 6.318000 
87 6.076800 
88 5.802700 
89 5.502200 
90 5.183700 
91 4.858100 
92 4.538600 
93 4.241200 
94 3.981300 
95 3.770900 
96 3.613700 
97 3.505300 
98 3.436000 
99 3.395100 
100 3.374000 
101 3.367400 

1 1.005400 
2 1.312800 
3 1.590400 
4 1.837100 
5 2.052600 
6 2.236000 
7 2.386800 
8 2.504600 
9 2.589000 
10 2.639800 
11 2.656800 
12 2.642600 
13 2.600200 
14 2.529900 
15 2.433000 
16 2.310500 
17 2.164400 
18 1.996600 
19 1.809900 
20 1.607500 
21 1.393300 
22 1.171500 
23 0.947500 
24 0.726800 
25 0.515800 
26 0.321200 
27 0.149700 
28 0.008000 
29 -0.098100 
30 -0.163800 
31 -0.186000 
32 -0.172800 
33 -0.134100 
34 -0.072300 
35 0.009000 
36 0.104700 
37 0.208700 
38 0.313900 
39 0.412800 
40 0.495500 
41 0.551800 
42 0.569800 
43 0.537400 
44 0.444100 
45 0.286400 
46 0.072100 
47 -0.158700 
48 -0.117600 
49 -0.087000 
50 -0.068300 
51 -0.062100 
52 0.005700 
53 0.199000 
54 0.483500 
55 0.811300 
56 1.142500 
57 1.446500 
58 1.682800 
59 1.804300 
60 1.885200 
61 1.977400 
62 1.851500 
63 1.768500 
64 1.707500 
65 1.465500 
66 1.182300 
67 0.955500 
68 1.008700 
69 1.019200 
70 0.989800 
71 0.924300 
72 0.827200 
73 0.704700 
74 0.563800 
75 0.412600 
76 0.260700 
77 0.117600 
78 -0.007000 
79 -0.103600 
80 -0.165000 
81 -0.186000 
82 -0.172800 
83 -0.134100 
84 -0.072300 
85 0.009000 
86 0.104700 
87 0.208700 
88 0.313900 
89 0.412800 
90 0.495500 
91 0.551800 
92 0.569800 
93 0.537400 
94 0.444100 
95 0.286400 
96 0.072100 
97 -0.158700 
98 -0.117600 
99 -0.087000 
100 -0.068300 
101 -0.062100 

1 1.005400 
2 0.668800 
3 0.304100 
4 -0.087800 
5 -0.505700 
6 -0.948800 
7 -1.415500 
8 -1.904800 
9 -2.415200 
10 -2.945300 
11 -3.155400 
12 -3.147600 
13 -3.116000 
14 -2.702400 
15 -2.224900 
16 -1.742600 
17 -1.308000 
18 -0.965200 
19 -0.744100 
20 -0.651000 
21 -0.669800 
22 -0.771900 
23 -0.927500 
24 -0.848900 
25 -0.676500 
26 -0.528600 
27 -0.406200 
28 -0.310200 
29 -0.241300 
30 -0.199900 
31 -0.186000 
32 -0.194600 
33 -0.219700 
34 -0.259400 
35 -0.310100 
36 -0.366600 
37 -0.421600 
38 -0.466400 
39 -0.492800 
40 -0.495700 
41 -0.475100 
42 -0.435600 
43 -0.383300 
44 -0.324800 
45 -0.265100 
46 -0.208700 
47 -0.158700 
48 -0.117600 
49 -0.087000 
50 -0.068300 
51 -0.062100 
52 -0.092800 
53 -0.184600 
54 -0.334300 
55 -0.167000 
56 0.030000 
57 0.172800 
58 0.212900 
59 0.118100 
60 -0.081700 
61 -0.316900 
62 0.008300 
63 0.289300 
64 0.524700 
65 0.714300 
66 0.857700 
67 0.898800 
68 0.623200 
69 0.362000 
70 0.122300 
71 -0.088600 
72 -0.262900 
73 -0.391700 
74 -0.466900 
75 -0.484800 
76 -0.451900 
77 -0.369000 
78 -0.289700 
79 -0.232400 
80 -0.197600 
81 -0.186000 
82 -0.194600 
83 -0.219700 
84 -0.259400 
85 -0.310100 
86 -0.366600 
87 -0.421600 
88 -0.466400 
89 -0.492800 
90 -0.495700 
91 -0.475100 
92 -0.435600 
93 -0.383300 
94 -0.324800 
95 -0.265100 
96 -0.208700 
97 -0.158700 
98 -0.117600 
99 -0.087000 
100 -0.068300 
101 -0.062100 

1 -1.655600 
2 -1.704100 
3 -1.839500 
4 -2.036800 
5 -2.266200 
6 -2.500700 
7 -2.718200 
8 -2.902000 
9 -3.040600 
10 -3.126400 
11 -3.483100 
12 -3.401800 
13 -3.124200 
14 -3.086200 
15 -3.007100 
16 -2.778300 
17 -2.528000 
18 -2.266600 
19 -2.002700 
20 -1.743500 
21 -1.494400 
22 -1.260200 
23 -1.044100 
24 -0.848900 
25 -0.676500 
26 -0.528600 
27 -0.406200 
28 -0.310300 
29 -0.241400 
30 -0.199900 
31 -0.186000 
32 -0.194600 
33 -0.219700 
34 -0.259400 
35 -0.310100 
36 -0.366600 
37 -0.421600 
38 -0.466400 
39 -0.492800 
40 -0.495700 
41 -0.475100 
42 -0.435600 
43 -0.383300 
44 -0.324800 
45 -0.265100 
46 -0.208700 
47 -0.177800 
48 -0.432100 
49 -0.653600 
50 -0.805600 
51 -0.859900 
52 -0.781800 
53 -0.599600 
54 -0.384200 
55 -0.536500 
56 -0.783500 
57 -1.064100 
58 -1.362800 
59 -1.657700 
60 -1.918400 
61 -2.110000 
62 -1.892200 
63 -1.690200 
64 -1.510900 
65 -1.359400 
66 -1.239100 
67 -1.152300 
68 -1.099900 
69 -1.081200 
70 -1.095000 
71 -1.138400 
72 -1.046800 
73 -0.879700 
74 -0.726200 
75 -0.588800 
76 -0.469100 
77 -0.386600 
78 -0.311500 
79 -0.245500 
80 -0.201400 
81 -0.186000 
82 -0.194600 
83 -0.219700 
84 -0.259400 
85 -0.310100 
86 -0.366600 
87 -0.421600 
88 -0.466400 
89 -0.492800 
90 -0.495700 
91 -0.475100 
92 -0.435600 
93 -0.383300 
94 -0.324800 
95 -0.265100 
96 -0.208700 
97 -0.177800 
98 -0.432100 
99 -0.653600 
100 -0.805600 
101 -0.859900 

1 -3.485900 
2 -3.485800 
3 -3.485600 
4 -3.485400 
5 -3.485000 
6 -3.484600 
7 -3.484100 
8 -3.483700 
9 -3.483400 
10 -3.483100 
11 -3.483100 
12 -3.450300 
13 -3.354400 
14 -3.203100 
15 -3.007100 
16 -2.778300 
17 -2.528000 
18 -2.266600 
19 -2.002700 
20 -1.743500 
21 -1.494400 
22 -1.260200 
23 -1.044100 
24 -1.111300 
25 -1.303200 
26 -1.487500 
27 -1.652200 
28 -1.788800 
29 -1.890600 
30 -1.953400 
31 -1.974600 
32 -1.969200 
33 -1.953900 
34 -1.931000 
35 -1.904500 
36 -1.880700 
37 -1.867200 
38 -1.873500 
39 -1.907700 
40 -1.974700 
41 -2.073700 
42 -2.198800 
43 -2.341500 
44 -2.493000 
45 -2.644500 
46 -2.788200 
47 -2.916900 
48 -3.024100 
49 -3.104800 
50 -3.155000 
51 -3.172100 
52 -3.165900 
53 -3.148000 
54 -3.119700 
55 -3.083400 
56 -3.042500 
57 -3.001600 
58 -2.967100 
59 -2.949300 
60 -2.963300 
61 -3.025800 
62 -2.885200 
63 -2.729500 
64 -2.560600 
65 -2.380800 
66 -2.192700 
67 -1.999000 
68 -1.802400 
69 -1.606000 
70 -1.412700 
71 -1.225400 
72 -1.208000 
73 -1.298700 
74 -1.404800 
75 -1.519400 
76 -1.635000 
77 -1.744000 
78 -1.838700 
79 -1.912200 
80 -1.958700 
81 -1.974600 
82 -1.969200 
83 -1.953900 
84 -1.931000 
85 -1.904500 
86 -1.880700 
87 -1.867200 
88 -1.873500 
89 -1.907700 
90 -1.974700 
91 -2.073700 
92 -2.198800 
93 -2.341500 
94 -2.493000 
95 -2.644500 
96 -2.788200 
97 -2.916900 
98 -3.024100 
99 -3.104800 
100 -3.155000 
101 -3.172100 

1 -9.559800 
2 -8.940600 
3 -8.316800 
4 -7.691600 
5 -7.067900 
6 -6.448500 
7 -5.835700 
8 -5.231700 
9 -4.638800 
10 -4.059000 
11 -3.504600 
12 -3.450300 
13 -3.354400 
14 -3.203100 
15 -3.034400 
16 -2.970700 
17 -2.896600 
18 -2.814400 
19 -2.726400 
20 -2.635000 
21 -2.542100 
22 -2.450500 
23 -2.362200 
24 -2.279300 
25 -2.203500 
26 -2.136500 
27 -2.079800 
28 -2.034400 
29 -2.001400 
30 -1.981300 
31 -1.974600 
32 -1.969200 
33 -1.953900 
34 -1.931000 
35 -1.904500 
36 -1.880700 
37 -1.867300 
38 -1.873500 
39 -1.907700 
40 -1.974700 
41 -2.073700 
42 -2.198800 
43 -2.341500 
44 -2.493000 
45 -2.644500 
46 -2.788200 
47 -2.916900 
48 -3.024100 
49 -3.104800 
50 -3.155000 
51 -3.172100 
52 -3.315700 
53 -3.689800 
54 -4.201600 
55 -4.792100 
56 -5.429200 
57 -6.093400 
58 -6.769400 
59 -7.438700 
60 -8.026100 
61 -7.979300 
62 -8.215000 
63 -7.435700 
64 -6.720100 
65 -6.070900 
66 -5.484600 
67 -4.953400 
68 -4.467400 
69 -4.018400 
70 -3.602100 
71 -3.219200 
72 -2.875000 
73 -2.578700 
74 -2.341400 
75 -2.170400 
76 -2.063700 
77 -2.007400 
78 -1.983200 
79 -1.975600 
80 -1.974400 
81 -1.974600 
82 -1.969200 
83 -1.953900 
84 -1.931000 
85 -1.904500 
86 -1.880700 
87 -1.867300 
88 -1.873500 
89 -1.907700 
90 -1.974700 
91 -2.073700 
92 -2.198800 
93 -2.341500 
94 -2.493000 
95 -2.644500 
96 -2.788200 
97 -2.916900 
98 -3.024100 
99 -3.104800 
100 -3.155000 
101 -3.172100 

1 -9.559800 
2 -10.170700 
3 -10.769100 
4 -11.349700 
5 -11.782800 
6 -11.823000 
7 -11.859800 
8 -11.890700 
9 -11.913900 
10 -11.928300 
11 -11.933100 
45 -11.797000 
46 -11.109300 
47 -10.489200 
48 -9.960000 
49 -9.549700 
50 -9.287500 
51 -9.197000 
52 -9.190400 
53 -9.171900 
54 -9.144200 
55 -9.112000 
56 -9.079800 
57 -9.049600 
58 -9.013000 
59 -8.937900 
60 -8.799400 
61 -9.049600 
62 -8.726700 
63 -9.488000 
64 -10.260800 
65 -11.043000 
66 -11.831800 
95 -11.797000 
96 -11.109300 
97 -10.489200 
98 -9.960000 
99 -9.549700 
100 -9.287500 
101 -9.197000 

1 -11.677400 
2 -11.685700 
3 -11.709000 
4 -11.743200 
5 -11.905800 



















