1 17.557900 
2 17.550100 
3 17.527400 
4 17.491700 
5 17.446200 
6 17.394900 
7 17.342800 
8 17.294900 
9 17.256400 
10 17.231500 
11 17.222800 
12 17.217200 
13 17.200300 
14 17.172000 
15 17.132000 
16 17.080000 
17 17.015900 
18 16.939400 
19 16.850600 
20 16.749700 
21 16.637600 
22 16.515800 
23 16.386400 
24 16.252800 
25 16.118900 
26 15.990000 
27 15.871900 
28 15.771000 
29 15.693400 
30 15.644500 
31 15.627700 
32 15.697000 
33 15.892800 
34 16.183700 
35 16.529300 
36 16.889500 
37 17.229700 
38 17.522100 
39 17.745600 
40 17.885500 
41 17.933100 
42 17.924400 
43 17.899200 
44 17.859500 
45 17.808800 
46 17.751400 
47 17.693000 
48 17.639200 
49 17.595900 
50 17.567700 
51 17.557900 
52 17.549600 
53 17.524800 
54 17.483600 
55 17.425900 
56 17.352000 
57 17.262300 
58 17.157400 
59 17.038500 
60 16.906900 
61 16.764700 
62 16.614500 
63 16.459600 
64 16.304000 
65 16.152400 
66 16.010100 
67 15.882700 
68 15.776000 
69 15.695300 
70 15.644900 
71 15.627700 
72 15.644500 
73 15.693400 
74 15.771000 
75 15.871900 
76 15.990000 
77 16.118900 
78 16.252800 
79 16.386400 
80 16.515800 
81 16.637600 
82 16.749700 
83 16.850600 
84 16.939400 
85 17.015900 
86 17.080000 
87 17.132000 
88 17.172000 
89 17.200300 
90 17.217200 
91 17.222800 

1 17.557900 
2 17.550100 
3 17.527400 
4 17.491700 
5 17.446200 
6 17.394900 
7 17.342800 
8 17.294900 
9 17.256400 
10 17.231500 
11 17.222800 
12 17.215600 
13 17.194100 
14 17.158300 
15 17.108500 
16 17.044900 
17 16.968200 
18 16.879100 
19 16.778600 
20 16.668100 
21 16.549400 
22 16.424900 
23 16.297400 
24 16.170200 
25 16.047000 
26 15.932200 
27 15.830100 
28 15.745100 
29 15.681100 
30 15.641200 
31 15.627700 
32 15.621900 
33 15.605000 
34 15.578500 
35 15.544800 
36 15.507100 
37 15.469000 
38 15.434200 
39 15.406400 
40 15.388400 
41 15.382200 
42 15.446200 
43 15.627700 
44 15.898900 
45 16.223100 
46 16.563300 
47 16.886200 
48 17.164800 
49 17.378300 
50 17.512300 
51 17.557900 
52 17.548200 
53 17.519200 
54 17.471200 
55 17.405000 
56 17.321400 
57 17.221600 
58 17.107200 
59 16.980000 
60 16.842200 
61 16.696400 
62 16.545800 
63 16.393800 
64 16.244200 
65 16.101400 
66 15.969800 
67 15.854000 
68 15.758400 
69 15.686900 
70 15.642700 
71 15.627700 
72 15.641200 
73 15.681100 
74 15.745100 
75 15.830100 
76 15.932200 
77 16.047000 
78 16.170200 
79 16.297400 
80 16.424900 
81 16.549400 
82 16.668100 
83 16.778600 
84 16.879100 
85 16.968200 
86 17.044900 
87 17.108500 
88 17.158300 
89 17.194100 
90 17.215600 
91 17.222800 

1 15.152500 
2 15.212400 
3 15.382800 
4 15.638400 
5 15.945600 
6 16.269300 
7 16.577800 
8 16.844900 
9 17.050000 
10 17.178900 
11 17.222800 
12 17.215600 
13 17.194100 
14 17.158300 
15 17.108500 
16 17.044900 
17 16.968200 
18 16.879100 
19 16.778600 
20 16.668100 
21 16.549400 
22 16.424900 
23 16.297400 
24 16.170200 
25 16.047000 
26 15.932200 
27 15.830100 
28 15.745100 
29 15.681100 
30 15.641200 
31 15.627700 
32 15.621900 
33 15.605000 
34 15.578500 
35 15.544800 
36 15.507100 
37 15.469000 
38 15.434200 
39 15.406400 
40 15.388400 
41 15.382200 
42 15.376700 
43 15.360900 
44 15.336000 
45 15.304500 
46 15.269200 
47 15.233500 
48 15.201000 
49 15.175100 
50 15.158300 
51 15.152500 
52 15.155400 
53 15.164100 
54 15.178300 
55 15.197800 
56 15.222000 
57 15.250400 
58 15.282200 
59 15.316700 
60 15.353000 
61 15.390200 
62 15.427400 
63 15.463600 
64 15.498100 
65 15.529900 
66 15.558200 
67 15.582400 
68 15.601900 
69 15.616100 
70 15.624800 
71 15.627700 
72 15.641200 
73 15.681100 
74 15.745100 
75 15.830100 
76 15.932200 
77 16.047000 
78 16.170200 
79 16.297400 
80 16.424900 
81 16.549400 
82 16.668100 
83 16.778600 
84 16.879100 
85 16.968200 
86 17.044900 
87 17.108500 
88 17.158300 
89 17.194100 
90 17.215600 
91 17.222800 

1 2.761700 
2 2.737300 
3 2.664500 
4 2.545700 
5 2.385000 
6 2.188900 
7 1.968000 
8 1.739100 
9 1.528200 
10 1.372800 
11 1.314400 
12 1.323600 
13 1.344100 
14 1.359700 
15 1.353200 
16 1.311500 
17 1.228200 
18 1.103200 
19 0.944600 
20 0.770900 
21 0.617200 
22 0.542100 
23 0.616300 
24 0.865000 
25 1.233400 
26 1.642000 
27 2.031500 
28 2.364300 
29 2.616700 
30 2.773900 
31 2.827200 
32 2.758200 
33 2.576700 
34 2.335300 
35 2.070100 
36 1.790200 
37 1.495700 
38 1.191900 
39 0.897500 
40 0.657600 
41 0.557400 
42 0.492600 
43 0.405700 
44 0.309500 
45 0.721000 
46 1.291400 
47 1.794400 
48 2.206300 
49 2.511300 
50 2.698600 
51 2.761700 
52 2.730100 
53 2.636100 
54 2.482000 
55 2.272100 
56 2.013200 
57 1.717100 
58 1.405200 
59 1.127200 
60 0.993300 
61 1.052600 
62 1.206000 
63 1.396500 
64 1.609700 
65 1.840600 
66 2.081500 
67 2.316400 
68 2.525000 
69 2.688200 
70 2.791700 
71 2.827200 
72 2.773900 
73 2.616700 
74 2.364300 
75 2.031500 
76 1.642000 
77 1.233400 
78 0.865000 
79 0.616300 
80 0.542100 
81 0.617200 
82 0.770900 
83 0.944600 
84 1.103200 
85 1.228200 
86 1.311500 
87 1.353200 
88 1.359700 
89 1.344100 
90 1.323600 
91 1.314400 

1 -0.640700 
2 -0.755900 
3 -1.068500 
4 -0.971300 
5 -0.544900 
6 -0.064200 
7 0.393500 
8 0.781400 
9 1.073100 
10 1.253500 
11 1.314400 
12 1.286300 
13 1.202600 
14 1.065000 
15 0.876700 
16 0.642600 
17 0.369800 
18 0.068600 
19 -0.246300 
20 -0.553800 
21 -0.817500 
22 -0.917200 
23 -0.701300 
24 -0.354500 
25 0.017400 
26 0.373200 
27 0.688700 
28 0.948200 
29 1.140700 
30 1.259100 
31 1.299000 
32 1.282100 
33 1.232200 
34 1.151400 
35 1.043800 
36 0.915500 
37 0.775000 
38 0.634700 
39 0.511000 
40 0.423800 
41 0.392100 
42 0.306000 
43 -0.041100 
44 0.122700 
45 0.187900 
46 0.042000 
47 -0.122000 
48 -0.294200 
49 -0.458800 
50 -0.588400 
51 -0.640700 
52 -0.613500 
53 -0.537800 
54 -0.425700 
55 -0.288700 
56 -0.136300 
57 0.022500 
58 0.173100 
59 0.280000 
60 0.259500 
61 0.111600 
62 0.019000 
63 0.104700 
64 0.326500 
65 0.582800 
66 0.813700 
67 0.998100 
68 1.134500 
69 1.227400 
70 1.281300 
71 1.299000 
72 1.259100 
73 1.140700 
74 0.948200 
75 0.688700 
76 0.373200 
77 0.017400 
78 -0.354500 
79 -0.701300 
80 -0.917200 
81 -0.817500 
82 -0.553800 
83 -0.246300 
84 0.068600 
85 0.369800 
86 0.642600 
87 0.876700 
88 1.065000 
89 1.202600 
90 1.286300 
91 1.314400 

1 -1.448500 
2 -1.407100 
3 -1.262000 
4 -0.971300 
5 -0.544900 
6 -0.064200 
7 0.393500 
8 0.781400 
9 1.073100 
10 1.253500 
11 1.314400 
12 1.286300 
13 1.202600 
14 1.065000 
15 0.876700 
16 0.642600 
17 0.369800 
18 0.068600 
19 -0.246300 
20 -0.553800 
21 -0.817500 
22 -0.917200 
23 -0.701300 
24 -0.354500 
25 0.017400 
26 0.373200 
27 0.688700 
28 0.948200 
29 1.140700 
30 1.259100 
31 1.299000 
32 1.208200 
33 0.926900 
34 0.448500 
35 -0.195200 
36 -0.926400 
37 -1.609100 
38 -1.436000 
39 -1.199600 
40 -0.991700 
41 -0.901800 
42 -0.792200 
43 -0.426700 
44 -0.603100 
45 -1.237600 
46 -1.356200 
47 -1.384500 
48 -1.410400 
49 -1.431100 
50 -1.444000 
51 -1.448500 
52 -1.452000 
53 -1.462400 
54 -1.479100 
55 -1.501500 
56 -1.528400 
57 -1.556700 
58 -1.581100 
59 -1.579700 
60 -1.486700 
61 -1.270400 
62 -0.966300 
63 -0.610100 
64 -0.236500 
65 0.126800 
66 0.460000 
67 0.749200 
68 0.984100 
69 1.157200 
70 1.263300 
71 1.299000 
72 1.259100 
73 1.140700 
74 0.948200 
75 0.688700 
76 0.373200 
77 0.017400 
78 -0.354500 
79 -0.701300 
80 -0.917200 
81 -0.817500 
82 -0.553800 
83 -0.246300 
84 0.068600 
85 0.369800 
86 0.642600 
87 0.876700 
88 1.065000 
89 1.202600 
90 1.286300 
91 1.314400 

1 -1.448500 
2 -1.407100 
3 -1.262000 
4 -1.465400 
5 -1.775900 
6 -1.768800 
7 -1.624400 
8 -1.460600 
9 -1.298300 
10 -1.171900 
11 -1.122700 
12 -1.160100 
13 -1.262400 
14 -1.406100 
15 -1.564600 
16 -1.715700 
17 -1.845900 
18 -1.853400 
19 -1.756100 
20 -1.625500 
21 -1.462800 
22 -1.357600 
23 -1.456200 
24 -1.599100 
25 -1.718700 
26 -1.810000 
27 -1.875000 
28 -1.917100 
29 -1.940500 
30 -1.951100 
31 -1.953900 
32 -1.944900 
33 -1.918000 
34 -1.873700 
35 -1.811900 
36 -1.735000 
37 -1.646500 
38 -1.553500 
39 -1.467400 
40 -1.404500 
41 -1.381500 
42 -1.350500 
43 -1.314400 
44 -1.311800 
45 -1.329600 
46 -1.696300 
47 -1.763000 
48 -1.681300 
49 -1.578500 
50 -1.487400 
51 -1.448500 
52 -1.463300 
53 -1.502200 
54 -1.554700 
55 -1.611900 
56 -1.668700 
57 -1.721500 
58 -1.769300 
59 -1.810600 
60 -1.782400 
61 -1.648400 
62 -1.503500 
63 -1.497600 
64 -1.596300 
65 -1.716000 
66 -1.813300 
67 -1.878300 
68 -1.917000 
69 -1.939000 
70 -1.950400 
71 -1.953900 
72 -1.951100 
73 -1.940500 
74 -1.917100 
75 -1.875000 
76 -1.810000 
77 -1.718700 
78 -1.599100 
79 -1.456200 
80 -1.357600 
81 -1.462800 
82 -1.625500 
83 -1.756100 
84 -1.853400 
85 -1.845900 
86 -1.715700 
87 -1.564600 
88 -1.406100 
89 -1.262400 
90 -1.160100 
91 -1.122700 

1 -2.083700 
2 -2.071900 
3 -2.036100 
4 -1.974700 
5 -1.886000 
6 -1.939500 
7 -2.014300 
8 -2.046900 
9 -2.061100 
10 -2.066800 
11 -2.068000 
12 -2.065400 
13 -2.056700 
14 -2.040400 
15 -2.014600 
16 -1.977400 
17 -1.925000 
18 -1.853400 
19 -1.756100 
20 -1.625500 
21 -1.462800 
22 -1.357600 
23 -1.456200 
24 -1.599100 
25 -1.718700 
26 -1.810000 
27 -1.875000 
28 -1.917100 
29 -1.940500 
30 -1.951100 
31 -1.953900 
32 -1.957200 
33 -1.967000 
34 -1.983000 
35 -1.980300 
36 -1.840400 
37 -1.694200 
38 -2.076100 
39 -2.092400 
40 -2.102100 
41 -2.105600 
42 -2.098200 
43 -2.077200 
44 -2.042400 
45 -1.997500 
46 -1.972100 
47 -2.063800 
48 -2.117700 
49 -2.098700 
50 -2.087200 
51 -2.083700 
52 -2.085500 
53 -2.091200 
54 -2.100600 
55 -2.112600 
56 -2.063400 
57 -1.998800 
58 -1.917700 
59 -1.829500 
60 -1.817600 
61 -1.792100 
62 -1.821600 
63 -1.855100 
64 -1.887000 
65 -1.914200 
66 -1.935100 
67 -1.948200 
68 -1.954200 
69 -1.955300 
70 -1.954500 
71 -1.953900 
72 -1.951100 
73 -1.940500 
74 -1.917100 
75 -1.875000 
76 -1.810000 
77 -1.718700 
78 -1.599100 
79 -1.456200 
80 -1.357600 
81 -1.462800 
82 -1.625500 
83 -1.756100 
84 -1.853400 
85 -1.925000 
86 -1.977400 
87 -2.014600 
88 -2.040400 
89 -2.056700 
90 -2.065400 
91 -2.068000 

1 -2.194700 
2 -2.186900 
3 -2.163600 
4 -2.129500 
5 -2.097200 
6 -2.076700 
7 -2.067600 
8 -2.065200 
9 -2.066100 
10 -2.067600 
11 -2.068000 
12 -2.065400 
13 -2.056700 
14 -2.040400 
15 -2.014600 
16 -1.977400 
17 -1.925000 
18 -1.950600 
19 -2.026000 
20 -2.051200 
21 -1.979500 
22 -1.848500 
23 -1.750500 
24 -1.748500 
25 -1.823800 
26 -1.927300 
27 -2.008100 
28 -1.984800 
29 -1.967800 
30 -1.957400 
31 -1.953900 
32 -1.957200 
33 -1.967000 
34 -1.983000 
35 -2.004300 
36 -2.028700 
37 -2.053900 
38 -2.076100 
39 -2.092400 
40 -2.102100 
41 -2.105600 
42 -2.111000 
43 -2.128200 
44 -2.151000 
45 -2.120300 
46 -2.122200 
47 -2.138000 
48 -2.141400 
49 -2.176200 
50 -2.189900 
51 -2.194700 
52 -2.189600 
53 -2.174800 
54 -2.149300 
55 -2.113700 
56 -2.130500 
57 -2.150400 
58 -2.123100 
59 -2.026900 
60 -1.895600 
61 -1.898500 
62 -1.928000 
63 -1.958000 
64 -1.988000 
65 -2.016400 
66 -1.996800 
67 -1.981000 
68 -1.968900 
69 -1.960500 
70 -1.955600 
71 -1.953900 
72 -1.957400 
73 -1.967800 
74 -1.984800 
75 -2.008100 
76 -1.927300 
77 -1.823800 
78 -1.748500 
79 -1.750500 
80 -1.848500 
81 -1.979500 
82 -2.051200 
83 -2.026000 
84 -1.950600 
85 -1.925000 
86 -1.977400 
87 -2.014600 
88 -2.040400 
89 -2.056700 
90 -2.065400 
91 -2.068000 

1 -2.194700 
2 -2.186900 
3 -2.163600 
4 -2.129500 
5 -2.097200 
6 -2.076700 
7 -2.067600 
8 -2.065200 
9 -2.066100 
10 -2.067600 
11 -2.068000 
12 -2.071600 
13 -2.082200 
14 -2.099400 
15 -2.122600 
16 -2.149800 
17 -2.177200 
18 -2.197300 
19 -2.200800 
20 -2.195400 
21 -2.220800 
22 -2.191200 
23 -2.148600 
24 -2.108300 
25 -2.070700 
26 -2.037000 
27 -2.025500 
28 -2.104400 
29 -2.160500 
30 -2.193500 
31 -2.204500 
32 -2.191500 
33 -2.151500 
34 -2.082600 
35 -2.004300 
36 -2.028700 
37 -2.053900 
38 -2.250800 
39 -2.356200 
40 -2.346600 
41 -2.344000 
42 -2.331100 
43 -2.256300 
44 -2.157500 
45 -2.200100 
46 -2.176900 
47 -2.143800 
48 -2.158400 
49 -2.176900 
50 -2.190600 
51 -2.194700 
52 -2.195300 
53 -2.197100 
54 -2.198900 
55 -2.198700 
56 -2.192600 
57 -2.171900 
58 -2.172700 
59 -2.196300 
60 -2.182100 
61 -2.139400 
62 -2.101700 
63 -2.068700 
64 -2.040300 
65 -2.021000 
66 -2.059400 
67 -2.102200 
68 -2.143600 
69 -2.176600 
70 -2.197400 
71 -2.204500 
72 -2.193500 
73 -2.160500 
74 -2.104400 
75 -2.025500 
76 -2.037000 
77 -2.070700 
78 -2.108300 
79 -2.148600 
80 -2.191200 
81 -2.220800 
82 -2.195400 
83 -2.200800 
84 -2.197300 
85 -2.177200 
86 -2.149800 
87 -2.122600 
88 -2.099400 
89 -2.082200 
90 -2.071600 
91 -2.068000 

1 -2.600300 
2 -2.597700 
3 -2.590600 
4 -2.579700 
5 -2.566100 
6 -2.551200 
7 -2.536400 
8 -2.522900 
9 -2.511300 
10 -2.505800 
11 -2.504000 
12 -2.500800 
13 -2.491400 
14 -2.475400 
15 -2.453700 
16 -2.426500 
17 -2.394500 
18 -2.358500 
19 -2.319100 
20 -2.277300 
21 -2.234700 
22 -2.263600 
23 -2.307300 
24 -2.348200 
25 -2.383900 
26 -2.333300 
27 -2.273500 
28 -2.235500 
29 -2.215300 
30 -2.206700 
31 -2.204500 
32 -2.206400 
33 -2.212500 
34 -2.223500 
35 -2.241100 
36 -2.268200 
37 -2.311000 
38 -2.371100 
39 -2.468600 
40 -2.587000 
41 -2.669200 
42 -2.522000 
43 -2.299500 
44 -2.258300 
45 -2.215800 
46 -2.257100 
47 -2.329200 
48 -2.414700 
49 -2.504700 
50 -2.575700 
51 -2.600300 
52 -2.588700 
53 -2.556500 
54 -2.509600 
55 -2.454000 
56 -2.395700 
57 -2.337300 
58 -2.281600 
59 -2.229700 
60 -2.219000 
61 -2.237800 
62 -2.249000 
63 -2.250600 
64 -2.244800 
65 -2.236200 
66 -2.227400 
67 -2.219500 
68 -2.213000 
69 -2.208200 
70 -2.205400 
71 -2.204500 
72 -2.206700 
73 -2.215300 
74 -2.235500 
75 -2.273500 
76 -2.333300 
77 -2.383900 
78 -2.348200 
79 -2.307300 
80 -2.263600 
81 -2.234700 
82 -2.277300 
83 -2.319100 
84 -2.358500 
85 -2.394500 
86 -2.426500 
87 -2.453700 
88 -2.475400 
89 -2.491400 
90 -2.500800 
91 -2.504000 

1 -2.716200 
2 -2.746200 
3 -2.858000 
4 -2.894900 
5 -2.692600 
6 -2.594100 
7 -2.546800 
8 -2.522900 
9 -2.511300 
10 -2.505800 
11 -2.504000 
12 -2.507900 
13 -2.519500 
14 -2.539900 
15 -2.572300 
16 -2.618700 
17 -2.681400 
18 -2.763000 
19 -2.862000 
20 -2.961200 
21 -2.995600 
22 -2.884600 
23 -2.702700 
24 -2.542000 
25 -2.420400 
26 -2.333300 
27 -2.273500 
28 -2.235500 
29 -2.215300 
30 -2.206700 
31 -2.204500 
32 -2.206400 
33 -2.212500 
34 -2.223500 
35 -2.241100 
36 -2.268200 
37 -2.311000 
38 -2.375700 
39 -2.468600 
40 -2.587000 
41 -2.669200 
42 -2.669000 
43 -2.669700 
44 -2.670700 
45 -2.672200 
46 -2.674300 
47 -2.676800 
48 -2.680700 
49 -2.688000 
50 -2.703400 
51 -2.716200 
52 -2.707900 
53 -2.684900 
54 -2.650700 
55 -2.609600 
56 -2.566100 
57 -2.522800 
58 -2.482400 
59 -2.446900 
60 -2.417800 
61 -2.397700 
62 -2.389400 
63 -2.393500 
64 -2.406400 
65 -2.353500 
66 -2.291500 
67 -2.250000 
68 -2.225100 
69 -2.211900 
70 -2.206100 
71 -2.204500 
72 -2.206700 
73 -2.215300 
74 -2.235500 
75 -2.273500 
76 -2.333300 
77 -2.420400 
78 -2.542000 
79 -2.702700 
80 -2.884600 
81 -2.995600 
82 -2.961200 
83 -2.862000 
84 -2.763000 
85 -2.681400 
86 -2.618700 
87 -2.572300 
88 -2.539900 
89 -2.519500 
90 -2.507900 
91 -2.504000 

1 -3.869100 
2 -3.660400 
3 -3.245300 
4 -2.894900 
5 -2.692600 
6 -2.594100 
7 -2.546800 
8 -2.523100 
9 -2.513300 
10 -2.506400 
11 -2.504000 
12 -2.507900 
13 -2.519500 
14 -2.539900 
15 -2.572300 
16 -2.618700 
17 -2.681400 
18 -2.763000 
19 -2.862000 
20 -2.961200 
21 -2.995600 
22 -2.884600 
23 -2.702700 
24 -2.542000 
25 -2.420400 
26 -2.414300 
27 -2.439300 
28 -2.458600 
29 -2.472300 
30 -2.480400 
31 -2.483200 
32 -2.479500 
33 -2.469200 
34 -2.453200 
35 -2.433300 
36 -2.411300 
37 -2.390100 
38 -2.375700 
39 -2.670800 
40 -2.904100 
41 -2.977000 
42 -2.676400 
43 -2.705400 
44 -2.778900 
45 -2.970900 
46 -3.440600 
47 -3.586000 
48 -3.699500 
49 -3.790100 
50 -3.848800 
51 -3.869100 
52 -3.883200 
53 -3.924100 
54 -3.989100 
55 -4.074600 
56 -4.178200 
57 -4.298400 
58 -4.292300 
59 -3.805200 
60 -3.372100 
61 -3.019200 
62 -2.756600 
63 -2.571800 
64 -2.443400 
65 -2.422900 
66 -2.439900 
67 -2.454900 
68 -2.467100 
69 -2.475800 
70 -2.481400 
71 -2.483200 
72 -2.480400 
73 -2.472300 
74 -2.458600 
75 -2.439300 
76 -2.414300 
77 -2.420400 
78 -2.542000 
79 -2.702700 
80 -2.884600 
81 -2.995600 
82 -2.961200 
83 -2.862000 
84 -2.763000 
85 -2.681400 
86 -2.618700 
87 -2.572300 
88 -2.539900 
89 -2.519500 
90 -2.507900 
91 -2.504000 

1 -3.869100 
2 -3.660400 
3 -3.245300 
4 -3.139900 
5 -3.726600 
6 -4.638300 
7 -5.776200 
8 -7.043700 
9 -6.838300 
10 -6.617400 
11 -6.543500 
12 -6.599000 
13 -6.766700 
14 -7.049400 
15 -7.448400 
16 -7.062600 
17 -6.317300 
18 -5.611500 
19 -4.971600 
20 -4.445500 
21 -4.133300 
22 -4.143400 
23 -4.403200 
24 -4.789200 
25 -5.052200 
26 -5.408900 
27 -5.834700 
28 -6.275500 
29 -6.667100 
30 -6.940900 
31 -7.039700 
32 -6.888700 
33 -6.492300 
34 -5.960500 
35 -5.383200 
36 -4.817200 
37 -4.295600 
38 -3.837400 
39 -3.453800 
40 -3.157800 
41 -3.016200 
42 -3.041400 
43 -3.110900 
44 -3.211800 
45 -3.331900 
46 -3.460000 
47 -4.239800 
48 -4.580500 
49 -4.213900 
50 -3.962100 
51 -3.869100 
52 -3.892500 
53 -3.960000 
54 -4.065500 
55 -4.201900 
56 -4.363500 
57 -4.545400 
58 -4.434800 
59 -4.319500 
60 -4.084400 
61 -4.004300 
62 -4.078900 
63 -4.290600 
64 -4.617200 
65 -5.030300 
66 -5.492900 
67 -5.961900 
68 -6.391700 
69 -6.737700 
70 -6.962100 
71 -7.039700 
72 -6.940900 
73 -6.667100 
74 -6.275500 
75 -5.834700 
76 -5.408900 
77 -5.052200 
78 -4.789200 
79 -4.403200 
80 -4.143400 
81 -4.133300 
82 -4.445500 
83 -4.971600 
84 -5.611500 
85 -6.317300 
86 -7.062600 
87 -7.448400 
88 -7.049400 
89 -6.766700 
90 -6.599000 
91 -6.543500 

1 -6.861300 
2 -7.163400 
3 -7.875300 
4 -8.751400 
5 -9.089000 
6 -8.344700 
7 -7.710600 
8 -7.204600 
9 -8.349700 
10 -9.536200 
11 -10.127900 
12 -9.881400 
13 -9.301600 
14 -8.586500 
15 -7.826800 
16 -7.062600 
17 -6.317300 
18 -5.611500 
19 -4.971600 
20 -4.445500 
21 -4.133300 
22 -4.143400 
23 -4.403200 
24 -4.789200 
25 -5.233400 
26 -5.691700 
27 -6.126500 
28 -6.503800 
29 -6.794600 
30 -6.977400 
31 -7.039700 
32 -6.888700 
33 -6.492300 
34 -5.960500 
35 -5.383200 
36 -4.817200 
37 -4.295600 
38 -3.837400 
39 -3.453800 
40 -3.157800 
41 -3.016200 
42 -3.589000 
43 -4.192200 
44 -4.750400 
45 -5.244200 
46 -5.541000 
47 -5.030900 
48 -5.173600 
49 -6.034400 
50 -6.642400 
51 -6.861300 
52 -6.784500 
53 -6.563700 
54 -6.224400 
55 -5.797800 
56 -5.315200 
57 -4.804500 
58 -4.675900 
59 -4.588000 
60 -4.758900 
61 -4.948500 
62 -5.157300 
63 -5.384900 
64 -5.629700 
65 -5.887900 
66 -6.152800 
67 -6.413900 
68 -6.655400 
69 -6.856300 
70 -6.991600 
71 -7.039700 
72 -6.977400 
73 -6.794600 
74 -6.503800 
75 -6.126500 
76 -5.691700 
77 -5.233400 
78 -4.789200 
79 -4.403200 
80 -4.143400 
81 -4.133300 
82 -4.445500 
83 -4.971600 
84 -5.611500 
85 -6.317300 
86 -7.062600 
87 -7.826800 
88 -8.586500 
89 -9.301600 
90 -9.881400 
91 -10.127900 

1 -6.861300 
2 -7.163400 
3 -7.875300 
4 -8.751400 
5 -9.665100 
6 -9.935200 
7 -9.994200 
8 -10.047800 
9 -10.090700 
10 -10.118300 
11 -10.127900 
12 -9.881400 
13 -9.301600 
14 -8.586500 
15 -7.826800 
16 -7.954900 
17 -8.204400 
18 -7.308400 
19 -6.442100 
20 -5.703600 
21 -5.149800 
22 -4.821300 
23 -4.718700 
24 -4.809100 
25 -5.233400 
26 -5.691700 
27 -6.126500 
28 -6.503800 
29 -6.794600 
30 -6.977400 
31 -7.039700 
32 -7.051800 
33 -7.086800 
34 -7.141600 
35 -7.211100 
36 -7.288700 
37 -7.367000 
38 -7.438200 
39 -7.495300 
40 -7.532200 
41 -7.544900 
42 -7.422800 
43 -7.089300 
44 -6.618000 
45 -6.083000 
46 -5.674500 
47 -6.048700 
48 -6.369400 
49 -6.627000 
50 -6.799700 
51 -6.861300 
52 -6.797000 
53 -6.611500 
54 -6.323900 
55 -5.958100 
56 -5.540000 
57 -5.099600 
58 -4.743900 
59 -4.955700 
60 -5.177700 
61 -5.406800 
62 -5.639400 
63 -5.871500 
64 -6.098400 
65 -6.314700 
66 -6.514400 
67 -6.690900 
68 -6.837500 
69 -6.947800 
70 -7.016400 
71 -7.039700 
72 -6.977400 
73 -6.794600 
74 -6.503800 
75 -6.126500 
76 -5.691700 
77 -5.233400 
78 -4.809100 
79 -4.718700 
80 -4.821300 
81 -5.149800 
82 -5.703600 
83 -6.442100 
84 -7.308400 
85 -8.204400 
86 -7.954900 
87 -7.826800 
88 -8.586500 
89 -9.301600 
90 -9.881400 
91 -10.127900 

1 -9.747500 
2 -9.756500 
3 -9.783000 
4 -9.824300 
5 -9.665100 
6 -10.543800 
7 -11.334500 
8 -11.996000 
14 -11.258900 
15 -10.302400 
16 -9.307900 
17 -8.681700 
18 -9.334200 
19 -10.098500 
20 -10.872500 
21 -11.574500 
33 -11.535800 
34 -10.809800 
35 -10.186100 
36 -9.751600 
37 -9.579800 
38 -9.722200 
39 -10.155300 
40 -10.701500 
41 -10.977600 
42 -10.963900 
43 -10.918300 
44 -10.829300 
45 -10.684800 
46 -10.485200 
47 -10.253900 
48 -10.032300 
49 -9.863700 
50 -9.772300 
51 -9.747500 
52 -9.758700 
53 -9.791600 
54 -9.844900 
55 -9.917500 
56 -10.009100 
57 -10.119800 
58 -10.249700 
59 -10.399000 
60 -10.567300 
61 -10.753900 
62 -10.957100 
63 -11.174300 
64 -11.401700 
65 -11.633500 
66 -11.861700 
81 -11.574500 
82 -10.872500 
83 -10.098500 
84 -9.334200 
85 -8.681700 
86 -9.307900 
87 -10.302400 
88 -11.258900 

1 -11.922300 
2 -11.554800 
3 -10.777600 
4 -9.916200 
5 -9.876700 
6 -10.543800 
7 -11.334500 
8 -11.996000 
38 -11.742900 
39 -11.395800 
40 -11.185200 
41 -11.114600 
42 -11.230700 
43 -11.572400 
51 -11.922300 
52 -11.973800 
58 -11.962300 
59 -11.838900 
60 -11.767100 
61 -11.742500 
62 -11.754400 
63 -11.790100 
64 -11.838900 
65 -11.896700 
66 -11.967900 








