1 17.798700 
2 17.787700 
3 17.755600 
4 17.704900 
5 17.639900 
6 17.566300 
7 17.491000 
8 17.421500 
9 17.365300 
10 17.328600 
11 17.315900 
12 17.308400 
13 17.286000 
14 17.248500 
15 17.195600 
16 17.127000 
17 17.042400 
18 16.941400 
19 16.823900 
20 16.690100 
21 16.540900 
22 16.377900 
23 16.203500 
24 16.021900 
25 15.838300 
26 15.659600 
27 15.494200 
28 15.351200 
29 15.240400 
30 15.169900 
31 15.145700 
32 15.247400 
33 15.531500 
34 15.946600 
35 16.430900 
36 16.928000 
37 17.392100 
38 17.787900 
39 18.089000 
40 18.277100 
41 18.341000 
42 18.328800 
43 18.293100 
44 18.236600 
45 18.164100 
46 18.081700 
47 17.997000 
48 17.918500 
49 17.854800 
50 17.813200 
51 17.798700 
52 17.787800 
53 17.754900 
54 17.700200 
55 17.623600 
56 17.525300 
57 17.405700 
58 17.265500 
59 17.106000 
60 16.928800 
61 16.736400 
62 16.532100 
63 16.319900 
64 16.105200 
65 15.894100 
66 15.694100 
67 15.513400 
68 15.360500 
69 15.243900 
70 15.170700 
71 15.145700 
72 15.169900 
73 15.240400 
74 15.351200 
75 15.494200 
76 15.659600 
77 15.838300 
78 16.021900 
79 16.203500 
80 16.377900 
81 16.540900 
82 16.690100 
83 16.823900 
84 16.941400 
85 17.042400 
86 17.127000 
87 17.195600 
88 17.248500 
89 17.286000 
90 17.308400 
91 17.315900 

1 17.798700 
2 17.787700 
3 17.755600 
4 17.704900 
5 17.639900 
6 17.566300 
7 17.491000 
8 17.421500 
9 17.365300 
10 17.328600 
11 17.315900 
12 17.306900 
13 17.279700 
14 17.234600 
15 17.171400 
16 17.090500 
17 16.992100 
18 16.876900 
19 16.745900 
20 16.600400 
21 16.442500 
22 16.274900 
23 16.101000 
24 15.925300 
25 15.752900 
26 15.589800 
27 15.442900 
28 15.319100 
29 15.224900 
30 15.165800 
31 15.145700 
32 15.137200 
33 15.112500 
34 15.073600 
35 15.024000 
36 14.968300 
37 14.911700 
38 14.859800 
39 14.818200 
40 14.791200 
41 14.781800 
42 14.875000 
43 15.137000 
44 15.522800 
45 15.977100 
46 16.447300 
47 16.889100 
48 17.267600 
49 17.556500 
50 17.737200 
51 17.798700 
52 17.786100 
53 17.748300 
54 17.685900 
55 17.599400 
56 17.489800 
57 17.358600 
58 17.207200 
59 17.037900 
60 16.853300 
61 16.656400 
62 16.451100 
63 16.241800 
64 16.033600 
65 15.832400 
66 15.644900 
67 15.477900 
68 15.338600 
69 15.233500 
70 15.168000 
71 15.145700 
72 15.165800 
73 15.224900 
74 15.319100 
75 15.442900 
76 15.589800 
77 15.752900 
78 15.925300 
79 16.101000 
80 16.274900 
81 16.442500 
82 16.600400 
83 16.745900 
84 16.876900 
85 16.992100 
86 17.090500 
87 17.171400 
88 17.234600 
89 17.279700 
90 17.306900 
91 17.315900 

1 14.442100 
2 14.529000 
3 14.774000 
4 15.137100 
5 15.567700 
6 16.015900 
7 16.439200 
8 16.803300 
9 17.081900 
10 17.256500 
11 17.315900 
12 17.306900 
13 17.279700 
14 17.234600 
15 17.171400 
16 17.090500 
17 16.992100 
18 16.876900 
19 16.745900 
20 16.600400 
21 16.442500 
22 16.274900 
23 16.101000 
24 15.925300 
25 15.752900 
26 15.589800 
27 15.442900 
28 15.319100 
29 15.224900 
30 15.165800 
31 15.145700 
32 15.137200 
33 15.112500 
34 15.073600 
35 15.024000 
36 14.968300 
37 14.911700 
38 14.859800 
39 14.818200 
40 14.791200 
41 14.781800 
42 14.773900 
43 14.750600 
44 14.714200 
45 14.667800 
46 14.615700 
47 14.562900 
48 14.514700 
49 14.475900 
50 14.450800 
51 14.442100 
52 14.446500 
53 14.459500 
54 14.480800 
55 14.510000 
56 14.546100 
57 14.588400 
58 14.635800 
59 14.687100 
60 14.741000 
61 14.796100 
62 14.851200 
63 14.904800 
64 14.955500 
65 15.002300 
66 15.043900 
67 15.079400 
68 15.107900 
69 15.128800 
70 15.141500 
71 15.145700 
72 15.165800 
73 15.224900 
74 15.319100 
75 15.442900 
76 15.589800 
77 15.752900 
78 15.925300 
79 16.101000 
80 16.274900 
81 16.442500 
82 16.600400 
83 16.745900 
84 16.876900 
85 16.992100 
86 17.090500 
87 17.171400 
88 17.234600 
89 17.279700 
90 17.306900 
91 17.315900 

1 3.390800 
2 3.363200 
3 3.280900 
4 3.146300 
5 2.963600 
6 2.739800 
7 2.486100 
8 2.220900 
9 1.973700 
10 1.789200 
11 1.719200 
12 1.729400 
13 1.750900 
14 1.763100 
15 1.744400 
16 1.678900 
17 1.558200 
18 1.380900 
19 1.153500 
20 0.891500 
21 0.624700 
22 0.407000 
23 0.324700 
24 0.461500 
25 0.801400 
26 1.240800 
27 1.685200 
28 2.075700 
29 2.376500 
30 2.565400 
31 2.629800 
32 2.549000 
33 2.358300 
34 2.132500 
35 1.888100 
36 1.616300 
37 1.313500 
38 0.985300 
39 0.671100 
40 0.565000 
41 0.526000 
42 0.456600 
43 0.346100 
44 0.256300 
45 0.963400 
46 1.638800 
47 2.235900 
48 2.726500 
49 3.090900 
50 3.315100 
51 3.390800 
52 3.352900 
53 3.240000 
54 3.054600 
55 2.800900 
56 2.485800 
57 2.119500 
58 1.719000 
59 1.319600 
60 1.023000 
61 0.992400 
62 1.122200 
63 1.291100 
64 1.470300 
65 1.656500 
66 1.854800 
67 2.068200 
68 2.282100 
69 2.465100 
70 2.587100 
71 2.629800 
72 2.565400 
73 2.376500 
74 2.075700 
75 1.685200 
76 1.240800 
77 0.801400 
78 0.461500 
79 0.324700 
80 0.407000 
81 0.624700 
82 0.891500 
83 1.153500 
84 1.380900 
85 1.558200 
86 1.678900 
87 1.744400 
88 1.763100 
89 1.750900 
90 1.729400 
91 1.719200 

1 -0.924300 
2 -1.062800 
3 -1.336000 
4 -0.971000 
5 -0.460400 
6 0.103800 
7 0.638800 
8 1.092800 
9 1.435200 
10 1.647400 
11 1.719200 
12 1.686900 
13 1.590600 
14 1.432200 
15 1.215000 
16 0.944100 
17 0.627000 
18 0.274200 
19 -0.100000 
20 -0.475100 
21 -0.820200 
22 -1.042500 
23 -0.860200 
24 -0.452200 
25 -0.002200 
26 0.434700 
27 0.826800 
28 1.152100 
29 1.395200 
30 1.545400 
31 1.596200 
32 1.576800 
33 1.519200 
34 1.426000 
35 1.301300 
36 1.151600 
37 0.986500 
38 0.819900 
39 0.649800 
40 0.354100 
41 0.218300 
42 0.102300 
43 -0.315300 
44 0.229500 
45 0.088800 
46 -0.078600 
47 -0.268500 
48 -0.472200 
49 -0.675000 
50 -0.847500 
51 -0.924300 
52 -0.883500 
53 -0.776500 
54 -0.628600 
55 -0.456100 
56 -0.269300 
57 -0.076300 
58 0.112700 
59 0.275100 
60 0.331800 
61 0.161500 
62 -0.049100 
63 -0.056300 
64 0.185900 
65 0.542000 
66 0.892900 
67 1.177500 
68 1.377800 
69 1.504600 
70 1.574100 
71 1.596200 
72 1.545400 
73 1.395200 
74 1.152100 
75 0.826800 
76 0.434700 
77 -0.002200 
78 -0.452200 
79 -0.860200 
80 -1.042500 
81 -0.820200 
82 -0.475100 
83 -0.100000 
84 0.274200 
85 0.627000 
86 0.944100 
87 1.215000 
88 1.432200 
89 1.590600 
90 1.686900 
91 1.719200 

1 -1.584400 
2 -1.527900 
3 -1.336000 
4 -0.971000 
5 -0.460400 
6 0.103800 
7 0.638800 
8 1.092800 
9 1.435200 
10 1.647400 
11 1.719200 
12 1.686900 
13 1.590600 
14 1.432200 
15 1.215000 
16 0.944100 
17 0.627000 
18 0.274200 
19 -0.100000 
20 -0.475100 
21 -0.820200 
22 -1.042500 
23 -0.860200 
24 -0.452200 
25 -0.002200 
26 0.434700 
27 0.826800 
28 1.152100 
29 1.395200 
30 1.545400 
31 1.596200 
32 1.476500 
33 1.091600 
34 0.434100 
35 -0.418900 
36 -1.342200 
37 -1.839700 
38 -1.651800 
39 -1.359100 
40 -1.085300 
41 -0.956100 
42 -0.828000 
43 -0.393800 
44 -0.980900 
45 -1.421800 
46 -1.458400 
47 -1.497300 
48 -1.532600 
49 -1.560500 
50 -1.578300 
51 -1.584400 
52 -1.589000 
53 -1.602600 
54 -1.624800 
55 -1.654300 
56 -1.689800 
57 -1.728400 
58 -1.764000 
59 -1.780200 
60 -1.720800 
61 -1.512600 
62 -1.178700 
63 -0.767400 
64 -0.322100 
65 0.120400 
66 0.533000 
67 0.895500 
68 1.193100 
69 1.414100 
70 1.550200 
71 1.596200 
72 1.545400 
73 1.395200 
74 1.152100 
75 0.826800 
76 0.434700 
77 -0.002200 
78 -0.452200 
79 -0.860200 
80 -1.042500 
81 -0.820200 
82 -0.475100 
83 -0.100000 
84 0.274200 
85 0.627000 
86 0.944100 
87 1.215000 
88 1.432200 
89 1.590600 
90 1.686900 
91 1.719200 

1 -1.584400 
2 -1.527900 
3 -1.430100 
4 -1.870500 
5 -2.128700 
6 -1.961300 
7 -1.756200 
8 -1.526600 
9 -1.300900 
10 -1.126500 
11 -1.059000 
12 -1.110500 
13 -1.251700 
14 -1.451300 
15 -1.673500 
16 -1.887500 
17 -2.074300 
18 -2.192300 
19 -2.072600 
20 -1.912000 
21 -1.703100 
22 -1.502500 
23 -1.576900 
24 -1.767600 
25 -1.932100 
26 -2.057700 
27 -2.147000 
28 -2.204900 
29 -2.237400 
30 -2.252300 
31 -2.256900 
32 -2.244000 
33 -2.207400 
34 -2.146500 
35 -2.063000 
36 -1.959100 
37 -1.886100 
38 -1.713900 
39 -1.597300 
40 -1.511800 
41 -1.479900 
42 -1.437400 
43 -1.393500 
44 -1.395200 
45 -1.690000 
46 -2.084500 
47 -2.052500 
48 -1.929600 
49 -1.785000 
50 -1.648700 
51 -1.584400 
52 -1.611400 
53 -1.677000 
54 -1.758200 
55 -1.840800 
56 -1.919000 
57 -1.990400 
58 -2.054200 
59 -2.110900 
60 -2.080800 
61 -2.064500 
62 -1.858000 
63 -1.740500 
64 -1.806500 
65 -1.943700 
66 -2.066800 
67 -2.152500 
68 -2.205100 
69 -2.235600 
70 -2.251300 
71 -2.256900 
72 -2.252300 
73 -2.237400 
74 -2.204900 
75 -2.147000 
76 -2.057700 
77 -1.932100 
78 -1.767600 
79 -1.576900 
80 -1.502500 
81 -1.703100 
82 -1.912000 
83 -2.072600 
84 -2.192300 
85 -2.074300 
86 -1.887500 
87 -1.673500 
88 -1.451300 
89 -1.251700 
90 -1.110500 
91 -1.059000 

1 -2.411200 
2 -2.394600 
3 -2.343200 
4 -2.255400 
5 -2.188600 
6 -2.347800 
7 -2.417700 
8 -2.447100 
9 -2.458100 
10 -2.461700 
11 -2.461800 
12 -2.459000 
13 -2.447700 
14 -2.427100 
15 -2.394800 
16 -2.347600 
17 -2.281700 
18 -2.192300 
19 -2.072600 
20 -1.912000 
21 -1.703100 
22 -1.502500 
23 -1.576900 
24 -1.767600 
25 -1.932100 
26 -2.057700 
27 -2.147000 
28 -2.204900 
29 -2.237400 
30 -2.252300 
31 -2.256900 
32 -2.260400 
33 -2.272500 
34 -2.292500 
35 -2.319800 
36 -2.181200 
37 -2.301100 
38 -2.423200 
39 -2.450500 
40 -2.467500 
41 -2.473200 
42 -2.464100 
43 -2.437000 
44 -2.393300 
45 -2.341500 
46 -2.363300 
47 -2.485600 
48 -2.453200 
49 -2.429900 
50 -2.416000 
51 -2.411200 
52 -2.413700 
53 -2.420700 
54 -2.432600 
55 -2.449000 
56 -2.463000 
57 -2.384700 
58 -2.286300 
59 -2.172500 
60 -2.160800 
61 -2.112700 
62 -2.092400 
63 -2.132500 
64 -2.172200 
65 -2.206700 
66 -2.232700 
67 -2.249100 
68 -2.256700 
69 -2.258100 
70 -2.257300 
71 -2.256900 
72 -2.252300 
73 -2.237400 
74 -2.204900 
75 -2.147000 
76 -2.057700 
77 -1.932100 
78 -1.767600 
79 -1.576900 
80 -1.502500 
81 -1.703100 
82 -1.912000 
83 -2.072600 
84 -2.192300 
85 -2.281700 
86 -2.347600 
87 -2.394800 
88 -2.427100 
89 -2.447700 
90 -2.459000 
91 -2.461800 

1 -2.626000 
2 -2.616600 
3 -2.588200 
4 -2.545000 
5 -2.503200 
6 -2.475800 
7 -2.462800 
8 -2.459200 
9 -2.460000 
10 -2.461700 
11 -2.461800 
12 -2.459000 
13 -2.447700 
14 -2.427100 
15 -2.394800 
16 -2.347600 
17 -2.281700 
18 -2.227600 
19 -2.348500 
20 -2.437700 
21 -2.462100 
22 -2.338000 
23 -2.165300 
24 -2.087600 
25 -2.139800 
26 -2.258500 
27 -2.327000 
28 -2.296800 
29 -2.274500 
30 -2.261400 
31 -2.256900 
32 -2.260400 
33 -2.272500 
34 -2.292500 
35 -2.319800 
36 -2.352800 
37 -2.388800 
38 -2.423200 
39 -2.450500 
40 -2.467500 
41 -2.473200 
42 -2.479800 
43 -2.500200 
44 -2.535400 
45 -2.524000 
46 -2.527400 
47 -2.506300 
48 -2.578300 
49 -2.603100 
50 -2.620100 
51 -2.626000 
52 -2.619900 
53 -2.601000 
54 -2.569600 
55 -2.523800 
56 -2.470400 
57 -2.496500 
58 -2.526100 
59 -2.529300 
60 -2.365800 
61 -2.210000 
62 -2.249700 
63 -2.290000 
64 -2.331000 
65 -2.333900 
66 -2.309200 
67 -2.289600 
68 -2.274800 
69 -2.264500 
70 -2.258300 
71 -2.256900 
72 -2.261400 
73 -2.274500 
74 -2.296800 
75 -2.327000 
76 -2.258500 
77 -2.139800 
78 -2.087600 
79 -2.165300 
80 -2.338000 
81 -2.462100 
82 -2.437700 
83 -2.348500 
84 -2.227600 
85 -2.281700 
86 -2.347600 
87 -2.394800 
88 -2.427100 
89 -2.447700 
90 -2.459000 
91 -2.461800 

1 -2.626000 
2 -2.616600 
3 -2.588200 
4 -2.545000 
5 -2.503200 
6 -2.475800 
7 -2.462800 
8 -2.459200 
9 -2.460000 
10 -2.461800 
11 -2.461800 
12 -2.467600 
13 -2.483300 
14 -2.509300 
15 -2.545100 
16 -2.588400 
17 -2.634900 
18 -2.675700 
19 -2.696100 
20 -2.679300 
21 -2.623100 
22 -2.566400 
23 -2.510600 
24 -2.457500 
25 -2.408700 
26 -2.364700 
27 -2.383900 
28 -2.488600 
29 -2.563700 
30 -2.608400 
31 -2.623500 
32 -2.606500 
33 -2.556100 
34 -2.469400 
35 -2.343800 
36 -2.352800 
37 -2.388800 
38 -2.787500 
39 -2.781300 
40 -2.768300 
41 -2.764300 
42 -2.743600 
43 -2.674600 
44 -2.556900 
45 -2.578100 
46 -2.529000 
47 -2.551200 
48 -2.580700 
49 -2.611200 
50 -2.622900 
51 -2.626000 
52 -2.627800 
53 -2.632400 
54 -2.639700 
55 -2.646900 
56 -2.651100 
57 -2.644500 
58 -2.611900 
59 -2.558300 
60 -2.543300 
61 -2.488800 
62 -2.441100 
63 -2.399700 
64 -2.363900 
65 -2.376200 
66 -2.428600 
67 -2.486600 
68 -2.542100 
69 -2.586100 
70 -2.613600 
71 -2.623500 
72 -2.608400 
73 -2.563700 
74 -2.488600 
75 -2.383900 
76 -2.364700 
77 -2.408700 
78 -2.457500 
79 -2.510600 
80 -2.566400 
81 -2.623100 
82 -2.679300 
83 -2.696100 
84 -2.675700 
85 -2.634900 
86 -2.588400 
87 -2.545100 
88 -2.509300 
89 -2.483300 
90 -2.467600 
91 -2.461800 

1 -3.107400 
2 -3.104400 
3 -3.095100 
4 -3.080100 
5 -3.062200 
6 -3.042600 
7 -3.019100 
8 -2.996100 
9 -2.985300 
10 -2.980500 
11 -2.978300 
12 -2.974600 
13 -2.961800 
14 -2.940900 
15 -2.912100 
16 -2.876200 
17 -2.833900 
18 -2.786200 
19 -2.734400 
20 -2.679700 
21 -2.639700 
22 -2.663300 
23 -2.716700 
24 -2.770400 
25 -2.818600 
26 -2.791000 
27 -2.711600 
28 -2.662600 
29 -2.636800 
30 -2.625900 
31 -2.623500 
32 -2.625200 
33 -2.630700 
34 -2.640900 
35 -2.657400 
36 -2.683000 
37 -2.723100 
38 -2.787500 
39 -2.887800 
40 -3.035900 
41 -3.200300 
42 -2.961000 
43 -2.694300 
44 -2.635300 
45 -2.586400 
46 -2.655100 
47 -2.744100 
48 -2.852200 
49 -2.971000 
50 -3.070800 
51 -3.107400 
52 -3.090200 
53 -3.042800 
54 -2.976100 
55 -2.899800 
56 -2.821000 
57 -2.744000 
58 -2.671100 
59 -2.603900 
60 -2.591000 
61 -2.620200 
62 -2.642400 
63 -2.653900 
64 -2.655200 
65 -2.650500 
66 -2.643600 
67 -2.636700 
68 -2.631300 
69 -2.627000 
70 -2.624200 
71 -2.623500 
72 -2.625900 
73 -2.636800 
74 -2.662600 
75 -2.711600 
76 -2.791000 
77 -2.818600 
78 -2.770400 
79 -2.716700 
80 -2.663300 
81 -2.639700 
82 -2.679700 
83 -2.734400 
84 -2.786200 
85 -2.833900 
86 -2.876200 
87 -2.912100 
88 -2.940900 
89 -2.961800 
90 -2.974600 
91 -2.978300 

1 -3.261700 
2 -3.302400 
3 -3.455500 
4 -3.363900 
5 -3.163000 
6 -3.065800 
7 -3.019100 
8 -2.996100 
9 -2.985300 
10 -2.980500 
11 -2.978300 
12 -2.983300 
13 -2.996900 
14 -3.021600 
15 -3.060700 
16 -3.115900 
17 -3.190700 
18 -3.288000 
19 -3.407100 
20 -3.534000 
21 -3.605600 
22 -3.503500 
23 -3.279400 
24 -3.068500 
25 -2.907200 
26 -2.791000 
27 -2.711600 
28 -2.662600 
29 -2.636800 
30 -2.625900 
31 -2.623500 
32 -2.625200 
33 -2.630700 
34 -2.640900 
35 -2.657400 
36 -2.683000 
37 -2.723100 
38 -2.801100 
39 -2.887800 
40 -3.035900 
41 -3.200300 
42 -3.200600 
43 -3.201500 
44 -3.202900 
45 -3.204800 
46 -3.206800 
47 -3.209900 
48 -3.214600 
49 -3.223600 
50 -3.243400 
51 -3.261700 
52 -3.249400 
53 -3.215300 
54 -3.166800 
55 -3.110600 
56 -3.053200 
57 -2.998600 
58 -2.948700 
59 -2.905700 
60 -2.871100 
61 -2.846400 
62 -2.834900 
63 -2.837300 
64 -2.851400 
65 -2.821200 
66 -2.737600 
67 -2.683100 
68 -2.650400 
69 -2.633200 
70 -2.625300 
71 -2.623500 
72 -2.625900 
73 -2.636800 
74 -2.662600 
75 -2.711600 
76 -2.791000 
77 -2.907200 
78 -3.068500 
79 -3.279400 
80 -3.503500 
81 -3.605600 
82 -3.534000 
83 -3.407100 
84 -3.288000 
85 -3.190700 
86 -3.115900 
87 -3.060700 
88 -3.021600 
89 -2.996900 
90 -2.983300 
91 -2.978300 

1 -4.348400 
2 -4.138200 
3 -3.716500 
4 -3.363900 
5 -3.163000 
6 -3.065800 
7 -3.022500 
8 -3.004700 
9 -2.991000 
10 -2.982200 
11 -2.978300 
12 -2.983300 
13 -2.996900 
14 -3.021600 
15 -3.060700 
16 -3.115900 
17 -3.190700 
18 -3.288000 
19 -3.407100 
20 -3.534000 
21 -3.605600 
22 -3.503500 
23 -3.279400 
24 -3.068500 
25 -2.907200 
26 -2.859000 
27 -2.892400 
28 -2.918600 
29 -2.937200 
30 -2.948600 
31 -2.952600 
32 -2.947200 
33 -2.933000 
34 -2.910600 
35 -2.883800 
36 -2.854700 
37 -2.826100 
38 -2.988100 
39 -3.471800 
40 -3.545200 
41 -3.308100 
42 -3.210200 
43 -3.248800 
44 -3.352000 
45 -3.627800 
46 -3.864400 
47 -4.014000 
48 -4.148100 
49 -4.255100 
50 -4.324400 
51 -4.348400 
52 -4.368400 
53 -4.425500 
54 -4.513200 
55 -4.625200 
56 -4.756800 
57 -4.905800 
58 -5.071700 
59 -4.701500 
60 -4.166000 
61 -3.715000 
62 -3.367600 
63 -3.117900 
64 -2.943000 
65 -2.872000 
66 -2.893500 
67 -2.913400 
68 -2.929900 
69 -2.942300 
70 -2.949800 
71 -2.952600 
72 -2.948600 
73 -2.937200 
74 -2.918600 
75 -2.892400 
76 -2.859000 
77 -2.907200 
78 -3.068500 
79 -3.279400 
80 -3.503500 
81 -3.605600 
82 -3.534000 
83 -3.407100 
84 -3.288000 
85 -3.190700 
86 -3.115900 
87 -3.060700 
88 -3.021600 
89 -2.996900 
90 -2.983300 
91 -2.978300 

1 -4.348400 
2 -4.138200 
3 -3.716500 
4 -3.836100 
5 -4.589600 
6 -5.698500 
7 -7.040500 
8 -7.733100 
9 -7.358800 
10 -7.135800 
11 -7.061800 
12 -7.117500 
13 -7.286600 
14 -7.575600 
15 -7.991600 
16 -8.495200 
17 -7.620800 
18 -6.783900 
19 -6.012400 
20 -5.353800 
21 -4.910300 
22 -4.836900 
23 -5.092500 
24 -5.517100 
25 -5.859400 
26 -6.249000 
27 -6.734800 
28 -7.252800 
29 -7.724600 
30 -8.061400 
31 -8.184500 
32 -7.997400 
33 -7.512400 
34 -6.871500 
35 -6.183600 
36 -5.514100 
37 -4.899900 
38 -4.361700 
39 -3.909200 
40 -3.545200 
41 -3.308100 
42 -3.343600 
43 -3.436400 
44 -3.564200 
45 -3.710900 
46 -4.271300 
47 -5.263700 
48 -5.236600 
49 -4.787600 
50 -4.470000 
51 -4.348400 
52 -4.379400 
53 -4.467700 
54 -4.602300 
55 -4.772800 
56 -4.971100 
57 -5.191600 
58 -5.288600 
59 -5.249500 
60 -4.915000 
61 -4.756700 
62 -4.789200 
63 -4.992800 
64 -5.340000 
65 -5.798700 
66 -6.327600 
67 -6.876800 
68 -7.390400 
69 -7.811400 
70 -8.088100 
71 -8.184500 
72 -8.061400 
73 -7.724600 
74 -7.252800 
75 -6.734800 
76 -6.249000 
77 -5.859400 
78 -5.517100 
79 -5.092500 
80 -4.836900 
81 -4.910300 
82 -5.353800 
83 -6.012400 
84 -6.783900 
85 -7.620800 
86 -8.495200 
87 -7.991600 
88 -7.575600 
89 -7.286600 
90 -7.117500 
91 -7.061800 

1 -8.144000 
2 -8.478500 
3 -9.291200 
4 -10.319800 
5 -9.729000 
6 -8.928900 
7 -8.258700 
8 -8.510300 
9 -10.004400 
10 -11.338200 
11 -11.984900 
12 -11.716900 
13 -11.071200 
14 -10.258500 
15 -9.383700 
16 -8.495200 
17 -7.620800 
18 -6.783900 
19 -6.012400 
20 -5.353800 
21 -4.910300 
22 -4.836900 
23 -5.092500 
24 -5.517100 
25 -6.022800 
26 -6.556300 
27 -7.072100 
28 -7.527100 
29 -7.882300 
30 -8.107500 
31 -8.184500 
32 -7.997400 
33 -7.512400 
34 -6.871500 
35 -6.183600 
36 -5.514100 
37 -4.899900 
38 -4.361700 
39 -3.909200 
40 -3.733100 
41 -3.813200 
42 -4.308400 
43 -5.005100 
44 -5.661300 
45 -6.238900 
46 -6.393500 
47 -5.780500 
48 -6.351500 
49 -7.303300 
50 -7.931600 
51 -8.144000 
52 -8.069200 
53 -7.848100 
54 -7.493400 
55 -7.028500 
56 -6.484200 
57 -5.893600 
58 -5.430100 
59 -5.255300 
60 -5.458100 
61 -5.681600 
62 -5.927100 
63 -6.194900 
64 -6.483500 
65 -6.789100 
66 -7.104500 
67 -7.417800 
68 -7.710600 
69 -7.956800 
70 -8.124500 
71 -8.184500 
72 -8.107500 
73 -7.882300 
74 -7.527100 
75 -7.072100 
76 -6.556300 
77 -6.022800 
78 -5.517100 
79 -5.092500 
80 -4.836900 
81 -4.910300 
82 -5.353800 
83 -6.012400 
84 -6.783900 
85 -7.620800 
86 -8.495200 
87 -9.383700 
88 -10.258500 
89 -11.071200 
90 -11.716900 
91 -11.984900 

1 -8.144000 
2 -8.478500 
3 -9.291200 
4 -10.319800 
5 -11.415500 
6 -11.732000 
7 -11.809200 
8 -11.879600 
9 -11.935900 
10 -11.972300 
11 -11.984900 
12 -11.716900 
13 -11.071200 
14 -10.258500 
15 -9.383700 
16 -8.535200 
17 -9.176900 
18 -8.907700 
19 -7.889900 
20 -6.978500 
21 -6.253000 
22 -5.776700 
23 -5.574300 
24 -5.618200 
25 -6.022800 
26 -6.556300 
27 -7.072100 
28 -7.527100 
29 -7.882300 
30 -8.107500 
31 -8.184500 
32 -8.199800 
33 -8.244300 
34 -8.313900 
35 -8.402200 
36 -8.500900 
37 -8.600600 
38 -8.691500 
39 -8.764400 
40 -8.811500 
41 -8.827800 
42 -8.676400 
43 -8.265900 
44 -7.691600 
45 -7.045300 
46 -6.738000 
47 -7.171400 
48 -7.546500 
49 -7.854600 
50 -8.066800 
51 -8.144000 
52 -8.074500 
53 -7.874700 
54 -7.564900 
55 -7.167900 
56 -6.706200 
57 -6.205500 
58 -5.702300 
59 -5.683400 
60 -5.948000 
61 -6.220700 
62 -6.497700 
63 -6.774400 
64 -7.045600 
65 -7.305100 
66 -7.545600 
67 -7.759200 
68 -7.937400 
69 -8.072000 
70 -8.156000 
71 -8.184500 
72 -8.107500 
73 -7.882300 
74 -7.527100 
75 -7.072100 
76 -6.556300 
77 -6.022800 
78 -5.618200 
79 -5.574300 
80 -5.776700 
81 -6.253000 
82 -6.978500 
83 -7.889900 
84 -8.907700 
85 -9.176900 
86 -8.535200 
87 -9.383700 
88 -10.258500 
89 -11.071200 
90 -11.716900 
91 -11.984900 

1 -11.487000 
2 -11.498900 
3 -11.533300 
4 -10.633200 
5 -11.415500 
16 -11.262900 
17 -10.134200 
18 -10.069100 
19 -10.917000 
20 -11.823800 
35 -11.417700 
36 -10.976600 
37 -10.844900 
38 -11.086800 
39 -11.675900 
47 -11.760800 
48 -11.544500 
49 -11.442700 
50 -11.456400 
51 -11.487000 
52 -11.468300 
53 -11.424700 
54 -11.383100 
55 -11.365800 
56 -11.383400 
57 -11.438000 
58 -11.527700 
59 -11.649800 
60 -11.801900 
61 -11.981400 
82 -11.823800 
83 -10.917000 
84 -10.069100 
85 -10.134200 
86 -11.262900 

3 -11.593600 
4 -11.587100 
5 -11.655500 








