1 17.460900 
2 17.455000 
3 17.437700 
4 17.410700 
5 17.376200 
6 17.337500 
7 17.298400 
8 17.262500 
9 17.233800 
10 17.215200 
11 17.208800 
12 17.204200 
13 17.190400 
14 17.167300 
15 17.134700 
16 17.092500 
17 17.040500 
18 16.978600 
19 16.906900 
20 16.826000 
21 16.736500 
22 16.639700 
23 16.537700 
24 16.433000 
25 16.329000 
26 16.229500 
27 16.139100 
28 16.062400 
29 16.003800 
30 15.967000 
31 15.954400 
32 16.006300 
33 16.153600 
34 16.374600 
35 16.640100 
36 16.919700 
37 17.186100 
38 17.416500 
39 17.593300 
40 17.704200 
41 17.742000 
42 17.735500 
43 17.716400 
44 17.686300 
45 17.648000 
46 17.604900 
47 17.561200 
48 17.521200 
49 17.489000 
50 17.468100 
51 17.460900 
52 17.454200 
53 17.434200 
54 17.401000 
55 17.354600 
56 17.295300 
57 17.223500 
58 17.139800 
59 17.045200 
60 16.941000 
61 16.828800 
62 16.711000 
63 16.590100 
64 16.469400 
65 16.352500 
66 16.243500 
67 16.146600 
68 16.065800 
69 16.005100 
70 15.967300 
71 15.954400 
72 15.967000 
73 16.003800 
74 16.062400 
75 16.139100 
76 16.229500 
77 16.329000 
78 16.433000 
79 16.537700 
80 16.639700 
81 16.736500 
82 16.826000 
83 16.906900 
84 16.978600 
85 17.040500 
86 17.092500 
87 17.134700 
88 17.167300 
89 17.190400 
90 17.204200 
91 17.208800 

1 17.460900 
2 17.455000 
3 17.437700 
4 17.410700 
5 17.376200 
6 17.337500 
7 17.298400 
8 17.262500 
9 17.233800 
10 17.215200 
11 17.208800 
12 17.202800 
13 17.185000 
14 17.155500 
15 17.114600 
16 17.062500 
17 16.999900 
18 16.927600 
19 16.846500 
20 16.757900 
21 16.663400 
22 16.565100 
23 16.465100 
24 16.366300 
25 16.271400 
26 16.183600 
27 16.106200 
28 16.042100 
29 15.994200 
30 15.964500 
31 15.954400 
32 15.950100 
33 15.937400 
34 15.917600 
35 15.892500 
36 15.864400 
37 15.836100 
38 15.810400 
39 15.789800 
40 15.776500 
41 15.771900 
42 15.820100 
43 15.957300 
44 16.164000 
45 16.413600 
46 16.677800 
47 16.930500 
48 17.149900 
49 17.318600 
50 17.424700 
51 17.460900 
52 17.453000 
53 17.429600 
54 17.390800 
55 17.337400 
56 17.270200 
57 17.190100 
58 17.098700 
59 16.997400 
60 16.888200 
61 16.773400 
62 16.655400 
63 16.537100 
64 16.421600 
65 16.312000 
66 16.211700 
67 16.124100 
68 16.052100 
69 15.998600 
70 15.965600 
71 15.954400 
72 15.964500 
73 15.994200 
74 16.042100 
75 16.106200 
76 16.183600 
77 16.271400 
78 16.366300 
79 16.465100 
80 16.565100 
81 16.663400 
82 16.757900 
83 16.846500 
84 16.927600 
85 16.999900 
86 17.062500 
87 17.114600 
88 17.155500 
89 17.185000 
90 17.202800 
91 17.208800 

1 15.600700 
2 15.646000 
3 15.775300 
4 15.970600 
5 16.207300 
6 16.458800 
7 16.700100 
8 16.910100 
9 17.072100 
10 17.174000 
11 17.208800 
12 17.202800 
13 17.185000 
14 17.155500 
15 17.114600 
16 17.062500 
17 16.999900 
18 16.927600 
19 16.846500 
20 16.757900 
21 16.663400 
22 16.565100 
23 16.465100 
24 16.366300 
25 16.271400 
26 16.183600 
27 16.106200 
28 16.042100 
29 15.994200 
30 15.964500 
31 15.954400 
32 15.950100 
33 15.937400 
34 15.917600 
35 15.892500 
36 15.864400 
37 15.836100 
38 15.810400 
39 15.789800 
40 15.776500 
41 15.771900 
42 15.767800 
43 15.755900 
44 15.737300 
45 15.713700 
46 15.687400 
47 15.660800 
48 15.636700 
49 15.617400 
50 15.605000 
51 15.600700 
52 15.602900 
53 15.609300 
54 15.619800 
55 15.634300 
56 15.652200 
57 15.673200 
58 15.696800 
59 15.722400 
60 15.749400 
61 15.777100 
62 15.804800 
63 15.831800 
64 15.857500 
65 15.881300 
66 15.902400 
67 15.920500 
68 15.935100 
69 15.945700 
70 15.952200 
71 15.954400 
72 15.964500 
73 15.994200 
74 16.042100 
75 16.106200 
76 16.183600 
77 16.271400 
78 16.366300 
79 16.465100 
80 16.565100 
81 16.663400 
82 16.757900 
83 16.846500 
84 16.927600 
85 16.999900 
86 17.062500 
87 17.114600 
88 17.155500 
89 17.185000 
90 17.202800 
91 17.208800 

1 2.393500 
2 2.371100 
3 2.304700 
4 2.196200 
5 2.049700 
6 1.871600 
7 1.671800 
8 1.466000 
9 1.277700 
10 1.140100 
11 1.088700 
12 1.097400 
13 1.117800 
14 1.136100 
15 1.137700 
16 1.111500 
17 1.052300 
18 0.961700 
19 0.849200 
20 0.736300 
21 0.661400 
22 0.680600 
23 0.841200 
24 1.134300 
25 1.501300 
26 1.882000 
27 2.234100 
28 2.530100 
29 2.752600 
30 2.890300 
31 2.936900 
32 2.876100 
33 2.709500 
34 2.474700 
35 2.206600 
36 1.923200 
37 1.631400 
38 1.338900 
39 1.064400 
40 0.849400 
41 0.763100 
42 0.694800 
43 0.552300 
44 0.417800 
45 0.607600 
46 1.107700 
47 1.548200 
48 1.908600 
49 2.175000 
50 2.338500 
51 2.393500 
52 2.366000 
53 2.284100 
54 2.150200 
55 1.968800 
56 1.747400 
57 1.499500 
58 1.252300 
59 1.067900 
60 1.036000 
61 1.144400 
62 1.321000 
63 1.532400 
64 1.765500 
65 2.009900 
66 2.252300 
67 2.477000 
68 2.668600 
69 2.814600 
70 2.905900 
71 2.936900 
72 2.890300 
73 2.752600 
74 2.530100 
75 2.234100 
76 1.882000 
77 1.501300 
78 1.134300 
79 0.841200 
80 0.680600 
81 0.661400 
82 0.736300 
83 0.849200 
84 0.961700 
85 1.052300 
86 1.111500 
87 1.137700 
88 1.136100 
89 1.117800 
90 1.097400 
91 1.088700 

1 -0.459700 
2 -0.560900 
3 -0.839400 
4 -0.937600 
5 -0.564100 
6 -0.137100 
7 0.270500 
8 0.615600 
9 0.874600 
10 1.034600 
11 1.088700 
12 1.063300 
13 0.987800 
14 0.863800 
15 0.694400 
16 0.484200 
17 0.240200 
18 -0.027300 
19 -0.303800 
20 -0.567100 
21 -0.775600 
22 -0.804800 
23 -0.589800 
24 -0.283600 
25 0.039000 
26 0.344700 
27 0.613900 
28 0.834000 
29 0.996600 
30 1.096300 
31 1.129900 
32 1.114700 
33 1.069700 
34 0.997100 
35 0.900600 
36 0.785900 
37 0.661000 
38 0.537200 
39 0.428800 
40 0.353000 
41 0.325600 
42 0.263700 
43 0.029300 
44 0.082600 
45 0.286000 
46 0.143600 
47 -0.009300 
48 -0.165000 
49 -0.309000 
50 -0.417700 
51 -0.459700 
52 -0.438100 
53 -0.376400 
54 -0.282400 
55 -0.164900 
56 -0.032400 
57 0.104600 
58 0.226600 
59 0.287400 
60 0.225800 
61 0.105600 
62 0.069700 
63 0.173500 
64 0.359500 
65 0.558700 
66 0.736500 
67 0.881500 
68 0.992000 
69 1.069200 
70 1.114800 
71 1.129900 
72 1.096300 
73 0.996600 
74 0.834000 
75 0.613900 
76 0.344700 
77 0.039000 
78 -0.283600 
79 -0.589800 
80 -0.804800 
81 -0.775600 
82 -0.567100 
83 -0.303800 
84 -0.027300 
85 0.240200 
86 0.484200 
87 0.694400 
88 0.863800 
89 0.987800 
90 1.063300 
91 1.088700 

1 -1.335300 
2 -1.302100 
3 -1.184000 
4 -0.937600 
5 -0.564100 
6 -0.137100 
7 0.270500 
8 0.615600 
9 0.874600 
10 1.034600 
11 1.088700 
12 1.063300 
13 0.987800 
14 0.863800 
15 0.694400 
16 0.484200 
17 0.240200 
18 -0.027300 
19 -0.303800 
20 -0.567100 
21 -0.775600 
22 -0.804800 
23 -0.589800 
24 -0.283600 
25 0.039000 
26 0.344700 
27 0.613900 
28 0.834000 
29 0.996600 
30 1.096300 
31 1.129900 
32 1.055000 
33 0.826500 
34 0.442300 
35 -0.077800 
36 -0.679300 
37 -1.279400 
38 -1.279000 
39 -1.074700 
40 -0.899300 
41 -0.825700 
42 -0.725800 
43 -0.400700 
44 -0.415200 
45 -0.969700 
46 -1.261900 
47 -1.284300 
48 -1.305100 
49 -1.321300 
50 -1.331600 
51 -1.335300 
52 -1.338100 
53 -1.346500 
54 -1.360500 
55 -1.378900 
56 -1.400700 
57 -1.423600 
58 -1.440800 
59 -1.423800 
60 -1.308600 
61 -1.096100 
62 -0.816400 
63 -0.499000 
64 -0.172800 
65 0.140000 
66 0.424100 
67 0.668800 
68 0.866500 
69 1.011600 
70 1.100100 
71 1.129900 
72 1.096300 
73 0.996600 
74 0.834000 
75 0.613900 
76 0.344700 
77 0.039000 
78 -0.283600 
79 -0.589800 
80 -0.804800 
81 -0.775600 
82 -0.567100 
83 -0.303800 
84 -0.027300 
85 0.240200 
86 0.484200 
87 0.694400 
88 0.863800 
89 0.987800 
90 1.063300 
91 1.088700 

1 -1.335300 
2 -1.302100 
3 -1.184000 
4 -1.206200 
5 -1.510500 
6 -1.610600 
7 -1.497800 
8 -1.369900 
9 -1.241900 
10 -1.142300 
11 -1.103800 
12 -1.133100 
13 -1.213600 
14 -1.326800 
15 -1.450700 
16 -1.568600 
17 -1.669100 
18 -1.630000 
19 -1.546600 
20 -1.435200 
21 -1.304600 
22 -1.254900 
23 -1.350500 
24 -1.465000 
25 -1.559700 
26 -1.631300 
27 -1.682300 
28 -1.715200 
29 -1.733500 
30 -1.741600 
31 -1.743600 
32 -1.736700 
33 -1.715300 
34 -1.679900 
35 -1.630600 
36 -1.569200 
37 -1.472100 
38 -1.424500 
39 -1.356200 
40 -1.306100 
41 -1.287700 
42 -1.263500 
43 -1.232400 
44 -1.227800 
45 -1.241000 
46 -1.427500 
47 -1.565000 
48 -1.511500 
49 -1.432300 
50 -1.363500 
51 -1.335300 
52 -1.345300 
53 -1.372700 
54 -1.411500 
55 -1.455100 
56 -1.499100 
57 -1.540600 
58 -1.577500 
59 -1.601700 
60 -1.532800 
61 -1.386400 
62 -1.309400 
63 -1.347300 
64 -1.448000 
65 -1.551600 
66 -1.632000 
67 -1.684100 
68 -1.714800 
69 -1.732100 
70 -1.741000 
71 -1.743600 
72 -1.741600 
73 -1.733500 
74 -1.715200 
75 -1.682300 
76 -1.631300 
77 -1.559700 
78 -1.465000 
79 -1.350500 
80 -1.254900 
81 -1.304600 
82 -1.435200 
83 -1.546600 
84 -1.630000 
85 -1.669100 
86 -1.568600 
87 -1.450700 
88 -1.326800 
89 -1.213600 
90 -1.133100 
91 -1.103800 

1 -1.854700 
2 -1.845200 
3 -1.817900 
4 -1.770500 
5 -1.701700 
6 -1.677700 
7 -1.754200 
8 -1.788900 
9 -1.804700 
10 -1.810600 
11 -1.812600 
12 -1.810000 
13 -1.802300 
14 -1.788800 
15 -1.767500 
16 -1.735600 
17 -1.691200 
18 -1.630000 
19 -1.546600 
20 -1.435200 
21 -1.304600 
22 -1.254900 
23 -1.350500 
24 -1.465000 
25 -1.559700 
26 -1.631300 
27 -1.682300 
28 -1.715200 
29 -1.733500 
30 -1.741600 
31 -1.743600 
32 -1.746500 
33 -1.755000 
34 -1.768400 
35 -1.748200 
36 -1.627400 
37 -1.498800 
38 -1.797100 
39 -1.853600 
40 -1.860600 
41 -1.863200 
42 -1.857000 
43 -1.839200 
44 -1.809900 
45 -1.771200 
46 -1.735900 
47 -1.782400 
48 -1.857900 
49 -1.867400 
50 -1.857500 
51 -1.854700 
52 -1.856100 
53 -1.861000 
54 -1.869000 
55 -1.844700 
56 -1.801400 
57 -1.745000 
58 -1.674000 
59 -1.605200 
60 -1.587200 
61 -1.605500 
62 -1.633200 
63 -1.661700 
64 -1.688400 
65 -1.711100 
66 -1.728300 
67 -1.739100 
68 -1.744100 
69 -1.745000 
70 -1.744200 
71 -1.743600 
72 -1.741600 
73 -1.733500 
74 -1.715200 
75 -1.682300 
76 -1.631300 
77 -1.559700 
78 -1.465000 
79 -1.350500 
80 -1.254900 
81 -1.304600 
82 -1.435200 
83 -1.546600 
84 -1.630000 
85 -1.691200 
86 -1.735600 
87 -1.767500 
88 -1.788800 
89 -1.802300 
90 -1.810000 
91 -1.812600 

1 -1.914700 
2 -1.907900 
3 -1.887600 
4 -1.859000 
5 -1.832900 
6 -1.817000 
7 -1.810300 
8 -1.809400 
9 -1.810500 
10 -1.811900 
11 -1.812600 
12 -1.810000 
13 -1.802300 
14 -1.788800 
15 -1.767500 
16 -1.735600 
17 -1.691200 
18 -1.746200 
19 -1.787600 
20 -1.758800 
21 -1.666300 
22 -1.562800 
23 -1.513500 
24 -1.542600 
25 -1.620900 
26 -1.711900 
27 -1.788200 
28 -1.769100 
29 -1.755000 
30 -1.746500 
31 -1.743600 
32 -1.746500 
33 -1.755000 
34 -1.768400 
35 -1.786100 
36 -1.805700 
37 -1.825300 
38 -1.841600 
39 -1.853600 
40 -1.860600 
41 -1.863200 
42 -1.867900 
43 -1.882900 
44 -1.873700 
45 -1.850400 
46 -1.853300 
47 -1.866600 
48 -1.883400 
49 -1.894700 
50 -1.910100 
51 -1.914700 
52 -1.910400 
53 -1.897800 
54 -1.876000 
55 -1.880100 
56 -1.893900 
57 -1.869500 
58 -1.813500 
59 -1.720900 
60 -1.671100 
61 -1.690200 
62 -1.714600 
63 -1.738700 
64 -1.763100 
65 -1.789400 
66 -1.780600 
67 -1.766700 
68 -1.756500 
69 -1.749400 
70 -1.745200 
71 -1.743600 
72 -1.746500 
73 -1.755000 
74 -1.769100 
75 -1.788200 
76 -1.711900 
77 -1.620900 
78 -1.542600 
79 -1.513500 
80 -1.562800 
81 -1.666300 
82 -1.758800 
83 -1.787600 
84 -1.746200 
85 -1.691200 
86 -1.735600 
87 -1.767500 
88 -1.788800 
89 -1.802300 
90 -1.810000 
91 -1.812600 

1 -1.914700 
2 -1.907900 
3 -1.887600 
4 -1.859000 
5 -1.832900 
6 -1.817000 
7 -1.810300 
8 -1.809400 
9 -1.810500 
10 -1.811900 
11 -1.812600 
12 -1.815100 
13 -1.822400 
14 -1.834700 
15 -1.850600 
16 -1.868400 
17 -1.884400 
18 -1.893700 
19 -1.897900 
20 -1.920600 
21 -1.958400 
22 -1.938800 
23 -1.904100 
24 -1.870400 
25 -1.839600 
26 -1.811900 
27 -1.793500 
28 -1.857900 
29 -1.903400 
30 -1.930300 
31 -1.939100 
32 -1.928000 
33 -1.894200 
34 -1.835700 
35 -1.786100 
36 -1.805700 
37 -1.825300 
38 -1.841600 
39 -2.072700 
40 -2.064800 
41 -2.062500 
42 -2.053200 
43 -1.957900 
44 -1.908700 
45 -1.945800 
46 -1.932600 
47 -1.905100 
48 -1.884000 
49 -1.899700 
50 -1.910600 
51 -1.914700 
52 -1.914500 
53 -1.914700 
54 -1.913800 
55 -1.909400 
56 -1.897400 
57 -1.910400 
58 -1.928500 
59 -1.947700 
60 -1.937200 
61 -1.901600 
62 -1.869900 
63 -1.841900 
64 -1.817900 
65 -1.797400 
66 -1.820300 
67 -1.855000 
68 -1.889100 
69 -1.916200 
70 -1.933400 
71 -1.939100 
72 -1.930300 
73 -1.903400 
74 -1.857900 
75 -1.793500 
76 -1.811900 
77 -1.839600 
78 -1.870400 
79 -1.904100 
80 -1.938800 
81 -1.958400 
82 -1.920600 
83 -1.897900 
84 -1.893700 
85 -1.884400 
86 -1.868400 
87 -1.850600 
88 -1.834700 
89 -1.822400 
90 -1.815100 
91 -1.812600 

1 -2.274600 
2 -2.272500 
3 -2.266700 
4 -2.257800 
5 -2.246200 
6 -2.233900 
7 -2.221800 
8 -2.211100 
9 -2.202100 
10 -2.196600 
11 -2.195100 
12 -2.192500 
13 -2.184500 
14 -2.171500 
15 -2.153600 
16 -2.131200 
17 -2.105200 
18 -2.075700 
19 -2.043500 
20 -2.009300 
21 -1.974000 
22 -1.997500 
23 -2.033700 
24 -2.066500 
25 -2.095600 
26 -2.044600 
27 -1.995700 
28 -1.964600 
29 -1.948000 
30 -1.941000 
31 -1.939100 
32 -1.940900 
33 -1.946600 
34 -1.957100 
35 -1.974500 
36 -2.001100 
37 -2.042200 
38 -2.084600 
39 -2.164500 
40 -2.277000 
41 -2.331900 
42 -2.171200 
43 -2.029600 
44 -1.997700 
45 -1.964000 
46 -1.995000 
47 -2.056000 
48 -2.127700 
49 -2.200700 
50 -2.255900 
51 -2.274600 
52 -2.265700 
53 -2.241000 
54 -2.204500 
55 -2.160900 
56 -2.113600 
57 -2.066300 
58 -2.020100 
59 -1.976800 
60 -1.966000 
61 -1.980600 
62 -1.988100 
63 -1.987000 
64 -1.979900 
65 -1.970500 
66 -1.961500 
67 -1.953400 
68 -1.947200 
69 -1.942600 
70 -1.940100 
71 -1.939100 
72 -1.941000 
73 -1.948000 
74 -1.964600 
75 -1.995700 
76 -2.044600 
77 -2.095600 
78 -2.066500 
79 -2.033700 
80 -1.997500 
81 -1.974000 
82 -2.009300 
83 -2.043500 
84 -2.075700 
85 -2.105200 
86 -2.131200 
87 -2.153600 
88 -2.171500 
89 -2.184500 
90 -2.192500 
91 -2.195100 

1 -2.372000 
2 -2.395300 
3 -2.484100 
4 -2.578000 
5 -2.380400 
6 -2.284100 
7 -2.237500 
8 -2.214400 
9 -2.202300 
10 -2.196600 
11 -2.195100 
12 -2.198100 
13 -2.208200 
14 -2.227100 
15 -2.255300 
16 -2.295600 
17 -2.351100 
18 -2.422700 
19 -2.508500 
20 -2.589700 
21 -2.603200 
22 -2.495800 
23 -2.343300 
24 -2.212800 
25 -2.115100 
26 -2.044600 
27 -1.995700 
28 -1.964600 
29 -1.948000 
30 -1.941000 
31 -1.939100 
32 -1.940900 
33 -1.946600 
34 -1.957100 
35 -1.974500 
36 -2.001100 
37 -2.042200 
38 -2.101900 
39 -2.183100 
40 -2.277000 
41 -2.331900 
42 -2.331700 
43 -2.332200 
44 -2.333100 
45 -2.334600 
46 -2.336300 
47 -2.338600 
48 -2.342200 
49 -2.348900 
50 -2.361900 
51 -2.372000 
52 -2.365700 
53 -2.347800 
54 -2.321000 
55 -2.288300 
56 -2.252300 
57 -2.216200 
58 -2.181700 
59 -2.150600 
60 -2.124800 
61 -2.106800 
62 -2.099100 
63 -2.102700 
64 -2.113600 
65 -2.059600 
66 -2.009500 
67 -1.975900 
68 -1.955700 
69 -1.945000 
70 -1.940400 
71 -1.939100 
72 -1.941000 
73 -1.948000 
74 -1.964600 
75 -1.995700 
76 -2.044600 
77 -2.115100 
78 -2.212800 
79 -2.343300 
80 -2.495800 
81 -2.603200 
82 -2.589700 
83 -2.508500 
84 -2.422700 
85 -2.351100 
86 -2.295600 
87 -2.255300 
88 -2.227100 
89 -2.208200 
90 -2.198100 
91 -2.195100 

1 -3.525600 
2 -3.320800 
3 -2.918500 
4 -2.578000 
5 -2.380400 
6 -2.284100 
7 -2.237500 
8 -2.214400 
9 -2.202300 
10 -2.196900 
11 -2.195100 
12 -2.198100 
13 -2.208200 
14 -2.227100 
15 -2.255300 
16 -2.295600 
17 -2.351100 
18 -2.422700 
19 -2.508500 
20 -2.589700 
21 -2.603200 
22 -2.495800 
23 -2.343300 
24 -2.212800 
25 -2.115100 
26 -2.120300 
27 -2.140300 
28 -2.156100 
29 -2.167600 
30 -2.174500 
31 -2.176700 
32 -2.173800 
33 -2.164400 
34 -2.151400 
35 -2.135100 
36 -2.117400 
37 -2.100200 
38 -2.101900 
39 -2.183100 
40 -2.372700 
41 -2.438600 
42 -2.337700 
43 -2.360800 
44 -2.418800 
45 -2.565600 
46 -2.931100 
47 -3.276900 
48 -3.376500 
49 -3.456200 
50 -3.507800 
51 -3.525600 
52 -3.536800 
53 -3.569800 
54 -3.622700 
55 -3.693700 
56 -3.781000 
57 -3.883800 
58 -3.665800 
59 -3.246000 
60 -2.880400 
61 -2.590200 
62 -2.379300 
63 -2.232900 
64 -2.131200 
65 -2.127300 
66 -2.141000 
67 -2.153000 
68 -2.163100 
69 -2.170400 
70 -2.175300 
71 -2.176700 
72 -2.174500 
73 -2.167600 
74 -2.156100 
75 -2.140300 
76 -2.120300 
77 -2.115100 
78 -2.212800 
79 -2.343300 
80 -2.495800 
81 -2.603200 
82 -2.589700 
83 -2.508500 
84 -2.422700 
85 -2.351100 
86 -2.295600 
87 -2.255300 
88 -2.227100 
89 -2.208200 
90 -2.198100 
91 -2.195100 

1 -3.525600 
2 -3.320800 
3 -2.918500 
4 -2.708000 
5 -3.190900 
6 -3.975700 
7 -4.979800 
8 -6.113700 
9 -6.463700 
10 -6.248500 
11 -6.176400 
12 -6.230600 
13 -6.393900 
14 -6.666900 
15 -6.835100 
16 -6.152800 
17 -5.492300 
18 -4.872000 
19 -4.317500 
20 -3.876400 
21 -3.643100 
22 -3.693500 
23 -3.947100 
24 -4.275800 
25 -4.514700 
26 -4.845900 
27 -5.230300 
28 -5.620400 
29 -5.961200 
30 -6.196200 
31 -6.280300 
32 -6.151300 
33 -5.809900 
34 -5.347300 
35 -4.841400 
36 -4.343100 
37 -3.882900 
38 -3.478900 
39 -3.143700 
40 -2.894400 
41 -2.787800 
42 -2.808300 
43 -2.865800 
44 -2.951400 
45 -3.054800 
46 -3.166500 
47 -3.598800 
48 -4.133100 
49 -3.816900 
50 -3.603200 
51 -3.525600 
52 -3.545000 
53 -3.601400 
54 -3.690400 
55 -3.807000 
56 -3.946200 
57 -4.104000 
58 -4.001900 
59 -3.727000 
60 -3.555200 
61 -3.519700 
62 -3.615000 
63 -3.826500 
64 -4.135100 
65 -4.514500 
66 -4.931000 
67 -5.346800 
68 -5.722700 
69 -6.021800 
70 -6.214000 
71 -6.280300 
72 -6.196200 
73 -5.961200 
74 -5.620400 
75 -5.230300 
76 -4.845900 
77 -4.514700 
78 -4.275800 
79 -3.947100 
80 -3.693500 
81 -3.643100 
82 -3.876400 
83 -4.317500 
84 -4.872000 
85 -5.492300 
86 -6.152800 
87 -6.835100 
88 -6.666900 
89 -6.393900 
90 -6.230600 
91 -6.176400 

1 -5.999000 
2 -6.279200 
3 -6.923300 
4 -7.699400 
5 -8.498100 
6 -7.901900 
7 -7.301700 
8 -6.817700 
9 -7.294000 
10 -8.380900 
11 -8.935900 
12 -8.703400 
13 -8.167900 
14 -7.518300 
15 -6.835100 
16 -6.152800 
17 -5.492300 
18 -4.872000 
19 -4.317500 
20 -3.876400 
21 -3.643100 
22 -3.693500 
23 -3.947100 
24 -4.302400 
25 -4.702900 
26 -5.110100 
27 -5.491700 
28 -5.819600 
29 -6.070300 
30 -6.227000 
31 -6.280300 
32 -6.151300 
33 -5.809900 
34 -5.347300 
35 -4.841400 
36 -4.343100 
37 -3.882900 
38 -3.478900 
39 -3.143700 
40 -2.894400 
41 -2.787800 
42 -3.157800 
43 -3.666700 
44 -4.148300 
45 -4.579600 
46 -4.959000 
47 -4.524800 
48 -4.421100 
49 -5.206300 
50 -5.783400 
51 -5.999000 
52 -5.923800 
53 -5.711600 
54 -5.393100 
55 -5.001800 
56 -4.567100 
57 -4.114100 
58 -4.015900 
59 -4.135700 
60 -4.285800 
61 -4.453000 
62 -4.637500 
63 -4.838700 
64 -5.054800 
65 -5.282000 
66 -5.514200 
67 -5.741800 
68 -5.951000 
69 -6.123800 
70 -6.239400 
71 -6.280300 
72 -6.227000 
73 -6.070300 
74 -5.819600 
75 -5.491700 
76 -5.110100 
77 -4.702900 
78 -4.302400 
79 -3.947100 
80 -3.693500 
81 -3.643100 
82 -3.876400 
83 -4.317500 
84 -4.872000 
85 -5.492300 
86 -6.152800 
87 -6.835100 
88 -7.518300 
89 -8.167900 
90 -8.703400 
91 -8.935900 

1 -5.999000 
2 -6.279200 
3 -6.923300 
4 -7.699400 
5 -8.498100 
6 -8.777100 
7 -8.825800 
8 -8.870000 
9 -8.905300 
10 -8.928000 
11 -8.935900 
12 -8.703400 
13 -8.167900 
14 -7.518300 
15 -7.047000 
16 -7.506000 
17 -7.102200 
18 -6.268300 
19 -5.513900 
20 -4.891900 
21 -4.449100 
22 -4.210100 
23 -4.163100 
24 -4.302400 
25 -4.702900 
26 -5.110100 
27 -5.491700 
28 -5.819600 
29 -6.070300 
30 -6.227000 
31 -6.280300 
32 -6.290400 
33 -6.319900 
34 -6.366000 
35 -6.424500 
36 -6.489700 
37 -6.555500 
38 -6.615300 
39 -6.663100 
40 -6.694000 
41 -6.704700 
42 -6.600400 
43 -6.314200 
44 -5.907000 
45 -5.442300 
46 -4.969800 
47 -5.290100 
48 -5.572800 
49 -5.797600 
50 -5.946300 
51 -5.999000 
52 -5.938100 
53 -5.763100 
54 -5.493100 
55 -5.153300 
56 -4.771500 
57 -4.379500 
58 -4.277100 
59 -4.462400 
60 -4.657100 
61 -4.858100 
62 -5.062100 
63 -5.265400 
64 -5.463800 
65 -5.652500 
66 -5.826200 
67 -5.979300 
68 -6.106100 
69 -6.201200 
70 -6.260300 
71 -6.280300 
72 -6.227000 
73 -6.070300 
74 -5.819600 
75 -5.491700 
76 -5.110100 
77 -4.702900 
78 -4.302400 
79 -4.163100 
80 -4.210100 
81 -4.449100 
82 -4.891900 
83 -5.513900 
84 -6.268300 
85 -7.102200 
86 -7.506000 
87 -7.047000 
88 -7.518300 
89 -8.167900 
90 -8.703400 
91 -8.935900 

1 -8.622000 
2 -8.629500 
3 -8.651300 
4 -8.685500 
5 -8.598600 
6 -9.259100 
7 -9.940300 
8 -10.509100 
9 -10.939100 
10 -11.208400 
11 -11.300300 
12 -11.098000 
13 -10.555200 
14 -9.798600 
15 -8.935900 
16 -8.061200 
17 -8.152500 
18 -8.795400 
19 -9.486100 
20 -10.163400 
21 -10.749200 
22 -11.163700 
23 -11.380000 
24 -11.443700 
25 -11.425500 
26 -11.382900 
27 -11.355100 
28 -11.366700 
29 -11.425300 
30 -11.506600 
31 -11.548000 
32 -11.249900 
33 -10.611400 
34 -9.926600 
35 -9.331100 
36 -8.903600 
37 -8.708500 
38 -8.788500 
39 -9.120700 
40 -9.550500 
41 -9.765500 
42 -9.756700 
43 -9.726800 
44 -9.666100 
45 -9.561900 
46 -9.407400 
47 -9.211300 
48 -9.000400 
49 -8.809600 
50 -8.672900 
51 -8.622000 
52 -8.647600 
53 -8.717400 
54 -8.816700 
55 -8.934100 
56 -9.063800 
57 -9.204400 
58 -9.356400 
59 -9.520700 
60 -9.697700 
61 -9.887400 
62 -10.088700 
63 -10.299500 
64 -10.516000 
65 -10.733200 
66 -10.943600 
67 -11.049600 
68 -11.184700 
69 -11.343800 
70 -11.487200 
71 -11.548000 
72 -11.506600 
73 -11.425300 
74 -11.366700 
75 -11.355100 
76 -11.382900 
77 -11.425500 
78 -11.443700 
79 -11.380000 
80 -11.163700 
81 -10.749200 
82 -10.163400 
83 -9.486100 
84 -8.795400 
85 -8.152500 
86 -8.061200 
87 -8.935900 
88 -9.798600 
89 -10.555200 
90 -11.098000 
91 -11.300300 

1 -11.145000 
2 -10.833100 
3 -10.146500 
4 -9.363400 
5 -8.728800 
6 -9.259100 
7 -9.940300 
8 -10.509100 
9 -10.939100 
10 -11.208400 
11 -11.300300 
12 -11.518700 
25 -11.966300 
26 -11.820400 
27 -11.710000 
28 -11.632600 
29 -11.583300 
30 -11.556400 
31 -11.548000 
32 -11.690900 
37 -11.536100 
38 -11.084500 
39 -10.755800 
40 -10.556000 
41 -10.489000 
42 -10.593700 
43 -10.900200 
44 -11.382000 
45 -11.979900 
48 -11.864200 
49 -11.487700 
50 -11.234400 
51 -11.145000 
52 -11.188700 
53 -11.299400 
54 -11.410600 
55 -11.420000 
56 -11.298400 
57 -11.127500 
58 -10.973500 
59 -10.860500 
60 -10.792000 
61 -10.762700 
62 -10.763800 
63 -10.786100 
64 -10.823700 
65 -10.875900 
66 -10.948400 
67 -11.138200 
68 -11.306300 
69 -11.436700 
70 -11.519500 
71 -11.548000 
72 -11.556400 
73 -11.583300 
74 -11.632600 
75 -11.710000 
76 -11.820400 
77 -11.966300 
90 -11.518700 
91 -11.300300 

10 -11.732900 
11 -11.300300 
12 -11.518700 
25 -11.966300 
26 -11.820400 
27 -11.710000 
28 -11.632600 
29 -11.583300 
30 -11.556400 
31 -11.548000 
32 -11.690900 
69 -11.833400 
70 -11.621200 
71 -11.548000 
72 -11.556400 
73 -11.583300 
74 -11.632600 
75 -11.710000 
76 -11.820400 
77 -11.966300 
90 -11.518700 
91 -11.300300 







