1 17.413400 
2 17.408600 
3 17.394600 
4 17.372800 
5 17.345000 
6 17.313900 
7 17.282400 
8 17.253800 
9 17.230800 
10 17.216000 
11 17.210800 
12 17.206900 
13 17.195000 
14 17.175200 
15 17.147200 
16 17.111100 
17 17.066600 
18 17.013900 
19 16.953200 
20 16.884800 
21 16.809600 
22 16.728700 
23 16.643800 
24 16.557200 
25 16.471600 
26 16.390300 
27 16.316800 
28 16.254700 
29 16.207400 
30 16.177900 
31 16.167800 
32 16.209400 
33 16.328200 
34 16.507400 
35 16.724300 
36 16.954300 
37 17.174800 
38 17.366300 
39 17.513800 
40 17.606600 
41 17.638200 
42 17.633000 
43 17.617500 
44 17.593400 
45 17.562600 
46 17.528100 
47 17.493100 
48 17.461200 
49 17.435600 
50 17.419100 
51 17.413400 
52 17.407700 
53 17.390700 
54 17.362500 
55 17.323300 
56 17.273100 
57 17.212600 
58 17.142300 
59 17.062900 
60 16.975800 
61 16.882500 
62 16.784700 
63 16.684900 
64 16.585700 
65 16.490100 
66 16.401300 
67 16.322600 
68 16.257400 
69 16.208400 
70 16.178100 
71 16.167800 
72 16.177900 
73 16.207400 
74 16.254700 
75 16.316800 
76 16.390300 
77 16.471600 
78 16.557200 
79 16.643800 
80 16.728700 
81 16.809600 
82 16.884800 
83 16.953200 
84 17.013900 
85 17.066600 
86 17.111100 
87 17.147200 
88 17.175200 
89 17.195000 
90 17.206900 
91 17.210800 

1 17.413400 
2 17.408600 
3 17.394600 
4 17.372800 
5 17.345000 
6 17.313900 
7 17.282400 
8 17.253800 
9 17.230800 
10 17.216000 
11 17.210800 
12 17.205700 
13 17.190400 
14 17.165100 
15 17.130000 
16 17.085600 
17 17.032300 
18 16.970900 
19 16.902300 
20 16.827800 
21 16.748700 
22 16.666700 
23 16.583900 
24 16.502400 
25 16.424600 
26 16.353000 
27 16.290100 
28 16.238300 
29 16.199700 
30 16.175800 
31 16.167800 
32 16.164300 
33 16.154100 
34 16.138200 
35 16.118100 
36 16.095600 
37 16.073000 
38 16.052400 
39 16.036000 
40 16.025400 
41 16.021800 
42 16.060600 
43 16.171700 
44 16.339900 
45 16.544200 
46 16.761900 
47 16.971200 
48 17.153600 
49 17.294400 
50 17.383100 
51 17.413400 
52 17.406700 
53 17.386800 
54 17.354100 
55 17.309000 
56 17.252200 
57 17.184900 
58 17.108100 
59 17.023300 
60 16.932200 
61 16.836700 
62 16.739100 
63 16.641500 
64 16.546600 
65 16.457100 
66 16.375500 
67 16.304400 
68 16.246400 
69 16.203300 
70 16.176700 
71 16.167800 
72 16.175800 
73 16.199700 
74 16.238300 
75 16.290100 
76 16.353000 
77 16.424600 
78 16.502400 
79 16.583900 
80 16.666700 
81 16.748700 
82 16.827800 
83 16.902300 
84 16.970900 
85 17.032300 
86 17.085600 
87 17.130000 
88 17.165100 
89 17.190400 
90 17.205700 
91 17.210800 

1 15.884500 
2 15.921100 
3 16.026100 
4 16.185300 
5 16.379400 
6 16.586800 
7 16.786800 
8 16.961500 
9 17.096600 
10 17.181800 
11 17.210800 
12 17.205700 
13 17.190400 
14 17.165100 
15 17.130000 
16 17.085600 
17 17.032300 
18 16.970900 
19 16.902300 
20 16.827800 
21 16.748700 
22 16.666700 
23 16.583900 
24 16.502400 
25 16.424600 
26 16.353000 
27 16.290100 
28 16.238300 
29 16.199700 
30 16.175800 
31 16.167800 
32 16.164300 
33 16.154100 
34 16.138200 
35 16.118100 
36 16.095600 
37 16.073000 
38 16.052400 
39 16.036000 
40 16.025400 
41 16.021800 
42 16.018500 
43 16.008900 
44 15.993900 
45 15.975000 
46 15.953800 
47 15.932500 
48 15.913200 
49 15.897800 
50 15.887900 
51 15.884500 
52 15.886200 
53 15.891300 
54 15.899800 
55 15.911300 
56 15.925600 
57 15.942400 
58 15.961300 
59 15.981700 
60 16.003300 
61 16.025500 
62 16.047700 
63 16.069300 
64 16.090000 
65 16.109000 
66 16.126000 
67 16.140500 
68 16.152200 
69 16.160800 
70 16.166000 
71 16.167800 
72 16.175800 
73 16.199700 
74 16.238300 
75 16.290100 
76 16.353000 
77 16.424600 
78 16.502400 
79 16.583900 
80 16.666700 
81 16.748700 
82 16.827800 
83 16.902300 
84 16.970900 
85 17.032300 
86 17.085600 
87 17.130000 
88 17.165100 
89 17.190400 
90 17.205700 
91 17.210800 

1 2.134800 
2 2.113900 
3 2.051700 
4 1.950500 
5 1.814000 
6 1.648400 
7 1.463200 
8 1.273200 
9 1.100400 
10 0.974800 
11 0.928000 
12 0.936400 
13 0.956500 
14 0.976300 
15 0.982800 
16 0.966400 
17 0.922900 
18 0.855000 
19 0.773700 
20 0.702400 
21 0.680800 
22 0.759000 
23 0.965200 
24 1.275000 
25 1.634000 
26 1.993500 
27 2.320000 
28 2.592000 
29 2.795200 
30 2.920500 
31 2.962800 
32 2.907300 
33 2.752500 
34 2.527700 
35 2.264000 
36 1.982200 
37 1.693700 
38 1.408400 
39 1.145400 
40 0.943900 
41 0.864500 
42 0.800700 
43 0.649300 
44 0.489200 
45 0.522500 
46 0.973800 
47 1.371700 
48 1.697100 
49 1.937600 
50 2.085100 
51 2.134800 
52 2.109900 
53 2.036200 
54 1.915900 
55 1.753800 
56 1.558100 
57 1.344400 
58 1.145400 
59 1.029300 
60 1.057800 
61 1.194900 
62 1.386700 
63 1.608900 
64 1.847900 
65 2.091700 
66 2.326600 
67 2.539100 
68 2.717200 
69 2.851400 
70 2.934600 
71 2.962800 
72 2.920500 
73 2.795200 
74 2.592000 
75 2.320000 
76 1.993500 
77 1.634000 
78 1.275000 
79 0.965200 
80 0.759000 
81 0.680800 
82 0.702400 
83 0.773700 
84 0.855000 
85 0.922900 
86 0.966400 
87 0.982800 
88 0.976300 
89 0.956500 
90 0.936400 
91 0.928000 

1 -0.362900 
2 -0.454800 
3 -0.709700 
4 -0.914900 
5 -0.580900 
6 -0.192600 
7 0.180000 
8 0.495600 
9 0.732500 
10 0.878600 
11 0.928000 
12 0.904600 
13 0.834700 
14 0.720100 
15 0.563700 
16 0.370100 
17 0.146300 
18 -0.097700 
19 -0.346900 
20 -0.578800 
21 -0.748400 
22 -0.738400 
23 -0.531500 
24 -0.253600 
25 0.035900 
26 0.308800 
27 0.548100 
28 0.743200 
29 0.887000 
30 0.975000 
31 1.004600 
32 0.990500 
33 0.948900 
34 0.881800 
35 0.792900 
36 0.687500 
37 0.573100 
38 0.460200 
39 0.361900 
40 0.293500 
41 0.268800 
42 0.215600 
43 0.027200 
44 0.049000 
45 0.343000 
46 0.198100 
47 0.049900 
48 -0.096600 
49 -0.228700 
50 -0.326000 
51 -0.362900 
52 -0.344000 
53 -0.289600 
54 -0.205700 
55 -0.099700 
56 0.020200 
57 0.142100 
58 0.241700 
59 0.267400 
60 0.187100 
61 0.086900 
62 0.077200 
63 0.180800 
64 0.342500 
65 0.510900 
66 0.661800 
67 0.786300 
68 0.882600 
69 0.950600 
70 0.991100 
71 1.004600 
72 0.975000 
73 0.887000 
74 0.743200 
75 0.548100 
76 0.308800 
77 0.035900 
78 -0.253600 
79 -0.531500 
80 -0.738400 
81 -0.748400 
82 -0.578800 
83 -0.346900 
84 -0.097700 
85 0.146300 
86 0.370100 
87 0.563700 
88 0.720100 
89 0.834700 
90 0.904600 
91 0.928000 

1 -1.254600 
2 -1.227400 
3 -1.128000 
4 -0.914900 
5 -0.580900 
6 -0.192600 
7 0.180000 
8 0.495600 
9 0.732500 
10 0.878600 
11 0.928000 
12 0.904600 
13 0.834700 
14 0.720100 
15 0.563700 
16 0.370100 
17 0.146300 
18 -0.097700 
19 -0.346900 
20 -0.578800 
21 -0.748400 
22 -0.738400 
23 -0.531500 
24 -0.253600 
25 0.035900 
26 0.308800 
27 0.548100 
28 0.743200 
29 0.887000 
30 0.975000 
31 1.004600 
32 0.939400 
33 0.742000 
34 0.412600 
35 -0.032700 
36 -0.550800 
37 -1.068700 
38 -1.171600 
39 -0.993000 
40 -0.837900 
41 -0.773500 
42 -0.681300 
43 -0.386700 
44 -0.338700 
45 -0.826000 
46 -1.193000 
47 -1.211800 
48 -1.229300 
49 -1.243000 
50 -1.251600 
51 -1.254600 
52 -1.257100 
53 -1.264400 
54 -1.276500 
55 -1.292300 
56 -1.310900 
57 -1.330000 
58 -1.341800 
59 -1.312900 
60 -1.190100 
61 -0.988000 
62 -0.729800 
63 -0.441400 
64 -0.148200 
65 0.131000 
66 0.383000 
67 0.599300 
68 0.773400 
69 0.900800 
70 0.978500 
71 1.004600 
72 0.975000 
73 0.887000 
74 0.743200 
75 0.548100 
76 0.308800 
77 0.035900 
78 -0.253600 
79 -0.531500 
80 -0.738400 
81 -0.748400 
82 -0.578800 
83 -0.346900 
84 -0.097700 
85 0.146300 
86 0.370100 
87 0.563700 
88 0.720100 
89 0.834700 
90 0.904600 
91 0.928000 

1 -1.254600 
2 -1.227400 
3 -1.128000 
4 -1.052300 
5 -1.345600 
6 -1.500900 
7 -1.408100 
8 -1.302300 
9 -1.196200 
10 -1.113800 
11 -1.081800 
12 -1.106100 
13 -1.172900 
14 -1.266500 
15 -1.368800 
16 -1.465800 
17 -1.539400 
18 -1.485400 
19 -1.411900 
20 -1.314300 
21 -1.207800 
22 -1.187900 
23 -1.275500 
24 -1.371800 
25 -1.450500 
26 -1.510200 
27 -1.552600 
28 -1.580100 
29 -1.595400 
30 -1.602400 
31 -1.604000 
32 -1.598100 
33 -1.579900 
34 -1.549600 
35 -1.508100 
36 -1.456200 
37 -1.359400 
38 -1.333400 
39 -1.275400 
40 -1.233000 
41 -1.217700 
42 -1.197600 
43 -1.170800 
44 -1.165500 
45 -1.175800 
46 -1.259400 
47 -1.430900 
48 -1.398200 
49 -1.333900 
50 -1.277500 
51 -1.254600 
52 -1.262500 
53 -1.284300 
54 -1.315500 
55 -1.350800 
56 -1.387100 
57 -1.421200 
58 -1.449600 
59 -1.452400 
60 -1.356900 
61 -1.240700 
62 -1.201200 
63 -1.254700 
64 -1.349800 
65 -1.440800 
66 -1.509600 
67 -1.554100 
68 -1.579800 
69 -1.594200 
70 -1.601900 
71 -1.604000 
72 -1.602400 
73 -1.595400 
74 -1.580100 
75 -1.552600 
76 -1.510200 
77 -1.450500 
78 -1.371800 
79 -1.275500 
80 -1.187900 
81 -1.207800 
82 -1.314300 
83 -1.411900 
84 -1.485400 
85 -1.539400 
86 -1.465800 
87 -1.368800 
88 -1.266500 
89 -1.172900 
90 -1.106100 
91 -1.081800 

1 -1.701600 
2 -1.694000 
3 -1.671100 
4 -1.632300 
5 -1.575700 
6 -1.510700 
7 -1.587100 
8 -1.621700 
9 -1.637500 
10 -1.644100 
11 -1.646200 
12 -1.643900 
13 -1.636900 
14 -1.625200 
15 -1.606100 
16 -1.578400 
17 -1.539400 
18 -1.485400 
19 -1.411900 
20 -1.314300 
21 -1.207800 
22 -1.187900 
23 -1.275500 
24 -1.371800 
25 -1.450500 
26 -1.510200 
27 -1.552600 
28 -1.580100 
29 -1.595400 
30 -1.602400 
31 -1.604000 
32 -1.606600 
33 -1.613800 
34 -1.625400 
35 -1.598600 
36 -1.492700 
37 -1.396200 
38 -1.540800 
39 -1.695700 
40 -1.701300 
41 -1.703500 
42 -1.697900 
43 -1.682700 
44 -1.657200 
45 -1.623100 
46 -1.587900 
47 -1.607700 
48 -1.675800 
49 -1.712100 
50 -1.704300 
51 -1.701600 
52 -1.702900 
53 -1.707300 
54 -1.698100 
55 -1.670200 
56 -1.631800 
57 -1.581000 
58 -1.518200 
59 -1.465900 
60 -1.462400 
61 -1.482200 
62 -1.507200 
63 -1.532300 
64 -1.555600 
65 -1.575300 
66 -1.590500 
67 -1.600100 
68 -1.604500 
69 -1.605200 
70 -1.604600 
71 -1.604000 
72 -1.602400 
73 -1.595400 
74 -1.580100 
75 -1.552600 
76 -1.510200 
77 -1.450500 
78 -1.371800 
79 -1.275500 
80 -1.187900 
81 -1.207800 
82 -1.314300 
83 -1.411900 
84 -1.485400 
85 -1.539400 
86 -1.578400 
87 -1.606100 
88 -1.625200 
89 -1.636900 
90 -1.643900 
91 -1.646200 

1 -1.732200 
2 -1.726200 
3 -1.708400 
4 -1.683600 
5 -1.661400 
6 -1.648300 
7 -1.643200 
8 -1.642700 
9 -1.644000 
10 -1.645500 
11 -1.646200 
12 -1.643900 
13 -1.636900 
14 -1.625200 
15 -1.606100 
16 -1.578400 
17 -1.547100 
18 -1.604500 
19 -1.615300 
20 -1.563900 
21 -1.475400 
22 -1.395900 
23 -1.374200 
24 -1.415600 
25 -1.490800 
26 -1.571300 
27 -1.641800 
28 -1.626100 
29 -1.614000 
30 -1.606700 
31 -1.604000 
32 -1.606600 
33 -1.613800 
34 -1.625400 
35 -1.640700 
36 -1.657300 
37 -1.673200 
38 -1.686300 
39 -1.695700 
40 -1.701300 
41 -1.703500 
42 -1.707400 
43 -1.721100 
44 -1.693100 
45 -1.674900 
46 -1.678300 
47 -1.690800 
48 -1.705700 
49 -1.713000 
50 -1.727800 
51 -1.732200 
52 -1.728500 
53 -1.717400 
54 -1.714200 
55 -1.722200 
56 -1.707600 
57 -1.676900 
58 -1.621000 
59 -1.547400 
60 -1.535100 
61 -1.553300 
62 -1.574200 
63 -1.594700 
64 -1.615700 
65 -1.637900 
66 -1.636200 
67 -1.624300 
68 -1.615300 
69 -1.609000 
70 -1.605400 
71 -1.604000 
72 -1.606700 
73 -1.614000 
74 -1.626100 
75 -1.641800 
76 -1.571300 
77 -1.490800 
78 -1.415600 
79 -1.374200 
80 -1.395900 
81 -1.475400 
82 -1.563900 
83 -1.615300 
84 -1.604500 
85 -1.547100 
86 -1.578400 
87 -1.606100 
88 -1.625200 
89 -1.636900 
90 -1.643900 
91 -1.646200 

1 -1.732200 
2 -1.726200 
3 -1.708400 
4 -1.683600 
5 -1.661400 
6 -1.648300 
7 -1.643200 
8 -1.642700 
9 -1.644000 
10 -1.645500 
11 -1.646200 
12 -1.648100 
13 -1.653700 
14 -1.662600 
15 -1.674000 
16 -1.686400 
17 -1.696700 
18 -1.703300 
19 -1.719400 
20 -1.752500 
21 -1.788700 
22 -1.771700 
23 -1.741600 
24 -1.713000 
25 -1.686400 
26 -1.662800 
27 -1.642400 
28 -1.697000 
29 -1.735600 
30 -1.758500 
31 -1.765900 
32 -1.756400 
33 -1.727000 
34 -1.675300 
35 -1.640700 
36 -1.657300 
37 -1.673200 
38 -1.686300 
39 -1.865600 
40 -1.880700 
41 -1.878800 
42 -1.871300 
43 -1.761800 
44 -1.743900 
45 -1.777100 
46 -1.770100 
47 -1.746200 
48 -1.726800 
49 -1.719500 
50 -1.728800 
51 -1.732200 
52 -1.732000 
53 -1.731300 
54 -1.728800 
55 -1.724000 
56 -1.736300 
57 -1.750600 
58 -1.766600 
59 -1.783000 
60 -1.773800 
61 -1.742300 
62 -1.714400 
63 -1.689800 
64 -1.668900 
65 -1.650900 
66 -1.664100 
67 -1.694100 
68 -1.723200 
69 -1.746400 
70 -1.761100 
71 -1.765900 
72 -1.758500 
73 -1.735600 
74 -1.697000 
75 -1.642400 
76 -1.662800 
77 -1.686400 
78 -1.713000 
79 -1.741600 
80 -1.771700 
81 -1.788700 
82 -1.752500 
83 -1.719400 
84 -1.703300 
85 -1.696700 
86 -1.686400 
87 -1.674000 
88 -1.662600 
89 -1.653700 
90 -1.648100 
91 -1.646200 

1 -2.060500 
2 -2.058800 
3 -2.053700 
4 -2.046100 
5 -2.036600 
6 -2.026200 
7 -2.015700 
8 -2.006100 
9 -1.998600 
10 -1.993800 
11 -1.992300 
12 -1.990000 
13 -1.982900 
14 -1.971800 
15 -1.956500 
16 -1.937400 
17 -1.914900 
18 -1.889700 
19 -1.862100 
20 -1.832700 
21 -1.802400 
22 -1.822700 
23 -1.853600 
24 -1.881900 
25 -1.906600 
26 -1.857100 
27 -1.815000 
28 -1.788300 
29 -1.773800 
30 -1.767700 
31 -1.765900 
32 -1.767700 
33 -1.773200 
34 -1.783200 
35 -1.800000 
36 -1.825600 
37 -1.864600 
38 -1.897200 
39 -1.887100 
40 -2.053400 
41 -2.111200 
42 -1.933000 
43 -1.852100 
44 -1.825800 
45 -1.797300 
46 -1.820900 
47 -1.875100 
48 -1.937200 
49 -1.999400 
50 -2.045300 
51 -2.060500 
52 -2.053300 
53 -2.033000 
54 -2.002800 
55 -1.965800 
56 -1.926000 
57 -1.885500 
58 -1.845900 
59 -1.808400 
60 -1.798500 
61 -1.810600 
62 -1.816000 
63 -1.813300 
64 -1.805600 
65 -1.796200 
66 -1.787400 
67 -1.779800 
68 -1.773700 
69 -1.769400 
70 -1.766900 
71 -1.765900 
72 -1.767700 
73 -1.773800 
74 -1.788300 
75 -1.815000 
76 -1.857100 
77 -1.906600 
78 -1.881900 
79 -1.853600 
80 -1.822700 
81 -1.802400 
82 -1.832700 
83 -1.862100 
84 -1.889700 
85 -1.914900 
86 -1.937400 
87 -1.956500 
88 -1.971800 
89 -1.982900 
90 -1.990000 
91 -1.992300 

1 -2.145500 
2 -2.165700 
3 -2.241400 
4 -2.373400 
5 -2.177100 
6 -2.081400 
7 -2.035000 
8 -2.011700 
9 -1.999600 
10 -1.993800 
11 -1.992300 
12 -1.995200 
13 -2.004600 
14 -2.021800 
15 -2.047700 
16 -2.084900 
17 -2.135800 
18 -2.201500 
19 -2.279900 
20 -2.350600 
21 -2.353500 
22 -2.250400 
23 -2.115200 
24 -2.002000 
25 -1.917600 
26 -1.857100 
27 -1.815000 
28 -1.788300 
29 -1.773800 
30 -1.767700 
31 -1.765900 
32 -1.767700 
33 -1.773200 
34 -1.783200 
35 -1.800000 
36 -1.825600 
37 -1.864600 
38 -1.920000 
39 -1.992300 
40 -2.070300 
41 -2.111200 
42 -2.111100 
43 -2.111600 
44 -2.112300 
45 -2.113300 
46 -2.114700 
47 -2.116700 
48 -2.119800 
49 -2.126000 
50 -2.137200 
51 -2.145500 
52 -2.140400 
53 -2.125900 
54 -2.103500 
55 -2.075900 
56 -2.045500 
57 -2.014200 
58 -1.984000 
59 -1.956400 
60 -1.932900 
61 -1.916100 
62 -1.909000 
63 -1.912000 
64 -1.921600 
65 -1.869300 
66 -1.826300 
67 -1.797700 
68 -1.780400 
69 -1.771100 
70 -1.767200 
71 -1.765900 
72 -1.767700 
73 -1.773800 
74 -1.788300 
75 -1.815000 
76 -1.857100 
77 -1.917600 
78 -2.002000 
79 -2.115200 
80 -2.250400 
81 -2.353500 
82 -2.350600 
83 -2.279900 
84 -2.201500 
85 -2.135800 
86 -2.084900 
87 -2.047700 
88 -2.021800 
89 -2.004600 
90 -1.995200 
91 -1.992300 

1 -3.302000 
2 -3.100500 
3 -2.707900 
4 -2.373400 
5 -2.177100 
6 -2.081400 
7 -2.035000 
8 -2.011700 
9 -1.999600 
10 -1.993900 
11 -1.992300 
12 -1.995200 
13 -2.004600 
14 -2.021800 
15 -2.047700 
16 -2.084900 
17 -2.135800 
18 -2.201500 
19 -2.279900 
20 -2.350600 
21 -2.353500 
22 -2.250400 
23 -2.115200 
24 -2.002000 
25 -1.917600 
26 -1.927800 
27 -1.944800 
28 -1.958300 
29 -1.968100 
30 -1.974100 
31 -1.976000 
32 -1.973500 
33 -1.965800 
34 -1.954200 
35 -1.940400 
36 -1.925000 
37 -1.910100 
38 -1.920000 
39 -1.992300 
40 -2.070300 
41 -2.113500 
42 -2.116400 
43 -2.136400 
44 -2.185400 
45 -2.308500 
46 -2.616800 
47 -3.076600 
48 -3.166900 
49 -3.239100 
50 -3.285800 
51 -3.302000 
52 -3.311600 
53 -3.339700 
54 -3.385400 
55 -3.447300 
56 -3.524400 
57 -3.616000 
58 -3.277900 
59 -2.901100 
60 -2.577200 
61 -2.324000 
62 -2.142600 
63 -2.017500 
64 -1.930700 
65 -1.933200 
66 -1.945100 
67 -1.955700 
68 -1.964300 
69 -1.970600 
70 -1.974700 
71 -1.976000 
72 -1.974100 
73 -1.968100 
74 -1.958300 
75 -1.944800 
76 -1.927800 
77 -1.917600 
78 -2.002000 
79 -2.115200 
80 -2.250400 
81 -2.353500 
82 -2.350600 
83 -2.279900 
84 -2.201500 
85 -2.135800 
86 -2.084900 
87 -2.047700 
88 -2.021800 
89 -2.004600 
90 -1.995200 
91 -1.992300 

1 -3.302000 
2 -3.100500 
3 -2.707900 
4 -2.433200 
5 -2.855000 
6 -3.560000 
7 -4.476900 
8 -5.521200 
9 -6.234600 
10 -6.025100 
11 -5.954600 
12 -6.007600 
13 -6.166500 
14 -6.430700 
15 -6.199500 
16 -5.572700 
17 -4.968700 
18 -4.405000 
19 -3.906300 
20 -3.519500 
21 -3.334100 
22 -3.406000 
23 -3.653300 
24 -3.934900 
25 -4.168600 
26 -4.481300 
27 -4.837100 
28 -5.192800 
29 -5.499800 
30 -5.709300 
31 -5.783800 
32 -5.669100 
33 -5.363800 
34 -4.947000 
35 -4.488600 
36 -4.035400 
37 -3.616300 
38 -3.249000 
39 -2.946700 
40 -2.728100 
41 -2.639900 
42 -2.657700 
43 -2.708000 
44 -2.783700 
45 -2.876200 
46 -2.976800 
47 -3.203400 
48 -3.842900 
49 -3.559500 
50 -3.370100 
51 -3.302000 
52 -3.319000 
53 -3.368400 
54 -3.447100 
55 -3.550700 
56 -3.675400 
57 -3.684300 
58 -3.605400 
59 -3.359600 
60 -3.224900 
61 -3.213800 
62 -3.319700 
63 -3.529200 
64 -3.824600 
65 -4.180500 
66 -4.565700 
67 -4.945600 
68 -5.285500 
69 -5.553700 
70 -5.725000 
71 -5.783800 
72 -5.709300 
73 -5.499800 
74 -5.192800 
75 -4.837100 
76 -4.481300 
77 -4.168600 
78 -3.934900 
79 -3.653300 
80 -3.406000 
81 -3.334100 
82 -3.519500 
83 -3.906300 
84 -4.405000 
85 -4.968700 
86 -5.572700 
87 -6.199500 
88 -6.430700 
89 -6.166500 
90 -6.007600 
91 -5.954600 

1 -5.445100 
2 -5.710300 
3 -6.307600 
4 -7.016900 
5 -7.740400 
6 -7.616200 
7 -7.043100 
8 -6.577500 
9 -6.615400 
10 -7.631800 
11 -8.158900 
12 -7.937300 
13 -7.434100 
14 -6.830300 
15 -6.199500 
16 -5.572700 
17 -4.968700 
18 -4.405000 
19 -3.906300 
20 -3.519500 
21 -3.334100 
22 -3.406000 
23 -3.653300 
24 -3.987500 
25 -4.358100 
26 -4.730800 
27 -5.077000 
28 -5.372200 
29 -5.596600 
30 -5.736400 
31 -5.783800 
32 -5.669100 
33 -5.363800 
34 -4.947000 
35 -4.488600 
36 -4.035400 
37 -3.616300 
38 -3.249000 
39 -2.946700 
40 -2.728100 
41 -2.639900 
42 -2.911800 
43 -3.347900 
44 -3.774100 
45 -4.161000 
46 -4.504200 
47 -4.196100 
48 -3.951100 
49 -4.682300 
50 -5.234000 
51 -5.445100 
52 -5.372000 
53 -5.167700 
54 -4.865700 
55 -4.500000 
56 -4.098600 
57 -3.817500 
58 -3.722200 
59 -3.843200 
60 -3.979700 
61 -4.132100 
62 -4.300300 
63 -4.483800 
64 -4.680500 
65 -4.887000 
66 -5.097400 
67 -5.302700 
68 -5.490600 
69 -5.644800 
70 -5.747600 
71 -5.783800 
72 -5.736400 
73 -5.596600 
74 -5.372200 
75 -5.077000 
76 -4.730800 
77 -4.358100 
78 -3.987500 
79 -3.653300 
80 -3.406000 
81 -3.334100 
82 -3.519500 
83 -3.906300 
84 -4.405000 
85 -4.968700 
86 -5.572700 
87 -6.199500 
88 -6.830300 
89 -7.434100 
90 -7.937300 
91 -8.158900 

1 -5.445100 
2 -5.710300 
3 -6.307600 
4 -7.016900 
5 -7.740400 
6 -8.021000 
7 -8.063300 
8 -8.101700 
9 -8.132300 
10 -8.152100 
11 -8.158900 
12 -7.937300 
13 -7.434100 
14 -6.830300 
15 -6.794100 
16 -7.107600 
17 -6.373400 
18 -5.607500 
19 -4.929100 
20 -4.384000 
21 -4.011600 
22 -3.826200 
23 -3.810800 
24 -3.987500 
25 -4.358100 
26 -4.730800 
27 -5.077000 
28 -5.372200 
29 -5.596600 
30 -5.736400 
31 -5.783800 
32 -5.792800 
33 -5.818800 
34 -5.859400 
35 -5.910800 
36 -5.968300 
37 -6.026100 
38 -6.078700 
39 -6.120800 
40 -6.147900 
41 -6.157300 
42 -6.064500 
43 -5.808900 
44 -5.443600 
45 -5.024900 
46 -4.598100 
47 -4.805100 
48 -5.061800 
49 -5.264800 
50 -5.398200 
51 -5.445100 
52 -5.386700 
53 -5.219100 
54 -4.962100 
55 -4.641500 
56 -4.286200 
57 -3.928200 
58 -3.973900 
59 -4.141700 
60 -4.318100 
61 -4.500400 
62 -4.685400 
63 -4.869600 
64 -5.049200 
65 -5.219600 
66 -5.376300 
67 -5.514000 
68 -5.627900 
69 -5.713100 
70 -5.765900 
71 -5.783800 
72 -5.736400 
73 -5.596600 
74 -5.372200 
75 -5.077000 
76 -4.730800 
77 -4.358100 
78 -3.987500 
79 -3.810800 
80 -3.826200 
81 -4.011600 
82 -4.384000 
83 -4.929100 
84 -5.607500 
85 -6.373400 
86 -7.107600 
87 -6.794100 
88 -6.830300 
89 -7.434100 
90 -7.937300 
91 -8.158900 

1 -7.886000 
2 -7.892500 
3 -7.911600 
4 -7.941300 
5 -7.979000 
6 -8.426300 
7 -9.038700 
8 -9.549800 
9 -9.936500 
10 -10.178700 
11 -10.261400 
12 -10.072100 
13 -9.565000 
14 -8.859900 
15 -8.060400 
16 -7.375700 
17 -7.836500 
18 -8.442500 
19 -9.078000 
20 -9.685500 
21 -10.190600 
22 -10.528300 
23 -10.690700 
24 -10.728500 
25 -10.704600 
26 -10.668100 
27 -10.652700 
28 -10.679500 
29 -10.753400 
30 -10.846700 
31 -10.892700 
32 -10.609800 
33 -10.001000 
34 -9.344100 
35 -8.767200 
36 -8.343800 
37 -8.131800 
38 -8.168800 
39 -8.432000 
40 -8.783200 
41 -8.957900 
42 -8.951800 
43 -8.930400 
44 -8.885300 
45 -8.804600 
46 -8.678400 
47 -8.507400 
48 -8.308300 
49 -8.110100 
50 -7.951000 
51 -7.886000 
52 -7.919600 
53 -8.009600 
54 -8.134500 
55 -8.277500 
56 -8.429900 
57 -8.589100 
58 -8.755200 
59 -8.929400 
60 -9.112500 
61 -9.304700 
62 -9.505200 
63 -9.712200 
64 -9.922300 
65 -10.130500 
66 -10.277100 
67 -10.383100 
68 -10.523400 
69 -10.686400 
70 -10.831600 
71 -10.892700 
72 -10.846700 
73 -10.753400 
74 -10.679500 
75 -10.652700 
76 -10.668100 
77 -10.704600 
78 -10.728500 
79 -10.690700 
80 -10.528300 
81 -10.190600 
82 -9.685500 
83 -9.078000 
84 -8.442500 
85 -7.836500 
86 -7.375700 
87 -8.060400 
88 -8.859900 
89 -9.565000 
90 -10.072100 
91 -10.261400 

1 -10.612100 
2 -10.338900 
3 -9.718600 
4 -8.994000 
5 -8.276300 
6 -8.426300 
7 -9.038700 
8 -9.549800 
9 -9.936500 
10 -10.178700 
11 -10.261400 
12 -10.472000 
13 -10.937100 
14 -11.458000 
15 -11.929400 
22 -11.796000 
23 -11.593900 
24 -11.411400 
25 -11.255400 
26 -11.129500 
27 -11.034100 
28 -10.967100 
29 -10.923900 
30 -10.900200 
31 -10.892700 
32 -11.023200 
33 -11.372900 
34 -11.855100 
36 -11.621500 
37 -11.080400 
38 -10.648200 
39 -10.333200 
40 -10.141600 
41 -10.077400 
42 -10.173800 
43 -10.455100 
44 -10.893800 
45 -11.429000 
46 -11.836500 
47 -11.641800 
48 -11.257800 
49 -10.919400 
50 -10.692100 
51 -10.612100 
52 -10.650800 
53 -10.743500 
54 -10.814000 
55 -10.767900 
56 -10.620100 
57 -10.451800 
58 -10.308200 
59 -10.203400 
60 -10.138000 
61 -10.106900 
62 -10.102600 
63 -10.118700 
64 -10.151600 
65 -10.202500 
66 -10.330300 
67 -10.513300 
68 -10.669900 
69 -10.790500 
70 -10.866700 
71 -10.892700 
72 -10.900200 
73 -10.923900 
74 -10.967100 
75 -11.034100 
76 -11.129500 
77 -11.255400 
78 -11.411400 
79 -11.593900 
80 -11.796000 
87 -11.929400 
88 -11.458000 
89 -10.937100 
90 -10.472000 
91 -10.261400 

8 -11.870100 
9 -11.339800 
10 -10.672700 
11 -10.261400 
12 -10.472000 
13 -10.937100 
14 -11.458000 
15 -11.929400 
22 -11.796000 
23 -11.593900 
24 -11.411400 
25 -11.255400 
26 -11.129500 
27 -11.034100 
28 -10.967100 
29 -10.923900 
30 -10.900200 
31 -10.892700 
32 -11.023200 
33 -11.372900 
34 -11.855100 
48 -11.963500 
67 -11.854000 
68 -11.458100 
69 -11.153300 
70 -10.959400 
71 -10.892700 
72 -10.900200 
73 -10.923900 
74 -10.967100 
75 -11.034100 
76 -11.129500 
77 -11.255400 
78 -11.411400 
79 -11.593900 
80 -11.796000 
87 -11.929400 
88 -11.458000 
89 -10.937100 
90 -10.472000 
91 -10.261400 







