1 0.682500 
2 0.756500 
3 0.961500 
4 1.253500 
5 1.583500 
6 1.912500 
7 2.210500 
8 2.457500 
9 2.640500 
10 2.752500 
11 2.790500 
12 2.832500 
13 2.987500 
14 3.296500 
15 3.750500 
16 4.271500 
17 4.778500 
18 5.212500 
19 5.537500 
20 5.737500 
21 5.804500 
22 5.770500 
23 5.670500 
24 5.504500 
25 5.274500 
26 4.984500 
27 4.640500 
28 4.251500 
29 3.828500 
30 3.388500 
31 2.954500 
32 2.553500 
33 2.219500 
34 1.983500 
35 1.860500 
36 1.840500 
37 1.893500 
38 1.978500 
39 2.062500 
40 2.122500 
41 2.143500 
42 2.126500 
43 2.074500 
44 1.991500 
45 1.878500 
46 1.740500 
47 1.583500 
48 1.414500 
49 1.241500 
50 1.076500 
51 0.925500 
52 0.798500 
53 0.993500 
54 1.140500 
55 1.209500 
56 1.206500 
57 1.142500 
58 1.033500 
59 0.899500 
60 0.771500 
61 0.682500 
62 0.747500 
63 1.199500 
64 1.916500 
65 2.735500 
66 3.549500 
67 4.295500 
68 4.926500 
69 5.406500 
70 5.703500 
71 5.804500 
72 5.737500 
73 5.537500 
74 5.212500 
75 4.778500 
76 4.271500 
77 3.750500 
78 3.296500 
79 2.987500 
80 2.832500 
81 2.790500 

1 0.682500 
2 0.722500 
3 0.728500 
4 0.706500 
5 0.659500 
6 0.596500 
7 0.526500 
8 0.457500 
9 0.399500 
10 0.360500 
11 0.347500 
12 0.311500 
13 0.205500 
14 0.034500 
15 -0.191500 
16 -0.455500 
17 -0.737500 
18 -1.007500 
19 -1.233500 
20 -1.384500 
21 -1.437500 
22 -1.430500 
23 -1.413500 
24 -1.389500 
25 -1.366500 
26 -1.355500 
27 -1.363500 
28 -1.400500 
29 -1.313500 
30 -0.790500 
31 -0.296500 
32 0.159500 
33 0.573500 
34 0.940500 
35 1.260500 
36 1.530500 
37 1.751500 
38 1.923500 
39 2.045500 
40 2.118500 
41 2.143500 
42 2.126500 
43 2.074500 
44 1.991500 
45 1.878500 
46 1.740500 
47 1.583500 
48 1.414500 
49 1.241500 
50 1.076500 
51 0.925500 
52 0.798500 
53 0.698500 
54 0.628500 
55 0.586500 
56 0.569500 
57 0.572500 
58 0.591500 
59 0.619500 
60 0.651500 
61 0.682500 
62 0.719500 
63 0.693500 
64 0.572500 
65 0.340500 
66 0.000500 
67 -0.415500 
68 -0.838500 
69 -1.176500 
70 -1.375500 
71 -1.437500 
72 -1.384500 
73 -1.233500 
74 -1.007500 
75 -0.737500 
76 -0.455500 
77 -0.191500 
78 0.034500 
79 0.205500 
80 0.311500 
81 0.347500 

1 0.682500 
2 0.607500 
3 0.498500 
4 0.359500 
5 0.195500 
6 0.016500 
7 -0.166500 
8 -0.336500 
9 -0.476500 
10 -0.568500 
11 -0.601500 
12 -0.512500 
13 -0.341500 
14 -0.267500 
15 -0.380500 
16 -0.643500 
17 -0.957500 
18 -1.215500 
19 -1.362500 
20 -1.422500 
21 -1.437500 
22 -1.430500 
23 -1.413500 
24 -1.389500 
25 -1.366500 
26 -1.355500 
27 -1.363500 
28 -1.400500 
29 -1.475500 
30 -1.595500 
31 -1.767500 
32 -1.995500 
33 -2.283500 
34 -2.634500 
35 -3.049500 
36 -3.525500 
37 -4.060500 
38 -4.644500 
39 -5.252500 
40 -5.810500 
41 -6.083500 
42 -5.756500 
43 -5.048500 
44 -4.221500 
45 -3.376500 
46 -2.557500 
47 -1.793500 
48 -1.102500 
49 -0.497500 
50 0.016500 
51 0.435500 
52 0.760500 
53 0.698500 
54 0.628500 
55 0.586500 
56 0.569500 
57 0.572500 
58 0.591500 
59 0.619500 
60 0.651500 
61 0.682500 
62 0.719500 
63 0.693500 
64 0.572500 
65 0.340500 
66 0.000500 
67 -0.415500 
68 -0.838500 
69 -1.176500 
70 -1.375500 
71 -1.437500 
72 -1.422500 
73 -1.362500 
74 -1.215500 
75 -0.957500 
76 -0.643500 
77 -0.380500 
78 -0.267500 
79 -0.341500 
80 -0.512500 
81 -0.601500 

1 -5.313500 
2 -5.286500 
3 -5.198500 
4 -5.044500 
5 -4.850500 
6 -4.646500 
7 -4.456500 
8 -4.297500 
9 -4.178500 
10 -4.105500 
11 -4.080500 
12 -4.103500 
13 -4.125500 
14 -4.083500 
15 -3.975500 
16 -3.768500 
17 -2.919500 
18 -2.262500 
19 -1.799500 
20 -1.526500 
21 -1.437500 
22 -1.461500 
23 -1.534500 
24 -1.657500 
25 -1.828500 
26 -2.050500 
27 -2.322500 
28 -1.854500 
29 -1.475500 
30 -1.595500 
31 -1.767500 
32 -1.995500 
33 -2.283500 
34 -2.634500 
35 -3.049500 
36 -3.525500 
37 -4.060500 
38 -4.644500 
39 -5.252500 
40 -5.810500 
41 -6.083500 
42 -6.012500 
43 -5.831500 
44 -5.600500 
45 -5.362500 
46 -5.139500 
47 -4.946500 
48 -4.791500 
49 -4.681500 
50 -4.619500 
51 -4.605500 
52 -4.638500 
53 -4.709500 
54 -4.807500 
55 -4.918500 
56 -5.029500 
57 -5.129500 
58 -5.210500 
59 -5.268500 
60 -5.302500 
61 -5.313500 
62 -5.272500 
63 -5.154500 
64 -4.965500 
65 -4.725500 
66 -4.476500 
67 -4.024500 
68 -2.887500 
69 -2.072500 
70 -1.592500 
71 -1.437500 
72 -1.526500 
73 -1.799500 
74 -2.262500 
75 -2.919500 
76 -3.768500 
77 -3.975500 
78 -4.083500 
79 -4.125500 
80 -4.103500 
81 -4.080500 

1 -5.313500 
2 -5.309500 
3 -5.299500 
4 -5.282500 
5 -5.262500 
6 -5.239500 
7 -5.217500 
8 -5.197500 
9 -5.181500 
10 -5.170500 
11 -5.167500 
12 -5.117500 
13 -4.994500 
14 -4.845500 
15 -4.706500 
16 -3.857500 
17 -3.812500 
18 -3.902500 
19 -4.109500 
20 -4.319500 
21 -4.405500 
22 -4.336500 
23 -4.135500 
24 -3.816500 
25 -3.402500 
26 -2.920500 
27 -2.396500 
28 -2.645500 
29 -3.017500 
30 -3.437500 
31 -3.902500 
32 -4.406500 
33 -4.849500 
34 -4.790500 
35 -4.852500 
36 -5.034500 
37 -5.297500 
38 -5.586500 
39 -5.843500 
40 -6.020500 
41 -6.083500 
42 -6.012500 
43 -5.831500 
44 -5.600500 
45 -5.362500 
46 -5.139500 
47 -4.946500 
48 -4.791500 
49 -4.681500 
50 -4.619500 
51 -4.605500 
52 -4.638500 
53 -4.709500 
54 -4.807500 
55 -4.918500 
56 -5.029500 
57 -5.129500 
58 -5.210500 
59 -5.268500 
60 -5.302500 
61 -5.313500 
62 -5.272500 
63 -5.154500 
64 -4.965500 
65 -4.725500 
66 -4.476500 
67 -4.277500 
68 -4.189500 
69 -4.233500 
70 -4.346500 
71 -4.405500 
72 -4.319500 
73 -4.109500 
74 -3.902500 
75 -3.812500 
76 -3.857500 
77 -4.706500 
78 -4.845500 
79 -4.994500 
80 -5.117500 
81 -5.167500 

1 -7.047500 
2 -7.132500 
3 -7.387500 
4 -7.795500 
5 -8.302500 
6 -8.847500 
7 -8.965500 
8 -8.296500 
9 -7.756500 
10 -7.406500 
11 -7.285500 
12 -7.371500 
13 -7.254500 
14 -5.971500 
15 -4.794500 
16 -4.593500 
17 -4.511500 
18 -4.457500 
19 -4.425500 
20 -4.410500 
21 -4.405500 
22 -4.431500 
23 -4.509500 
24 -4.637500 
25 -4.804500 
26 -4.993500 
27 -5.173500 
28 -5.306500 
29 -5.355500 
30 -5.304500 
31 -5.168500 
32 -4.995500 
33 -4.940500 
34 -5.492500 
35 -6.046500 
36 -6.580500 
37 -7.070500 
38 -7.489500 
39 -7.812500 
40 -8.016500 
41 -8.085500 
42 -8.179500 
43 -8.424500 
44 -8.758500 
45 -9.136500 
46 -9.530500 
47 -9.769500 
48 -9.702500 
49 -9.532500 
50 -9.281500 
51 -8.980500 
52 -8.669500 
53 -8.388500 
54 -8.161500 
55 -7.982500 
56 -7.818500 
57 -7.641500 
58 -7.444500 
59 -7.252500 
60 -7.105500 
61 -7.047500 
62 -7.313500 
63 -7.917500 
64 -7.910500 
65 -6.844500 
66 -5.405500 
67 -4.277500 
68 -4.189500 
69 -4.233500 
70 -4.346500 
71 -4.405500 
72 -4.410500 
73 -4.425500 
74 -4.457500 
75 -4.511500 
76 -4.593500 
77 -4.794500 
78 -5.971500 
79 -7.254500 
80 -7.371500 
81 -7.285500 

1 -11.995500 
2 -11.848500 
3 -11.523500 
4 -11.031500 
5 -10.404500 
6 -9.693500 
7 -9.374500 
8 -9.833500 
9 -9.730500 
10 -9.545500 
11 -9.481500 
12 -8.562500 
13 -7.598500 
14 -7.906500 
15 -8.245500 
16 -8.575500 
17 -8.871500 
18 -9.112500 
19 -9.289500 
20 -9.396500 
21 -9.432500 
22 -9.520500 
23 -9.761500 
24 -10.099500 
25 -10.469500 
26 -10.829500 
27 -11.168500 
28 -11.513500 
29 -11.910500 
30 -12.396500 
31 -12.981500 
32 -13.608500 
33 -13.298500 
34 -12.816500 
35 -12.194500 
36 -11.469500 
37 -10.679500 
38 -9.864500 
39 -9.074500 
40 -8.398500 
41 -8.085500 
42 -8.179500 
43 -8.424500 
44 -8.758500 
45 -9.136500 
46 -9.530500 
47 -9.919500 
48 -10.289500 
49 -10.629500 
50 -10.929500 
51 -11.186500 
52 -11.399500 
53 -11.568500 
54 -11.698500 
55 -11.452500 
56 -11.352500 
57 -11.392500 
58 -11.535500 
59 -11.721500 
60 -11.891500 
61 -11.995500 
62 -11.882500 
63 -11.620500 
64 -11.384500 
65 -11.055500 
66 -10.702500 
67 -10.341500 
68 -9.995500 
69 -9.701500 
70 -9.502500 
71 -9.432500 
72 -9.396500 
73 -9.289500 
74 -9.112500 
75 -8.871500 
76 -8.575500 
77 -8.245500 
78 -7.906500 
79 -7.598500 
80 -8.562500 
81 -9.481500 

1 -11.995500 
2 -11.975500 
3 -11.808500 
4 -11.527500 
5 -11.169500 
6 -10.773500 
7 -10.376500 
8 -10.017500 
9 -10.188500 
10 -10.412500 
11 -10.488500 
12 -11.273500 
13 -12.167500 
14 -12.725500 
15 -12.851500 
16 -12.539500 
17 -11.877500 
18 -11.035500 
19 -10.224500 
20 -9.643500 
21 -9.432500 
22 -9.538500 
23 -9.848500 
24 -10.330500 
25 -10.936500 
26 -11.607500 
27 -12.273500 
28 -12.869500 
29 -13.336500 
30 -13.629500 
31 -13.722500 
32 -13.608500 
33 -13.298500 
34 -12.816500 
35 -12.194500 
36 -11.469500 
37 -10.679500 
38 -9.864500 
39 -9.074500 
40 -8.398500 
41 -8.085500 
42 -8.330500 
43 -8.792500 
44 -9.220500 
45 -9.535500 
46 -9.717500 
47 -9.919500 
48 -10.289500 
49 -10.629500 
50 -10.929500 
51 -11.186500 
52 -11.399500 
53 -11.568500 
54 -11.701500 
55 -11.803500 
56 -11.881500 
57 -11.940500 
58 -11.983500 
59 -12.008500 
60 -12.013500 
61 -11.995500 
62 -11.882500 
63 -11.670500 
64 -11.384500 
65 -11.055500 
66 -10.702500 
67 -10.341500 
68 -9.995500 
69 -9.701500 
70 -9.502500 
71 -9.432500 
72 -9.643500 
73 -10.224500 
74 -11.035500 
75 -11.877500 
76 -12.539500 
77 -12.851500 
78 -12.725500 
79 -12.167500 
80 -11.273500 
81 -10.488500 

1 -11.995500 
2 -12.065500 
3 -12.258500 
4 -12.531500 
5 -12.832500 
6 -13.118500 
7 -13.358500 
8 -13.539500 
9 -13.660500 
10 -13.727500 
11 -13.749500 
12 -13.848500 
13 -14.102500 
14 -14.378500 
15 -14.481500 
16 -14.212500 
17 -13.458500 
18 -12.273500 
19 -10.928500 
20 -9.847500 
21 -9.432500 
22 -9.538500 
23 -9.848500 
24 -10.330500 
25 -10.936500 
26 -11.607500 
27 -12.273500 
28 -12.869500 
29 -13.336500 
30 -13.629500 
31 -13.722500 
32 -13.640500 
33 -14.322500 
34 -14.969500 
35 -15.529500 
36 -15.965500 
37 -16.266500 
38 -16.444500 
39 -16.530500 
40 -16.561500 
41 -16.568500 
42 -16.563500 
43 -16.540500 
44 -16.475500 
45 -16.332500 
46 -16.077500 
47 -15.686500 
48 -15.158500 
49 -14.527500 
50 -13.846500 
51 -13.180500 
52 -12.580500 
53 -12.080500 
54 -11.701500 
55 -11.803500 
56 -11.881500 
57 -11.940500 
58 -11.983500 
59 -12.008500 
60 -12.013500 
61 -11.995500 
62 -11.919500 
63 -11.670500 
64 -11.912500 
65 -13.051500 
66 -14.110500 
67 -14.385500 
68 -13.560500 
69 -11.874500 
70 -10.159500 
71 -9.432500 
72 -9.847500 
73 -10.928500 
74 -12.273500 
75 -13.458500 
76 -14.212500 
77 -14.481500 
78 -14.378500 
79 -14.102500 
80 -13.848500 
81 -13.749500 

