1 1.488600 
2 1.466600 
3 1.402600 
4 1.300600 
5 1.169600 
6 1.020600 
7 0.867600 
8 0.726600 
9 0.611600 
10 0.535600 
11 0.509600 
12 0.514600 
13 0.528600 
14 0.556600 
15 0.604600 
16 0.685600 
17 0.817600 
18 1.023600 
19 1.317600 
20 1.695600 
21 2.132600 
22 2.595600 
23 3.058600 
24 3.498600 
25 3.900600 
26 4.253600 
27 4.549600 
28 4.784600 
29 4.953600 
30 5.055600 
31 5.090600 
32 5.044600 
33 4.910600 
34 4.692600 
35 4.400600 
36 4.049600 
37 3.655600 
38 3.244600 
39 2.854600 
40 2.551600 
41 2.431600 
42 2.376600 
43 2.217600 
44 1.967600 
45 1.648600 
46 1.294600 
47 1.055600 
48 1.233600 
49 1.371600 
50 1.459600 
51 1.488600 
52 1.474600 
53 1.435600 
54 1.390600 
55 1.384600 
56 1.482600 
57 1.699600 
58 1.995600 
59 2.333600 
60 2.687600 
61 3.044600 
62 3.391600 
63 3.719600 
64 4.022600 
65 4.294600 
66 4.531600 
67 4.729600 
68 4.886600 
69 4.999600 
70 5.067600 
71 5.090600 
72 5.055600 
73 4.953600 
74 4.784600 
75 4.549600 
76 4.253600 
77 3.900600 
78 3.498600 
79 3.058600 
80 2.595600 
81 2.132600 
82 1.695600 
83 1.317600 
84 1.023600 
85 0.817600 
86 0.685600 
87 0.604600 
88 0.556600 
89 0.528600 
90 0.514600 
91 0.509600 

1 0.158600 
2 0.078600 
3 -0.171400 
4 -0.594400 
5 -1.012400 
6 -0.570400 
7 -0.192400 
8 0.110600 
9 0.330600 
10 0.464600 
11 0.509600 
12 0.483600 
13 0.406600 
14 0.277600 
15 0.102600 
16 -0.116400 
17 -0.368400 
18 -0.636400 
19 -0.884400 
20 -1.046400 
21 -1.049400 
22 -0.910400 
23 -0.705400 
24 -0.488400 
25 -0.285400 
26 -0.107400 
27 0.041600 
28 0.157600 
29 0.240600 
30 0.289600 
31 0.306600 
32 0.291600 
33 0.246600 
34 0.175600 
35 0.084600 
36 -0.019400 
37 -0.125400 
38 -0.168400 
39 -0.028400 
40 0.131600 
41 0.205600 
42 0.236600 
43 0.327600 
44 0.471600 
45 0.653600 
46 0.855600 
47 0.940600 
48 0.623600 
49 0.373600 
50 0.213600 
51 0.158600 
52 0.186600 
53 0.262600 
54 0.366600 
55 0.452600 
56 0.450600 
57 0.345600 
58 0.182600 
59 0.013600 
60 -0.118400 
61 -0.186400 
62 -0.189400 
63 -0.144400 
64 -0.073400 
65 0.008600 
66 0.089600 
67 0.163600 
68 0.224600 
69 0.269600 
70 0.297600 
71 0.306600 
72 0.289600 
73 0.240600 
74 0.157600 
75 0.041600 
76 -0.107400 
77 -0.285400 
78 -0.488400 
79 -0.705400 
80 -0.910400 
81 -1.049400 
82 -1.046400 
83 -0.884400 
84 -0.636400 
85 -0.368400 
86 -0.116400 
87 0.102600 
88 0.277600 
89 0.406600 
90 0.483600 
91 0.509600 

1 -2.861400 
2 -2.541400 
3 -2.026400 
4 -1.504400 
5 -1.012400 
6 -0.570400 
7 -0.192400 
8 0.110600 
9 0.330600 
10 0.464600 
11 0.509600 
12 0.483600 
13 0.406600 
14 0.277600 
15 0.102600 
16 -0.116400 
17 -0.368400 
18 -0.636400 
19 -0.884400 
20 -1.046400 
21 -1.049400 
22 -0.910400 
23 -0.705400 
24 -0.488400 
25 -0.285400 
26 -0.107400 
27 0.041600 
28 0.157600 
29 0.240600 
30 0.289600 
31 0.306600 
32 0.277600 
33 0.195600 
34 0.070600 
35 -0.068400 
36 -0.181400 
37 -0.223400 
38 -0.224400 
39 -0.304400 
40 -0.356400 
41 -0.374400 
42 -0.405400 
43 -0.506400 
44 -0.683400 
45 -0.940400 
46 -1.273400 
47 -1.667400 
48 -2.087400 
49 -2.476400 
50 -2.758400 
51 -2.861400 
52 -2.830400 
53 -2.739400 
54 -2.595400 
55 -2.409400 
56 -2.190400 
57 -1.950400 
58 -1.698400 
59 -1.443400 
60 -1.192400 
61 -0.950400 
62 -0.722400 
63 -0.512400 
64 -0.323400 
65 -0.156400 
66 -0.014400 
67 0.101600 
68 0.191600 
69 0.255600 
70 0.293600 
71 0.306600 
72 0.289600 
73 0.240600 
74 0.157600 
75 0.041600 
76 -0.107400 
77 -0.285400 
78 -0.488400 
79 -0.705400 
80 -0.910400 
81 -1.049400 
82 -1.046400 
83 -0.884400 
84 -0.636400 
85 -0.368400 
86 -0.116400 
87 0.102600 
88 0.277600 
89 0.406600 
90 0.483600 
91 0.509600 

1 -2.861400 
2 -2.541400 
3 -2.026400 
4 -1.504400 
5 -1.186400 
6 -1.938400 
7 -2.839400 
8 -3.861400 
9 -4.939400 
10 -5.903400 
11 -6.342400 
12 -6.206400 
13 -5.832400 
14 -5.295400 
15 -4.683400 
16 -4.072400 
17 -3.527400 
18 -3.100400 
19 -2.826400 
20 -2.713400 
21 -2.747400 
22 -2.900400 
23 -3.147400 
24 -3.467400 
25 -3.842400 
26 -4.257400 
27 -4.699400 
28 -5.156400 
29 -5.616400 
30 -6.060400 
31 -6.344400 
32 -6.024400 
33 -5.513400 
34 -4.985400 
35 -4.479400 
36 -4.020400 
37 -3.624400 
38 -3.304400 
39 -3.070400 
40 -2.928400 
41 -2.880400 
42 -2.871400 
43 -2.849400 
44 -2.823400 
45 -2.805400 
46 -2.800400 
47 -2.808400 
48 -2.824400 
49 -2.842400 
50 -2.856400 
51 -2.861400 
52 -2.837400 
53 -2.769400 
54 -2.667400 
55 -2.547400 
56 -2.424400 
57 -2.316400 
58 -2.246400 
59 -2.238400 
60 -2.323400 
61 -2.520400 
62 -2.822400 
63 -3.205400 
64 -3.638400 
65 -4.097400 
66 -4.560400 
67 -5.009400 
68 -5.433400 
69 -5.821400 
70 -6.159400 
71 -6.344400 
72 -6.060400 
73 -5.616400 
74 -5.156400 
75 -4.699400 
76 -4.257400 
77 -3.842400 
78 -3.467400 
79 -3.147400 
80 -2.900400 
81 -2.747400 
82 -2.713400 
83 -2.826400 
84 -3.100400 
85 -3.527400 
86 -4.072400 
87 -4.683400 
88 -5.295400 
89 -5.832400 
90 -6.206400 
91 -6.342400 

1 -3.478400 
2 -3.825400 
3 -4.295400 
4 -4.750400 
5 -5.160400 
6 -5.515400 
7 -5.810400 
8 -6.042400 
9 -6.208400 
10 -6.309400 
11 -6.342400 
12 -6.208400 
13 -5.857400 
14 -5.384400 
15 -4.864400 
16 -4.344400 
17 -3.853400 
18 -3.420400 
19 -3.083400 
20 -2.909400 
21 -2.964400 
22 -3.225400 
23 -3.605400 
24 -4.038400 
25 -4.484400 
26 -4.918400 
27 -5.320400 
28 -5.677400 
29 -5.981400 
30 -6.224400 
31 -6.344400 
32 -6.024400 
33 -5.513400 
34 -4.985400 
35 -4.479400 
36 -4.020400 
37 -3.624400 
38 -3.304400 
39 -3.070400 
40 -2.928400 
41 -2.880400 
42 -2.895400 
43 -2.938400 
44 -3.005400 
45 -3.092400 
46 -3.190400 
47 -3.289400 
48 -3.381400 
49 -3.455400 
50 -3.463400 
51 -3.478400 
52 -3.443400 
53 -3.434400 
54 -3.447400 
55 -3.474400 
56 -3.516400 
57 -3.573400 
58 -3.646400 
59 -3.738400 
60 -3.850400 
61 -3.985400 
62 -4.143400 
63 -4.325400 
64 -4.533400 
65 -4.764400 
66 -5.019400 
67 -5.295400 
68 -5.588400 
69 -5.890400 
70 -6.179400 
71 -6.344400 
72 -6.224400 
73 -5.981400 
74 -5.677400 
75 -5.320400 
76 -4.918400 
77 -4.484400 
78 -4.038400 
79 -3.605400 
80 -3.225400 
81 -2.964400 
82 -2.909400 
83 -3.083400 
84 -3.420400 
85 -3.853400 
86 -4.344400 
87 -4.864400 
88 -5.384400 
89 -5.857400 
90 -6.208400 
91 -6.342400 

1 -3.520400 
2 -3.825400 
3 -4.295400 
4 -4.750400 
5 -5.160400 
6 -5.515400 
7 -5.810400 
8 -6.042400 
9 -6.208400 
10 -6.309400 
11 -6.342400 
12 -6.208400 
13 -5.857400 
14 -5.384400 
15 -4.864400 
16 -4.344400 
17 -3.853400 
18 -3.420400 
19 -3.083400 
20 -2.909400 
21 -2.964400 
22 -3.225400 
23 -3.605400 
24 -4.038400 
25 -4.484400 
26 -4.918400 
27 -5.320400 
28 -5.677400 
29 -5.981400 
30 -6.224400 
31 -6.344400 
32 -6.354400 
33 -6.386400 
34 -6.434400 
35 -6.497400 
36 -6.567400 
37 -6.638400 
38 -6.703400 
39 -6.756400 
40 -6.789400 
41 -6.801400 
42 -6.429400 
43 -5.949400 
44 -5.445400 
45 -4.953400 
46 -4.502400 
47 -4.112400 
48 -3.799400 
49 -3.576400 
50 -3.504400 
51 -3.520400 
52 -3.534400 
53 -3.574400 
54 -3.640400 
55 -3.733400 
56 -3.850400 
57 -3.991400 
58 -4.153400 
59 -4.336400 
60 -4.535400 
61 -4.748400 
62 -4.969400 
63 -5.194400 
64 -5.417400 
65 -5.631400 
66 -5.828400 
67 -6.002400 
68 -6.147400 
69 -6.254400 
70 -6.321400 
71 -6.344400 
72 -6.224400 
73 -5.981400 
74 -5.677400 
75 -5.320400 
76 -4.918400 
77 -4.484400 
78 -4.038400 
79 -3.605400 
80 -3.225400 
81 -2.964400 
82 -2.909400 
83 -3.083400 
84 -3.420400 
85 -3.853400 
86 -4.344400 
87 -4.864400 
88 -5.384400 
89 -5.857400 
90 -6.208400 
91 -6.342400 

1 -3.520400 
2 -4.193400 
3 -6.174400 
4 -8.919400 
5 -10.352400 
6 -10.419400 
7 -10.487400 
8 -10.549400 
9 -10.599400 
10 -10.631400 
11 -10.642400 
12 -10.782400 
13 -11.145400 
14 -11.618400 
15 -12.102400 
16 -12.522400 
17 -12.820400 
18 -12.953400 
19 -12.897400 
20 -12.647400 
21 -12.220400 
22 -11.492400 
23 -10.799400 
24 -10.163400 
25 -9.546400 
26 -8.866400 
27 -8.255400 
28 -7.733400 
29 -7.311400 
30 -6.997400 
31 -6.854400 
32 -7.020400 
33 -7.439400 
34 -7.662400 
35 -7.753400 
36 -7.709400 
37 -7.555400 
38 -7.337400 
39 -7.115400 
40 -6.951400 
41 -6.891400 
42 -7.144400 
43 -7.265400 
44 -7.173400 
45 -6.846400 
46 -6.304400 
47 -5.612400 
48 -4.875400 
49 -4.215400 
50 -3.741400 
51 -3.520400 
52 -3.637400 
53 -3.887400 
54 -4.258400 
55 -4.731400 
56 -5.275400 
57 -5.853400 
58 -6.425400 
59 -6.954400 
60 -7.411400 
61 -7.773400 
62 -8.029400 
63 -8.175400 
64 -8.216400 
65 -8.161400 
66 -8.025400 
67 -7.743400 
68 -7.376400 
69 -7.094400 
70 -6.915400 
71 -6.854400 
72 -6.997400 
73 -7.311400 
74 -7.733400 
75 -8.255400 
76 -8.866400 
77 -9.546400 
78 -10.163400 
79 -10.799400 
80 -11.492400 
81 -12.220400 
82 -12.647400 
83 -12.897400 
84 -12.953400 
85 -12.820400 
86 -12.522400 
87 -12.102400 
88 -11.618400 
89 -11.145400 
90 -10.782400 
91 -10.642400 

1 -10.204400 
2 -10.214400 
3 -10.244400 
4 -10.291400 
5 -11.484400 
6 -12.305400 
7 -12.329400 
8 -12.106400 
9 -11.623400 
10 -10.986400 
11 -10.642400 
12 -10.782400 
13 -11.145400 
14 -11.618400 
15 -12.102400 
16 -12.522400 
17 -12.820400 
18 -12.953400 
19 -12.897400 
20 -12.647400 
21 -12.220400 
22 -11.650400 
23 -10.981400 
24 -10.265400 
25 -9.546400 
26 -8.866400 
27 -8.255400 
28 -7.733400 
29 -7.311400 
30 -6.997400 
31 -6.854400 
32 -7.112400 
33 -7.439400 
34 -7.662400 
35 -7.753400 
36 -7.709400 
37 -7.555400 
38 -7.337400 
39 -7.115400 
40 -6.951400 
41 -6.891400 
42 -7.286400 
43 -8.301400 
44 -9.472400 
45 -10.140400 
46 -10.336400 
47 -10.396400 
48 -10.384400 
49 -10.319400 
50 -10.240400 
51 -10.204400 
52 -10.223400 
53 -10.277400 
54 -10.355400 
55 -10.442400 
56 -10.518400 
57 -10.565400 
58 -10.564400 
59 -10.500400 
60 -10.363400 
61 -10.145400 
62 -9.849400 
63 -9.484400 
64 -9.066400 
65 -8.617400 
66 -8.166400 
67 -7.824400 
68 -7.574400 
69 -7.295400 
70 -7.016400 
71 -6.854400 
72 -6.997400 
73 -7.311400 
74 -7.733400 
75 -8.255400 
76 -8.866400 
77 -9.546400 
78 -10.265400 
79 -10.981400 
80 -11.650400 
81 -12.220400 
82 -12.647400 
83 -12.897400 
84 -12.953400 
85 -12.820400 
86 -12.522400 
87 -12.102400 
88 -11.618400 
89 -11.145400 
90 -10.782400 
91 -10.642400 

1 -12.410400 
2 -12.431400 
3 -12.495400 
4 -12.613400 
5 -12.982400 
6 -14.411400 
7 -15.538400 
8 -15.851400 
9 -15.712400 
10 -15.511400 
11 -15.431400 
12 -15.488400 
13 -15.618400 
14 -15.725400 
15 -15.709400 
16 -15.503400 
17 -15.091400 
18 -14.501400 
19 -13.787400 
20 -13.014400 
21 -12.237400 
22 -11.650400 
23 -10.981400 
24 -10.265400 
25 -9.580400 
26 -9.040400 
27 -8.532400 
28 -8.047400 
29 -7.580400 
30 -7.136400 
31 -6.854400 
32 -7.112400 
33 -7.444400 
34 -7.969400 
35 -8.470400 
36 -8.909400 
37 -9.310400 
38 -9.701400 
39 -10.060400 
40 -10.324400 
41 -10.423400 
42 -10.445400 
43 -10.525400 
44 -10.740400 
45 -11.342400 
46 -12.038400 
47 -12.431400 
48 -12.541400 
49 -12.502400 
50 -12.438400 
51 -12.410400 
52 -12.424400 
53 -12.457400 
54 -12.490400 
55 -12.494400 
56 -12.441400 
57 -12.311400 
58 -12.091400 
59 -11.782400 
60 -11.396400 
61 -10.953400 
62 -10.473400 
63 -9.977400 
64 -9.482400 
65 -9.002400 
66 -8.545400 
67 -8.116400 
68 -7.719400 
69 -7.355400 
70 -7.033400 
71 -6.854400 
72 -7.136400 
73 -7.580400 
74 -8.047400 
75 -8.532400 
76 -9.040400 
77 -9.580400 
78 -10.265400 
79 -10.981400 
80 -11.650400 
81 -12.237400 
82 -13.014400 
83 -13.787400 
84 -14.501400 
85 -15.091400 
86 -15.503400 
87 -15.709400 
88 -15.725400 
89 -15.618400 
90 -15.488400 
91 -15.431400 

