1 0.479600 
2 0.529600 
3 0.620600 
4 0.710600 
5 0.787600 
6 0.847600 
7 0.888600 
8 0.913600 
9 0.923600 
10 0.924600 
11 0.926600 
12 0.943600 
13 0.988600 
14 1.065600 
15 1.164600 
16 1.270600 
17 1.366600 
18 1.444600 
19 1.499600 
20 1.531600 
21 1.541600 
22 1.612600 
23 1.691600 
24 1.773600 
25 1.857600 
26 1.942600 
27 2.025600 
28 2.104600 
29 2.178600 
30 2.245600 
31 2.305600 
32 2.356600 
33 2.396600 
34 2.427600 
35 2.446600 
36 2.455600 
37 2.455600 
38 2.449600 
39 2.439600 
40 2.430600 
41 2.427600 
42 2.419600 
43 2.394600 
44 2.347600 
45 2.273600 
46 2.171600 
47 2.041600 
48 1.887600 
49 1.714600 
50 1.529600 
51 1.337600 
52 1.148600 
53 0.974600 
54 0.833600 
55 0.797600 
56 0.879600 
57 0.938600 
58 0.977600 
59 1.001600 
60 1.012600 
61 1.015600 
62 1.014600 
63 1.013600 
64 1.013600 
65 1.012600 
66 1.013600 
67 1.014600 
68 1.017600 
69 1.020600 
70 1.025600 
71 1.031600 
72 1.037600 
73 1.077600 
74 1.125600 
75 1.165600 
76 1.196600 
77 1.221600 
78 1.239600 
79 1.251600 
80 1.258600 
81 1.260600 
82 1.255600 
83 1.241600 
84 1.220600 
85 1.196600 
86 1.181600 
87 1.198600 
88 1.256600 
89 1.350600 
90 1.470600 
91 1.607600 
92 1.752600 
93 1.895600 
94 2.027600 
95 2.144600 
96 2.241600 
97 2.316600 
98 2.369600 
99 2.403600 
100 2.421600 
101 2.427600 
102 2.424600 
103 2.412600 
104 2.379600 
105 2.316600 
106 2.219600 
107 2.091600 
108 1.936600 
109 1.767600 
110 1.599600 
111 1.452600 
112 1.348600 
113 1.299600 
114 1.295600 
115 1.316600 
116 1.345600 
117 1.369600 
118 1.382600 
119 1.384600 
120 1.374600 
121 1.352600 

1 0.479600 
2 0.529600 
3 0.620600 
4 0.710600 
5 0.787600 
6 0.847600 
7 0.888600 
8 0.913600 
9 0.923600 
10 0.924600 
11 0.926600 
12 0.943600 
13 0.988600 
14 1.065600 
15 1.164600 
16 1.270600 
17 1.366600 
18 1.444600 
19 1.499600 
20 1.531600 
21 1.541600 
22 1.477600 
23 1.423600 
24 1.379600 
25 1.346600 
26 1.323600 
27 1.309600 
28 1.303600 
29 1.303600 
30 1.308600 
31 1.317600 
32 1.328600 
33 1.339600 
34 1.352600 
35 1.363600 
36 1.374600 
37 1.384600 
38 1.391600 
39 1.397600 
40 1.401600 
41 1.402600 
42 1.394600 
43 1.369600 
44 1.321600 
45 1.249600 
46 1.155600 
47 1.044600 
48 0.925600 
49 0.806600 
50 0.698600 
51 0.608600 
52 0.538600 
53 0.561600 
54 0.692600 
55 0.739600 
56 0.680600 
57 0.630600 
58 0.574600 
59 0.506600 
60 0.433600 
61 0.381600 
62 0.395600 
63 0.415600 
64 0.453600 
65 0.515600 
66 0.587600 
67 0.663600 
68 0.741600 
69 0.818600 
70 0.891600 
71 0.960600 
72 1.022600 
73 1.044600 
74 1.051600 
75 1.057600 
76 1.063600 
77 1.068600 
78 1.073600 
79 1.076600 
80 1.078600 
81 1.078600 
82 1.068600 
83 1.036600 
84 1.008600 
85 1.012600 
86 1.012600 
87 0.995600 
88 0.959600 
89 0.917600 
90 0.885600 
91 0.876600 
92 0.902600 
93 0.963600 
94 1.046600 
95 1.136600 
96 1.220600 
97 1.290600 
98 1.343600 
99 1.377600 
100 1.396600 
101 1.402600 
102 1.395600 
103 1.372600 
104 1.332600 
105 1.269600 
106 1.185600 
107 1.083600 
108 0.969600 
109 0.857600 
110 0.765600 
111 0.710600 
112 0.715600 
113 0.784600 
114 0.879600 
115 0.973600 
116 1.061600 
117 1.141600 
118 1.212600 
119 1.271600 
120 1.318600 
121 1.352600 

1 0.184600 
2 0.138600 
3 0.055600 
4 -0.020400 
5 -0.080400 
6 -0.124400 
7 -0.158400 
8 -0.182400 
9 -0.188400 
10 -0.156400 
11 -0.089400 
12 -0.021400 
13 0.013600 
14 0.000600 
15 -0.056400 
16 -0.146400 
17 -0.256400 
18 -0.375400 
19 -0.492400 
20 -0.591400 
21 -0.638400 
22 -0.632400 
23 -0.639400 
24 -0.656400 
25 -0.682400 
26 -0.715400 
27 -0.747400 
28 -0.749400 
29 -0.755400 
30 -0.766400 
31 -0.782400 
32 -0.801400 
33 -0.824400 
34 -0.849400 
35 -0.600400 
36 -0.260400 
37 0.054600 
38 0.310600 
39 0.500600 
40 0.617600 
41 0.656600 
42 0.620600 
43 0.510600 
44 0.322600 
45 0.050600 
46 -0.311400 
47 -0.225400 
48 -0.084400 
49 0.046600 
50 0.163600 
51 0.260600 
52 0.402600 
53 0.489600 
54 0.456600 
55 0.432600 
56 0.413600 
57 0.395600 
58 0.380600 
59 0.369600 
60 0.367600 
61 0.380600 
62 0.381600 
63 0.406600 
64 0.441600 
65 0.473600 
66 0.511600 
67 0.554600 
68 0.601600 
69 0.651600 
70 0.702600 
71 0.752600 
72 0.800600 
73 0.845600 
74 0.885600 
75 0.919600 
76 0.948600 
77 0.970600 
78 0.986600 
79 0.997600 
80 1.003600 
81 1.005600 
82 1.005600 
83 1.006600 
84 0.982600 
85 0.907600 
86 0.810600 
87 0.692600 
88 0.553600 
89 0.393600 
90 0.212600 
91 0.011600 
92 -0.164400 
93 -0.199400 
94 -0.272400 
95 -0.371400 
96 -0.059400 
97 0.206600 
98 0.407600 
99 0.547600 
100 0.629600 
101 0.656600 
102 0.590600 
103 0.400600 
104 0.102600 
105 -0.270400 
106 -0.445400 
107 -0.368400 
108 -0.293400 
109 -0.117400 
110 0.104600 
111 0.282600 
112 0.387600 
113 0.409600 
114 0.393600 
115 0.377600 
116 0.369600 
117 0.365600 
118 0.358600 
119 0.344600 
120 0.321600 
121 0.290600 

1 0.184600 
2 0.138600 
3 0.055600 
4 -0.020400 
5 -0.080400 
6 -0.124400 
7 -0.158400 
8 -0.182400 
9 -0.188400 
10 -0.156400 
11 -0.089400 
12 -0.021400 
13 0.013600 
14 0.000600 
15 -0.056400 
16 -0.146400 
17 -0.256400 
18 -0.375400 
19 -0.492400 
20 -0.591400 
21 -0.638400 
22 -0.659400 
23 -0.694400 
24 -0.745400 
25 -0.759400 
26 -0.751400 
27 -0.747400 
28 -0.749400 
29 -0.755400 
30 -0.766400 
31 -0.782400 
32 -0.801400 
33 -0.824400 
34 -0.849400 
35 -0.876400 
36 -0.904400 
37 -0.930400 
38 -0.954400 
39 -0.973400 
40 -0.986400 
41 -0.990400 
42 -0.931400 
43 -0.811400 
44 -0.671400 
45 -0.523400 
46 -0.373400 
47 -0.755400 
48 -0.498400 
49 -0.234400 
50 0.004600 
51 0.217600 
52 0.333600 
53 0.374600 
54 0.367600 
55 0.305600 
56 0.208600 
57 0.110600 
58 0.038600 
59 0.003600 
60 0.006600 
61 0.020600 
62 0.012600 
63 -0.016400 
64 -0.062400 
65 -0.121400 
66 -0.189400 
67 -0.262400 
68 -0.340400 
69 -0.420400 
70 -0.500400 
71 -0.580400 
72 -0.591400 
73 -0.603400 
74 -0.615400 
75 -0.628400 
76 -0.640400 
77 -0.651400 
78 -0.660400 
79 -0.667400 
80 -0.671400 
81 -0.673400 
82 -0.679400 
83 -0.699400 
84 -0.732400 
85 -0.775400 
86 -0.649400 
87 -0.524400 
88 -0.409400 
89 -0.307400 
90 -0.226400 
91 -0.174400 
92 -0.207400 
93 -0.439400 
94 -0.631400 
95 -0.389400 
96 -0.486400 
97 -0.607400 
98 -0.730400 
99 -0.846400 
100 -0.944400 
101 -0.990400 
102 -0.941400 
103 -0.839400 
104 -0.725400 
105 -0.627400 
106 -0.807400 
107 -0.654400 
108 -0.378400 
109 -0.256400 
110 -0.254400 
111 -0.284400 
112 -0.290400 
113 -0.238400 
114 -0.160400 
115 -0.078400 
116 -0.000400 
117 0.074600 
118 0.141600 
119 0.201600 
120 0.250600 
121 0.290600 

1 -0.747400 
2 -0.745400 
3 -0.745400 
4 -0.749400 
5 -0.755400 
6 -0.749400 
7 -0.718400 
8 -0.659400 
9 -0.595400 
10 -0.562400 
11 -0.579400 
12 -0.631400 
13 -0.699400 
14 -0.771400 
15 -0.838400 
16 -0.889400 
17 -0.920400 
18 -0.925400 
19 -0.901400 
20 -0.856400 
21 -0.840400 
22 -0.812400 
23 -0.790400 
24 -0.772400 
25 -0.759400 
26 -0.751400 
27 -0.753400 
28 -0.794400 
29 -0.836400 
30 -0.877400 
31 -0.913400 
32 -0.940400 
33 -0.940400 
34 -0.858400 
35 -0.876400 
36 -0.904400 
37 -0.930400 
38 -0.954400 
39 -0.973400 
40 -0.986400 
41 -0.990400 
42 -1.011400 
43 -1.077400 
44 -1.188400 
45 -1.345400 
46 -1.086400 
47 -0.784400 
48 -1.116400 
49 -1.083400 
50 -0.957400 
51 -0.833400 
52 -0.726400 
53 -0.639400 
54 -0.575400 
55 -0.534400 
56 -0.515400 
57 -0.518400 
58 -0.542400 
59 -0.583400 
60 -0.639400 
61 -0.707400 
62 -0.673400 
63 -0.644400 
64 -0.620400 
65 -0.600400 
66 -0.586400 
67 -0.576400 
68 -0.572400 
69 -0.571400 
70 -0.575400 
71 -0.582400 
72 -0.659400 
73 -0.734400 
74 -0.805400 
75 -0.870400 
76 -0.928400 
77 -0.977400 
78 -1.018400 
79 -1.047400 
80 -1.065400 
81 -1.071400 
82 -1.049400 
83 -0.986400 
84 -0.891400 
85 -0.777400 
86 -0.835400 
87 -0.906400 
88 -0.989400 
89 -1.083400 
90 -1.089400 
91 -1.075400 
92 -1.097400 
93 -1.148400 
94 -0.925400 
95 -1.014400 
96 -1.275400 
97 -1.252400 
98 -1.136400 
99 -1.055400 
100 -1.006400 
101 -0.990400 
102 -1.002400 
103 -1.036400 
104 -1.090400 
105 -1.160400 
106 -0.949400 
107 -1.224400 
108 -1.098400 
109 -0.962400 
110 -0.837400 
111 -0.753400 
112 -0.766400 
113 -0.898400 
114 -1.099400 
115 -1.330400 
116 -1.572400 
117 -1.804400 
118 -1.937400 
119 -2.088400 
120 -2.254400 
121 -2.432400 

1 -0.747400 
2 -0.745400 
3 -0.745400 
4 -0.749400 
5 -0.755400 
6 -0.749400 
7 -0.718400 
8 -0.659400 
9 -0.595400 
10 -0.562400 
11 -0.579400 
12 -0.631400 
13 -0.699400 
14 -0.771400 
15 -0.838400 
16 -0.889400 
17 -0.920400 
18 -0.925400 
19 -0.901400 
20 -0.856400 
21 -0.840400 
22 -0.812400 
23 -0.790400 
24 -0.772400 
25 -0.811400 
26 -0.892400 
27 -0.985400 
28 -1.088400 
29 -1.191400 
30 -1.245400 
31 -1.298400 
32 -1.352400 
33 -1.403400 
34 -1.452400 
35 -1.306400 
36 -1.265400 
37 -1.264400 
38 -1.273400 
39 -1.282400 
40 -1.288400 
41 -1.290400 
42 -1.348400 
43 -1.467400 
44 -1.516400 
45 -1.394400 
46 -1.337400 
47 -1.248400 
48 -1.169400 
49 -1.110400 
50 -1.082400 
51 -1.092400 
52 -1.144400 
53 -1.234400 
54 -1.356400 
55 -1.346400 
56 -1.226400 
57 -1.107400 
58 -0.992400 
59 -0.886400 
60 -0.790400 
61 -0.709400 
62 -0.746400 
63 -0.784400 
64 -0.824400 
65 -0.863400 
66 -0.903400 
67 -0.942400 
68 -0.979400 
69 -1.015400 
70 -1.048400 
71 -1.080400 
72 -1.109400 
73 -1.134400 
74 -1.157400 
75 -1.177400 
76 -1.194400 
77 -1.208400 
78 -1.219400 
79 -1.226400 
80 -1.231400 
81 -1.232400 
82 -1.238400 
83 -1.253400 
84 -1.278400 
85 -1.313400 
86 -1.357400 
87 -1.330400 
88 -1.225400 
89 -1.140400 
90 -1.188400 
91 -1.303400 
92 -1.425400 
93 -1.340400 
94 -1.218400 
95 -1.299400 
96 -1.383400 
97 -1.461400 
98 -1.511400 
99 -1.432400 
100 -1.336400 
101 -1.290400 
102 -1.332400 
103 -1.406400 
104 -1.441400 
105 -1.223400 
106 -1.234400 
107 -1.299400 
108 -1.345400 
109 -1.371400 
110 -1.386400 
111 -1.403400 
112 -1.428400 
113 -1.466400 
114 -1.522400 
115 -1.596400 
116 -1.690400 
117 -1.817400 
118 -2.054400 
119 -2.272400 
120 -2.455400 
121 -2.432400 

1 -2.434400 
2 -2.430400 
3 -2.403400 
4 -2.346400 
5 -2.274400 
6 -2.208400 
7 -2.168400 
8 -2.156400 
9 -2.157400 
10 -2.145400 
11 -2.092400 
12 -1.983400 
13 -1.823400 
14 -1.633400 
15 -1.440400 
16 -1.262400 
17 -1.111400 
18 -0.993400 
19 -0.912400 
20 -0.866400 
21 -0.840400 
22 -0.871400 
23 -0.907400 
24 -0.947400 
25 -0.991400 
26 -1.037400 
27 -1.086400 
28 -1.138400 
29 -1.191400 
30 -1.245400 
31 -1.298400 
32 -1.352400 
33 -1.403400 
34 -1.452400 
35 -1.497400 
36 -1.537400 
37 -1.571400 
38 -1.599400 
39 -1.620400 
40 -1.632400 
41 -1.637400 
42 -1.622400 
43 -1.581400 
44 -1.601400 
45 -1.438400 
46 -1.570400 
47 -1.592400 
48 -1.662400 
49 -1.975400 
50 -1.891400 
51 -1.796400 
52 -1.693400 
53 -1.583400 
54 -1.466400 
55 -1.500400 
56 -1.652400 
57 -1.801400 
58 -1.933400 
59 -2.038400 
60 -2.105400 
61 -2.128400 
62 -2.123400 
63 -2.108400 
64 -2.085400 
65 -2.056400 
66 -2.023400 
67 -1.988400 
68 -1.954400 
69 -1.921400 
70 -1.890400 
71 -1.862400 
72 -1.837400 
73 -1.816400 
74 -1.797400 
75 -1.782400 
76 -1.769400 
77 -1.759400 
78 -1.751400 
79 -1.746400 
80 -1.743400 
81 -1.742400 
82 -1.730400 
83 -1.693400 
84 -1.630400 
85 -1.544400 
86 -1.441400 
87 -1.408400 
88 -1.467400 
89 -1.530400 
90 -1.595400 
91 -1.651400 
92 -1.647400 
93 -1.554400 
94 -1.686400 
95 -1.590400 
96 -1.403400 
97 -1.543400 
98 -1.587400 
99 -1.596400 
100 -1.626400 
101 -1.637400 
102 -1.621400 
103 -1.567400 
104 -1.454400 
105 -1.432400 
106 -1.350400 
107 -1.336400 
108 -1.628400 
109 -1.589400 
110 -1.557400 
111 -1.543400 
112 -1.563400 
113 -1.629400 
114 -1.753400 
115 -1.929400 
116 -2.137400 
117 -2.344400 
118 -2.515400 
119 -2.621400 
120 -2.615400 
121 -2.585400 

1 -2.434400 
2 -2.430400 
3 -2.403400 
4 -2.346400 
5 -2.274400 
6 -2.208400 
7 -2.168400 
8 -2.156400 
9 -2.157400 
10 -2.145400 
11 -2.092400 
12 -1.983400 
13 -1.823400 
14 -1.633400 
15 -1.440400 
16 -1.262400 
17 -1.111400 
18 -0.993400 
19 -0.912400 
20 -0.866400 
21 -0.840400 
22 -0.871400 
23 -0.907400 
24 -0.947400 
25 -0.991400 
26 -1.037400 
27 -1.086400 
28 -1.138400 
29 -1.199400 
30 -1.314400 
31 -1.432400 
32 -1.550400 
33 -1.664400 
34 -1.499400 
35 -1.497400 
36 -1.537400 
37 -1.571400 
38 -1.599400 
39 -1.620400 
40 -1.632400 
41 -1.637400 
42 -1.659400 
43 -1.728400 
44 -1.693400 
45 -1.738400 
46 -1.736400 
47 -1.843400 
48 -2.049400 
49 -2.280400 
50 -2.580400 
51 -2.799400 
52 -3.038400 
53 -3.296400 
54 -3.572400 
55 -3.864400 
56 -4.170400 
57 -4.487400 
58 -4.809400 
59 -5.129400 
60 -5.441400 
61 -5.735400 
62 -5.609400 
63 -5.505400 
64 -5.429400 
65 -5.382400 
66 -5.365400 
67 -5.376400 
68 -5.414400 
69 -5.478400 
70 -5.566400 
71 -5.677400 
72 -5.808400 
73 -5.960400 
74 -5.841400 
75 -5.365400 
76 -4.936400 
77 -4.568400 
78 -4.272400 
79 -4.055400 
80 -3.923400 
81 -3.879400 
82 -3.872400 
83 -3.850400 
84 -3.812400 
85 -3.757400 
86 -3.684400 
87 -3.592400 
88 -3.476400 
89 -3.321400 
90 -3.039400 
91 -2.692400 
92 -2.222400 
93 -1.971400 
94 -1.813400 
95 -1.817400 
96 -1.857400 
97 -1.706400 
98 -1.788400 
99 -1.703400 
100 -1.653400 
101 -1.637400 
102 -1.649400 
103 -1.685400 
104 -1.742400 
105 -1.757400 
106 -1.715400 
107 -1.679400 
108 -1.918400 
109 -2.255400 
110 -2.437400 
111 -2.635400 
112 -2.830400 
113 -3.003400 
114 -3.129400 
115 -3.190400 
116 -3.175400 
117 -3.092400 
118 -2.959400 
119 -2.794400 
120 -2.645400 
121 -2.585400 

1 -3.570400 
2 -3.616400 
3 -3.755400 
4 -3.991400 
5 -4.318400 
6 -4.719400 
7 -5.152400 
8 -5.529400 
9 -5.676400 
10 -5.441400 
11 -5.103400 
12 -4.847400 
13 -4.693400 
14 -4.619400 
15 -4.594400 
16 -4.587400 
17 -4.573400 
18 -4.529400 
19 -4.450400 
20 -4.372400 
21 -4.341400 
22 -4.241400 
23 -4.133400 
24 -4.016400 
25 -3.893400 
26 -3.765400 
27 -3.633400 
28 -3.500400 
29 -3.366400 
30 -3.233400 
31 -3.103400 
32 -2.536400 
33 -1.939400 
34 -1.773400 
35 -1.874400 
36 -1.964400 
37 -2.041400 
38 -2.103400 
39 -2.149400 
40 -2.177400 
41 -2.187400 
42 -2.130400 
43 -1.952400 
44 -1.851400 
45 -1.904400 
46 -1.879400 
47 -2.031400 
48 -2.178400 
49 -2.379400 
50 -3.033400 
51 -3.543400 
52 -4.094400 
53 -4.665400 
54 -5.229400 
55 -5.745400 
56 -6.164400 
57 -6.433400 
58 -6.501400 
59 -6.349400 
60 -6.055400 
61 -5.746400 
62 -5.880400 
63 -6.008400 
64 -6.127400 
65 -6.235400 
66 -6.331400 
67 -6.414400 
68 -6.484400 
69 -6.540400 
70 -6.581400 
71 -6.609400 
72 -6.623400 
73 -6.348400 
74 -6.129400 
75 -6.316400 
76 -6.517400 
77 -6.564400 
78 -6.545400 
79 -6.529400 
80 -6.519400 
81 -6.516400 
82 -6.458400 
83 -6.263400 
84 -5.861400 
85 -5.361400 
86 -4.859400 
87 -4.377400 
88 -3.925400 
89 -3.524400 
90 -3.263400 
91 -2.904400 
92 -2.366400 
93 -2.072400 
94 -1.992400 
95 -2.030400 
96 -1.944400 
97 -1.907400 
98 -1.796400 
99 -2.007400 
100 -2.144400 
101 -2.187400 
102 -2.136400 
103 -1.997400 
104 -1.844400 
105 -1.814400 
106 -1.895400 
107 -1.985400 
108 -2.102400 
109 -2.526400 
110 -3.082400 
111 -3.444400 
112 -3.727400 
113 -3.997400 
114 -4.261400 
115 -4.514400 
116 -4.744400 
117 -4.940400 
118 -5.093400 
119 -5.203400 
120 -5.289400 
121 -5.402400 

1 -3.570400 
2 -3.616400 
3 -3.755400 
4 -3.991400 
5 -4.318400 
6 -4.719400 
7 -5.152400 
8 -5.529400 
9 -5.676400 
10 -5.441400 
11 -5.103400 
12 -4.847400 
13 -4.693400 
14 -4.619400 
15 -4.594400 
16 -4.587400 
17 -4.573400 
18 -4.529400 
19 -4.450400 
20 -4.372400 
21 -4.341400 
22 -4.241400 
23 -4.133400 
24 -4.016400 
25 -3.893400 
26 -3.765400 
27 -3.633400 
28 -3.500400 
29 -3.366400 
30 -3.233400 
31 -3.103400 
32 -2.978400 
33 -2.858400 
34 -2.746400 
35 -2.644400 
36 -2.555400 
37 -2.475400 
38 -2.404400 
39 -2.352400 
40 -2.319400 
41 -2.308400 
42 -2.278400 
43 -2.192400 
44 -2.062400 
45 -2.036400 
46 -2.164400 
47 -2.112400 
48 -2.197400 
49 -2.576400 
50 -3.166400 
51 -4.234400 
52 -5.109400 
53 -5.793400 
54 -6.526400 
55 -6.734400 
56 -6.698400 
57 -6.641400 
58 -6.581400 
59 -6.527400 
60 -6.488400 
61 -6.473400 
62 -6.477400 
63 -6.490400 
64 -6.512400 
65 -6.544400 
66 -6.586400 
67 -6.639400 
68 -6.702400 
69 -6.775400 
70 -6.858400 
71 -6.949400 
72 -6.862400 
73 -6.625400 
74 -6.618400 
75 -6.603400 
76 -6.584400 
77 -6.731400 
78 -6.952400 
79 -7.170400 
80 -7.359400 
81 -7.444400 
82 -7.077400 
83 -6.594400 
84 -6.229400 
85 -5.703400 
86 -5.116400 
87 -4.587400 
88 -4.113400 
89 -3.692400 
90 -3.319400 
91 -2.990400 
92 -2.701400 
93 -2.447400 
94 -2.225400 
95 -2.049400 
96 -2.062400 
97 -2.061400 
98 -2.163400 
99 -2.241400 
100 -2.289400 
101 -2.308400 
102 -2.300400 
103 -2.288400 
104 -2.278400 
105 -2.289400 
106 -2.348400 
107 -2.469400 
108 -2.650400 
109 -2.882400 
110 -3.158400 
111 -3.473400 
112 -3.826400 
113 -4.211400 
114 -4.626400 
115 -5.060400 
116 -5.505400 
117 -5.941400 
118 -6.345400 
119 -6.010400 
120 -5.633400 
121 -5.402400 

1 -6.034400 
2 -6.070400 
3 -6.174400 
4 -6.326400 
5 -6.488400 
6 -6.621400 
7 -6.680400 
8 -6.555400 
9 -6.230400 
10 -6.043400 
11 -5.906400 
12 -5.738400 
13 -5.552400 
14 -5.367400 
15 -5.194400 
16 -5.041400 
17 -4.908400 
18 -4.786400 
19 -4.637400 
20 -4.441400 
21 -4.341400 
22 -4.430400 
23 -4.508400 
24 -4.516400 
25 -4.323400 
26 -4.128400 
27 -3.935400 
28 -3.745400 
29 -3.561400 
30 -3.384400 
31 -3.217400 
32 -2.978400 
33 -2.858400 
34 -2.746400 
35 -2.644400 
36 -2.555400 
37 -2.475400 
38 -2.404400 
39 -2.352400 
40 -2.319400 
41 -2.308400 
42 -2.291400 
43 -2.267400 
44 -2.240400 
45 -2.207400 
46 -2.284400 
47 -2.596400 
48 -2.971400 
49 -3.410400 
50 -3.914400 
51 -4.481400 
52 -5.431400 
53 -6.427400 
54 -6.711400 
55 -7.293400 
56 -8.074400 
57 -8.830400 
58 -9.084400 
59 -8.779400 
60 -8.675400 
61 -8.693400 
62 -8.679400 
63 -8.682400 
64 -8.703400 
65 -8.737400 
66 -8.725400 
67 -8.625400 
68 -8.446400 
69 -8.173400 
70 -7.804400 
71 -7.358400 
72 -7.047400 
73 -7.149400 
74 -7.255400 
75 -7.359400 
76 -7.458400 
77 -7.548400 
78 -7.625400 
79 -7.683400 
80 -7.720400 
81 -7.732400 
82 -7.728400 
83 -7.047400 
84 -6.348400 
85 -5.905400 
86 -5.549400 
87 -5.162400 
88 -4.758400 
89 -4.352400 
90 -3.779400 
91 -3.083400 
92 -2.896400 
93 -2.687400 
94 -2.464400 
95 -2.250400 
96 -2.110400 
97 -2.166400 
98 -2.214400 
99 -2.254400 
100 -2.291400 
101 -2.308400 
102 -2.302400 
103 -2.297400 
104 -2.319400 
105 -2.382400 
106 -2.496400 
107 -2.655400 
108 -2.852400 
109 -3.090400 
110 -3.425400 
111 -3.973400 
112 -4.588400 
113 -5.171400 
114 -5.683400 
115 -6.097400 
116 -6.294400 
117 -6.474400 
118 -6.376400 
119 -6.682400 
120 -6.914400 
121 -7.015400 

1 -6.034400 
2 -6.070400 
3 -6.174400 
4 -6.326400 
5 -6.488400 
6 -6.621400 
7 -6.680400 
8 -6.555400 
9 -6.230400 
10 -6.043400 
11 -5.906400 
12 -5.738400 
13 -5.552400 
14 -5.367400 
15 -5.194400 
16 -5.041400 
17 -4.908400 
18 -4.786400 
19 -4.637400 
20 -4.441400 
21 -4.341400 
22 -4.430400 
23 -4.508400 
24 -4.516400 
25 -4.323400 
26 -4.128400 
27 -3.935400 
28 -3.745400 
29 -3.561400 
30 -3.384400 
31 -3.217400 
32 -3.060400 
33 -2.915400 
34 -2.784400 
35 -2.666400 
36 -2.563400 
37 -2.479400 
38 -2.418400 
39 -2.375400 
40 -2.348400 
41 -2.339400 
42 -2.345400 
43 -2.384400 
44 -2.489400 
45 -2.677400 
46 -2.957400 
47 -3.336400 
48 -3.824400 
49 -4.429400 
50 -5.157400 
51 -6.007400 
52 -6.963400 
53 -7.702400 
54 -8.822400 
55 -9.170400 
56 -9.317400 
57 -9.292400 
58 -9.113400 
59 -8.940400 
60 -8.786400 
61 -8.696400 
62 -8.724400 
63 -8.752400 
64 -8.771400 
65 -8.767400 
66 -8.782400 
67 -8.831400 
68 -8.882400 
69 -8.927400 
70 -8.961400 
71 -8.978400 
72 -8.968400 
73 -8.917400 
74 -8.810400 
75 -8.656400 
76 -8.477400 
77 -8.297400 
78 -8.135400 
79 -8.008400 
80 -7.926400 
81 -7.898400 
82 -7.773400 
83 -7.714400 
84 -7.690400 
85 -7.656400 
86 -7.612400 
87 -7.217400 
88 -5.952400 
89 -4.799400 
90 -3.959400 
91 -3.594400 
92 -3.274400 
93 -3.014400 
94 -2.815400 
95 -2.660400 
96 -2.539400 
97 -2.449400 
98 -2.389400 
99 -2.355400 
100 -2.342400 
101 -2.339400 
102 -2.351400 
103 -2.392400 
104 -2.475400 
105 -2.612400 
106 -2.811400 
107 -3.078400 
108 -3.416400 
109 -3.824400 
110 -4.299400 
111 -4.830400 
112 -5.390400 
113 -5.871400 
114 -6.064400 
115 -6.160400 
116 -6.387400 
117 -6.506400 
118 -6.676400 
119 -6.861400 
120 -6.987400 
121 -7.015400 

1 -11.373400 
2 -11.199400 
3 -10.730400 
4 -10.067400 
5 -9.313400 
6 -8.551400 
7 -7.872400 
8 -7.474400 
9 -7.542400 
10 -7.874400 
11 -8.229400 
12 -8.385400 
13 -8.160400 
14 -7.600400 
15 -6.922400 
16 -6.283400 
17 -5.761400 
18 -5.392400 
19 -5.181400 
20 -5.088400 
21 -5.064400 
22 -4.888400 
23 -4.705400 
24 -4.573400 
25 -4.626400 
26 -4.667400 
27 -4.694400 
28 -4.710400 
29 -4.715400 
30 -4.024400 
31 -3.236400 
32 -3.060400 
33 -2.915400 
34 -2.784400 
35 -2.666400 
36 -2.563400 
37 -2.479400 
38 -2.418400 
39 -2.375400 
40 -2.348400 
41 -2.339400 
42 -2.419400 
43 -2.639400 
44 -2.961400 
45 -3.353400 
46 -3.803400 
47 -4.315400 
48 -4.893400 
49 -5.536400 
50 -6.230400 
51 -6.950400 
52 -7.210400 
53 -7.985400 
54 -8.991400 
55 -9.783400 
56 -9.971400 
57 -9.569400 
58 -9.559400 
59 -10.111400 
60 -10.458400 
61 -10.568400 
62 -10.545400 
63 -10.488400 
64 -10.404400 
65 -10.302400 
66 -10.189400 
67 -10.070400 
68 -9.947400 
69 -9.823400 
70 -9.699400 
71 -9.575400 
72 -9.457400 
73 -9.355400 
74 -9.284400 
75 -9.245400 
76 -9.224400 
77 -9.136400 
78 -8.848400 
79 -8.580400 
80 -8.361400 
81 -8.266400 
82 -8.263400 
83 -8.764400 
84 -9.233400 
85 -9.636400 
86 -8.559400 
87 -7.556400 
88 -7.488400 
89 -7.408400 
90 -7.316400 
91 -7.212400 
92 -6.938400 
93 -6.070400 
94 -5.255400 
95 -4.516400 
96 -3.869400 
97 -3.324400 
98 -2.894400 
99 -2.585400 
100 -2.400400 
101 -2.339400 
102 -2.409400 
103 -2.627400 
104 -3.007400 
105 -3.564400 
106 -4.312400 
107 -5.257400 
108 -6.388400 
109 -6.406400 
110 -6.385400 
111 -6.346400 
112 -6.318400 
113 -6.414400 
114 -6.844400 
115 -7.413400 
116 -7.965400 
117 -7.842400 
118 -7.754400 
119 -7.732400 
120 -7.754400 
121 -7.800400 

1 -11.373400 
2 -11.199400 
3 -10.730400 
4 -10.067400 
5 -9.313400 
6 -8.551400 
7 -7.872400 
8 -7.474400 
9 -7.542400 
10 -7.874400 
11 -8.229400 
12 -8.385400 
13 -8.160400 
14 -7.600400 
15 -6.922400 
16 -6.283400 
17 -5.761400 
18 -5.392400 
19 -5.181400 
20 -5.088400 
21 -5.064400 
22 -4.888400 
23 -4.705400 
24 -4.573400 
25 -4.626400 
26 -4.667400 
27 -4.694400 
28 -4.710400 
29 -4.715400 
30 -4.711400 
31 -4.698400 
32 -4.679400 
33 -4.655400 
34 -4.629400 
35 -4.602400 
36 -4.575400 
37 -4.551400 
38 -4.531400 
39 -4.516400 
40 -4.507400 
41 -4.504400 
42 -4.616400 
43 -4.963400 
44 -5.563400 
45 -6.410400 
46 -6.637400 
47 -6.757400 
48 -6.864400 
49 -6.954400 
50 -7.027400 
51 -7.095400 
52 -7.657400 
53 -8.300400 
54 -9.071400 
55 -10.830400 
56 -12.292400 
57 -12.614400 
58 -12.828400 
59 -12.877400 
60 -13.005400 
61 -13.201400 
62 -13.071400 
63 -12.886400 
64 -12.653400 
65 -12.381400 
66 -12.080400 
67 -11.769400 
68 -11.467400 
69 -11.192400 
70 -10.948400 
71 -10.724400 
72 -10.499400 
73 -10.260400 
74 -9.999400 
75 -9.720400 
76 -9.429400 
77 -9.212400 
78 -9.206400 
79 -9.202400 
80 -9.200400 
81 -9.200400 
82 -9.741400 
83 -10.593400 
84 -11.239400 
85 -9.923400 
86 -9.946400 
87 -10.137400 
88 -10.189400 
89 -9.558400 
90 -8.718400 
91 -7.832400 
92 -7.097400 
93 -6.973400 
94 -6.843400 
95 -6.710400 
96 -6.294400 
97 -5.706400 
98 -5.209400 
99 -4.828400 
100 -4.587400 
101 -4.504400 
102 -4.590400 
103 -4.837400 
104 -5.219400 
105 -5.682400 
106 -6.098400 
107 -6.309400 
108 -6.388400 
109 -7.672400 
110 -8.578400 
111 -8.638400 
112 -8.610400 
113 -8.508400 
114 -8.353400 
115 -8.170400 
116 -7.990400 
117 -8.459400 
118 -8.414400 
119 -8.028400 
120 -7.873400 
121 -7.800400 

1 -14.631400 
2 -14.615400 
3 -14.573400 
4 -14.529400 
5 -14.502400 
6 -14.501400 
7 -14.511400 
8 -14.498400 
9 -14.386400 
10 -13.870400 
11 -13.028400 
12 -12.339400 
13 -12.022400 
14 -11.043400 
15 -9.756400 
16 -8.442400 
17 -7.219400 
18 -6.197400 
19 -5.484400 
20 -5.145400 
21 -5.064400 
22 -5.229400 
23 -5.384400 
24 -5.525400 
25 -5.653400 
26 -5.766400 
27 -5.865400 
28 -5.837400 
29 -4.893400 
30 -4.711400 
31 -4.698400 
32 -4.679400 
33 -4.655400 
34 -4.629400 
35 -4.602400 
36 -4.575400 
37 -4.551400 
38 -4.531400 
39 -4.516400 
40 -4.507400 
41 -4.504400 
42 -4.733400 
43 -5.383400 
44 -6.371400 
45 -6.513400 
46 -7.455400 
47 -8.614400 
48 -9.783400 
49 -10.856400 
50 -11.744400 
51 -12.082400 
52 -12.108400 
53 -12.091400 
54 -12.084400 
55 -12.122400 
56 -12.713400 
57 -12.831400 
58 -12.938400 
59 -13.193400 
60 -13.302400 
61 -13.209400 
62 -13.307400 
63 -13.393400 
64 -13.453400 
65 -13.482400 
66 -13.473400 
67 -13.428400 
68 -13.347400 
69 -13.237400 
70 -13.087400 
71 -12.838400 
72 -12.639400 
73 -12.495400 
74 -12.402400 
75 -12.348400 
76 -12.322400 
77 -12.313400 
78 -12.314400 
79 -12.318400 
80 -12.322400 
81 -12.323400 
82 -12.293400 
83 -12.224400 
84 -11.400400 
85 -11.824400 
86 -11.468400 
87 -10.959400 
88 -10.315400 
89 -10.088400 
90 -9.832400 
91 -9.429400 
92 -8.904400 
93 -8.288400 
94 -7.621400 
95 -6.944400 
96 -6.581400 
97 -6.460400 
98 -6.004400 
99 -5.189400 
100 -4.678400 
101 -4.504400 
102 -4.681400 
103 -5.197400 
104 -6.000400 
105 -6.500400 
106 -6.773400 
107 -7.297400 
108 -7.960400 
109 -8.427400 
110 -9.039400 
111 -9.921400 
112 -10.428400 
113 -10.819400 
114 -11.078400 
115 -11.123400 
116 -10.164400 
117 -9.170400 
118 -8.885400 
119 -9.252400 
120 -9.588400 
121 -9.919400 

1 -14.631400 
2 -14.615400 
3 -14.573400 
4 -14.529400 
5 -14.502400 
6 -14.501400 
7 -14.511400 
8 -14.498400 
9 -14.386400 
10 -13.870400 
11 -13.028400 
12 -12.339400 
13 -12.022400 
14 -11.043400 
15 -9.756400 
16 -8.442400 
17 -7.219400 
18 -6.197400 
19 -5.484400 
20 -5.145400 
21 -5.064400 
22 -5.229400 
23 -5.384400 
24 -5.525400 
25 -5.653400 
26 -5.766400 
27 -5.865400 
28 -5.950400 
29 -6.020400 
30 -6.077400 
31 -6.121400 
32 -6.155400 
33 -6.178400 
34 -6.194400 
35 -6.203400 
36 -6.207400 
37 -6.207400 
38 -6.206400 
39 -6.204400 
40 -6.203400 
41 -6.202400 
42 -6.226400 
43 -6.294400 
44 -6.394400 
45 -7.585400 
46 -8.424400 
47 -9.210400 
48 -10.067400 
49 -10.990400 
50 -11.945400 
51 -12.394400 
52 -12.794400 
53 -12.974400 
54 -12.996400 
55 -12.939400 
56 -12.871400 
57 -13.445400 
58 -14.072400 
59 -14.629400 
60 -15.010400 
61 -15.151400 
62 -15.114400 
63 -15.006400 
64 -14.832400 
65 -14.599400 
66 -14.319400 
67 -14.011400 
68 -13.690400 
69 -13.376400 
70 -13.106400 
71 -12.963400 
72 -12.823400 
73 -12.694400 
74 -12.586400 
75 -12.503400 
76 -12.443400 
77 -12.403400 
78 -12.379400 
79 -12.366400 
80 -12.360400 
81 -12.358400 
82 -12.385400 
83 -12.417400 
84 -12.087400 
85 -11.939400 
86 -12.168400 
87 -12.324400 
88 -12.447400 
89 -12.527400 
90 -12.137400 
91 -11.378400 
92 -10.626400 
93 -9.895400 
94 -9.194400 
95 -8.534400 
96 -7.924400 
97 -7.063400 
98 -6.355400 
99 -6.273400 
100 -6.220400 
101 -6.202400 
102 -6.221400 
103 -6.275400 
104 -6.364400 
105 -6.895400 
106 -7.466400 
107 -7.865400 
108 -8.186400 
109 -8.652400 
110 -9.319400 
111 -10.362400 
112 -11.441400 
113 -11.956400 
114 -11.789400 
115 -11.203400 
116 -11.199400 
117 -11.078400 
118 -10.863400 
119 -10.578400 
120 -10.254400 
121 -9.919400 

1 -15.561400 
2 -15.640400 
3 -15.853400 
4 -16.094400 
5 -16.250400 
6 -16.235400 
7 -15.995400 
8 -15.514400 
9 -14.837400 
10 -14.274400 
11 -13.815400 
12 -13.133400 
13 -12.205400 
14 -12.090400 
15 -12.331400 
16 -12.617400 
17 -12.882400 
18 -13.100400 
19 -13.259400 
20 -13.355400 
21 -13.388400 
22 -12.348400 
23 -11.257400 
24 -10.137400 
25 -9.015400 
26 -7.912400 
27 -6.847400 
28 -5.950400 
29 -6.020400 
30 -6.077400 
31 -6.121400 
32 -6.155400 
33 -6.178400 
34 -6.194400 
35 -6.203400 
36 -6.207400 
37 -6.207400 
38 -6.206400 
39 -6.204400 
40 -6.203400 
41 -6.202400 
42 -6.315400 
43 -6.634400 
44 -7.116400 
45 -7.721400 
46 -8.875400 
47 -10.063400 
48 -10.996400 
49 -11.611400 
50 -11.972400 
51 -13.004400 
52 -14.074400 
53 -14.792400 
54 -13.844400 
55 -13.132400 
56 -13.006400 
57 -14.585400 
58 -16.316400 
59 -17.780400 
60 -18.874400 
61 -19.543400 
62 -19.293400 
63 -18.983400 
64 -18.627400 
65 -18.234400 
66 -17.817400 
67 -17.386400 
68 -16.952400 
69 -16.524400 
70 -16.110400 
71 -15.718400 
72 -15.353400 
73 -15.018400 
74 -14.719400 
75 -14.456400 
76 -14.233400 
77 -14.048400 
78 -13.905400 
79 -13.802400 
80 -13.740400 
81 -13.720400 
82 -13.329400 
83 -12.457400 
84 -12.671400 
85 -13.239400 
86 -14.112400 
87 -14.254400 
88 -13.600400 
89 -12.885400 
90 -12.532400 
91 -12.409400 
92 -12.092400 
93 -11.509400 
94 -10.634400 
95 -9.515400 
96 -8.276400 
97 -7.375400 
98 -6.903400 
99 -6.531400 
100 -6.288400 
101 -6.202400 
102 -6.288400 
103 -6.527400 
104 -6.891400 
105 -7.466400 
106 -8.534400 
107 -9.784400 
108 -10.954400 
109 -11.915400 
110 -12.615400 
111 -13.088400 
112 -13.445400 
113 -13.894400 
114 -14.441400 
115 -14.860400 
116 -15.060400 
117 -15.074400 
118 -14.986400 
119 -14.877400 
120 -14.806400 
121 -14.811400 

1 -15.561400 
2 -15.640400 
3 -15.853400 
4 -16.094400 
5 -16.250400 
6 -16.235400 
7 -15.995400 
8 -15.514400 
9 -14.837400 
10 -14.274400 
11 -13.815400 
12 -13.133400 
13 -12.205400 
14 -12.090400 
15 -12.331400 
16 -12.617400 
17 -12.882400 
18 -13.100400 
19 -13.259400 
20 -13.355400 
21 -13.388400 
22 -14.351400 
23 -15.218400 
24 -15.973400 
25 -16.606400 
26 -17.113400 
27 -17.496400 
28 -17.762400 
29 -17.923400 
30 -17.994400 
31 -17.990400 
32 -17.929400 
33 -17.825400 
34 -17.696400 
35 -17.555400 
36 -17.414400 
37 -17.284400 
38 -17.173400 
39 -17.090400 
40 -17.038400 
41 -17.020400 
42 -17.022400 
43 -17.031400 
44 -17.051400 
45 -17.092400 
46 -17.161400 
47 -17.256400 
48 -17.334400 
49 -17.299400 
50 -17.044400 
51 -16.512400 
52 -15.730400 
53 -15.163400 
54 -16.242400 
55 -17.275400 
56 -18.212400 
57 -18.995400 
58 -19.562400 
59 -19.861400 
60 -19.859400 
61 -19.560400 
62 -19.722400 
63 -19.786400 
64 -19.756400 
65 -19.641400 
66 -19.452400 
67 -19.201400 
68 -18.900400 
69 -18.562400 
70 -18.199400 
71 -17.820400 
72 -17.438400 
73 -17.062400 
74 -16.701400 
75 -16.366400 
76 -16.063400 
77 -15.801400 
78 -15.588400 
79 -15.431400 
80 -15.334400 
81 -15.302400 
82 -15.421400 
83 -15.545400 
84 -15.490400 
85 -15.238400 
86 -14.813400 
87 -15.049400 
88 -15.923400 
89 -16.656400 
90 -17.184400 
91 -17.476400 
92 -17.546400 
93 -17.466400 
94 -17.329400 
95 -17.205400 
96 -17.120400 
97 -17.069400 
98 -17.042400 
99 -17.028400 
100 -17.022400 
101 -17.020400 
102 -17.039400 
103 -17.099400 
104 -17.201400 
105 -17.351400 
106 -17.557400 
107 -17.826400 
108 -18.150400 
109 -18.482400 
110 -18.723400 
111 -18.751400 
112 -18.486400 
113 -17.950400 
114 -17.270400 
115 -16.621400 
116 -16.100400 
117 -15.701400 
118 -15.376400 
119 -15.108400 
120 -14.912400 
121 -14.811400 

