1 0.586900 
2 0.652000 
3 0.767100 
4 0.878500 
5 0.973900 
6 1.050800 
7 1.109900 
8 1.154800 
9 1.191400 
10 1.229200 
11 1.280600 
12 1.357400 
13 1.464800 
14 1.598200 
15 1.745800 
16 1.894400 
17 2.032000 
18 2.148700 
19 2.237200 
20 2.292400 
21 2.311100 
22 2.402400 
23 2.498600 
24 2.598100 
25 2.699600 
26 2.801400 
27 2.902200 
28 3.000800 
29 3.096100 
30 3.187100 
31 3.272900 
32 3.352700 
33 3.425900 
34 3.491800 
35 3.549900 
36 3.599900 
37 3.641200 
38 3.673700 
39 3.697000 
40 3.711100 
41 3.715800 
42 3.695200 
43 3.633800 
44 3.533300 
45 3.396500 
46 3.226800 
47 3.028300 
48 2.805800 
49 2.564000 
50 2.307900 
51 2.042800 
52 1.774200 
53 1.508700 
54 1.254400 
55 1.023100 
56 0.958800 
57 1.043600 
58 1.105400 
59 1.146100 
60 1.168000 
61 1.174600 
62 1.173200 
63 1.169400 
64 1.163700 
65 1.156600 
66 1.148600 
67 1.140200 
68 1.131800 
69 1.123700 
70 1.116300 
71 1.109600 
72 1.106900 
73 1.195000 
74 1.275600 
75 1.347500 
76 1.409800 
77 1.461900 
78 1.503000 
79 1.532700 
80 1.550600 
81 1.556600 
82 1.553700 
83 1.548300 
84 1.552800 
85 1.585300 
86 1.654500 
87 1.759500 
88 1.896500 
89 2.060300 
90 2.243700 
91 2.438900 
92 2.638000 
93 2.833800 
94 3.020300 
95 3.192000 
96 3.344600 
97 3.474300 
98 3.578300 
99 3.654100 
100 3.700300 
101 3.715800 
102 3.695600 
103 3.635600 
104 3.537200 
105 3.403300 
106 3.237600 
107 3.045400 
108 2.833600 
109 2.611600 
110 2.391300 
111 2.187900 
112 2.018600 
113 1.896900 
114 1.826000 
115 1.795700 
116 1.789200 
117 1.790800 
118 1.789500 
119 1.778400 
120 1.754500 
121 1.716300 

1 0.586900 
2 0.652000 
3 0.767100 
4 0.878500 
5 0.973900 
6 1.050800 
7 1.109900 
8 1.154800 
9 1.191400 
10 1.229200 
11 1.280600 
12 1.357400 
13 1.464800 
14 1.598200 
15 1.745800 
16 1.894400 
17 2.032000 
18 2.148700 
19 2.237200 
20 2.292400 
21 2.311100 
22 2.226300 
23 2.149400 
24 2.081400 
25 2.023100 
26 1.974800 
27 1.936200 
28 1.906700 
29 1.885500 
30 1.871400 
31 1.863100 
32 1.859400 
33 1.859200 
34 1.861300 
35 1.864900 
36 1.869200 
37 1.873500 
38 1.877400 
39 1.880500 
40 1.882400 
41 1.883100 
42 1.863600 
43 1.806000 
44 1.713200 
45 1.589800 
46 1.441800 
47 1.277200 
48 1.104700 
49 0.934300 
50 0.775800 
51 0.638100 
52 0.526700 
53 0.557100 
54 0.715900 
55 0.849800 
56 0.829800 
57 0.683500 
58 0.571200 
59 0.471100 
60 0.373900 
61 0.295200 
62 0.324800 
63 0.362800 
64 0.409300 
65 0.464000 
66 0.526300 
67 0.610600 
68 0.710700 
69 0.812600 
70 0.914100 
71 1.012800 
72 1.103800 
73 1.099000 
74 1.117300 
75 1.178000 
76 1.231200 
77 1.275900 
78 1.311500 
79 1.337300 
80 1.353000 
81 1.358200 
82 1.360200 
83 1.364000 
84 1.360800 
85 1.338100 
86 1.293400 
87 1.233900 
88 1.168700 
89 1.108000 
90 1.065400 
91 1.057300 
92 1.095500 
93 1.178900 
94 1.293100 
95 1.420600 
96 1.546500 
97 1.660200 
98 1.754700 
99 1.825100 
100 1.868400 
101 1.883100 
102 1.867700 
103 1.822300 
104 1.748100 
105 1.647800 
106 1.525300 
107 1.386900 
108 1.241800 
109 1.103800 
110 0.992300 
111 0.929900 
112 0.936700 
113 1.009700 
114 1.116200 
115 1.228400 
116 1.335300 
117 1.433400 
118 1.521600 
119 1.598900 
120 1.664200 
121 1.716300 

1 0.264400 
2 0.198400 
3 0.080000 
4 -0.033900 
5 -0.126400 
6 -0.191000 
7 -0.225400 
8 -0.226200 
9 -0.190700 
10 -0.129400 
11 -0.068000 
12 -0.032900 
13 -0.040100 
14 -0.092000 
15 -0.181900 
16 -0.299100 
17 -0.432200 
18 -0.568800 
19 -0.694500 
20 -0.789100 
21 -0.825900 
22 -0.824400 
23 -0.836700 
24 -0.863500 
25 -0.905200 
26 -0.961400 
27 -1.031500 
28 -1.105300 
29 -1.165400 
30 -1.215200 
31 -1.225800 
32 -1.239600 
33 -1.256100 
34 -1.274800 
35 -1.294800 
36 -1.315100 
37 -1.334600 
38 -1.351900 
39 -1.365600 
40 -1.374500 
41 -1.377500 
42 -1.299700 
43 -1.146800 
44 -0.968900 
45 -0.779700 
46 -0.587500 
47 -0.399300 
48 -0.221200 
49 -0.058300 
50 0.085300 
51 0.206300 
52 0.373500 
53 0.442200 
54 0.403200 
55 0.400700 
56 0.354200 
57 0.273200 
58 0.254600 
59 0.247900 
60 0.259000 
61 0.295200 
62 0.283300 
63 0.304700 
64 0.356500 
65 0.429200 
66 0.515600 
67 0.595000 
68 0.668600 
69 0.745500 
70 0.823800 
71 0.901800 
72 0.977800 
73 1.050100 
74 1.095100 
75 1.092000 
76 1.089600 
77 1.087900 
78 1.086600 
79 1.085900 
80 1.085400 
81 1.085300 
82 1.073000 
83 1.036300 
84 0.975400 
85 0.890600 
86 0.782400 
87 0.651300 
88 0.498200 
89 0.324100 
90 0.130100 
91 -0.082400 
92 -0.277000 
93 -0.339100 
94 -0.443100 
95 -0.576700 
96 -0.727800 
97 -0.886300 
98 -1.043600 
99 -1.191400 
100 -1.316700 
101 -1.377500 
102 -1.314400 
103 -1.186900 
104 -1.041000 
105 -0.891100 
106 -0.745800 
107 -0.613000 
108 -0.427000 
109 -0.155200 
110 0.082300 
111 0.269900 
112 0.385300 
113 0.421900 
114 0.408900 
115 0.381300 
116 0.358100 
117 0.342200 
118 0.327600 
119 0.307200 
120 0.276000 
121 0.232100 

1 0.264400 
2 0.198400 
3 0.080000 
4 -0.033900 
5 -0.126400 
6 -0.191000 
7 -0.225400 
8 -0.226200 
9 -0.190700 
10 -0.129400 
11 -0.068000 
12 -0.032900 
13 -0.040100 
14 -0.092000 
15 -0.181900 
16 -0.299100 
17 -0.432200 
18 -0.568800 
19 -0.694500 
20 -0.789100 
21 -0.825900 
22 -0.839900 
23 -0.865200 
24 -0.900200 
25 -0.943200 
26 -0.992700 
27 -1.047300 
28 -1.113900 
29 -1.206800 
30 -1.215200 
31 -1.225800 
32 -1.239600 
33 -1.256100 
34 -1.274800 
35 -1.294800 
36 -1.315100 
37 -1.334600 
38 -1.351900 
39 -1.365600 
40 -1.374500 
41 -1.377500 
42 -1.396600 
43 -1.454100 
44 -1.550700 
45 -1.453100 
46 -1.160700 
47 -0.868200 
48 -0.584500 
49 -0.315300 
50 -0.064300 
51 0.165900 
52 0.301600 
53 0.368400 
54 0.380400 
55 0.334800 
56 0.300000 
57 0.265400 
58 0.161000 
59 0.077900 
60 0.039300 
61 0.038300 
62 0.031500 
63 0.004300 
64 -0.041900 
65 -0.099600 
66 -0.163500 
67 -0.230700 
68 -0.299400 
69 -0.368400 
70 -0.436600 
71 -0.503000 
72 -0.566700 
73 -0.626800 
74 -0.682400 
75 -0.732600 
76 -0.776700 
77 -0.813900 
78 -0.843500 
79 -0.865100 
80 -0.878200 
81 -0.882600 
82 -0.863800 
83 -0.811100 
84 -0.734000 
85 -0.644900 
86 -0.555300 
87 -0.473200 
88 -0.401400 
89 -0.339200 
90 -0.289100 
91 -0.262800 
92 -0.311600 
93 -0.555200 
94 -0.810400 
95 -1.072900 
96 -1.336900 
97 -1.593200 
98 -1.505700 
99 -1.434600 
100 -1.391800 
101 -1.377500 
102 -1.388700 
103 -1.421400 
104 -1.473300 
105 -1.345700 
106 -1.033500 
107 -0.723300 
108 -0.502200 
109 -0.423500 
110 -0.386200 
111 -0.384700 
112 -0.380300 
113 -0.335100 
114 -0.263600 
115 -0.187500 
116 -0.112700 
117 -0.038100 
118 0.036700 
119 0.109300 
120 0.175700 
121 0.232100 

1 -0.867700 
2 -0.858400 
3 -0.837800 
4 -0.816000 
5 -0.797300 
6 -0.778400 
7 -0.754800 
8 -0.733000 
9 -0.730700 
10 -0.759100 
11 -0.815700 
12 -0.892000 
13 -0.980100 
14 -1.072100 
15 -1.159900 
16 -1.235100 
17 -1.289800 
18 -1.318300 
19 -1.320800 
20 -1.307000 
21 -1.297800 
22 -1.272200 
23 -1.250600 
24 -1.233100 
25 -1.219700 
26 -1.210600 
27 -1.205700 
28 -1.204900 
29 -1.208100 
30 -1.226200 
31 -1.286400 
32 -1.344900 
33 -1.400400 
34 -1.451900 
35 -1.498600 
36 -1.539600 
37 -1.574000 
38 -1.601500 
39 -1.621300 
40 -1.633400 
41 -1.637500 
42 -1.702300 
43 -1.818400 
44 -1.730100 
45 -1.686900 
46 -1.618800 
47 -1.497000 
48 -1.390100 
49 -1.308600 
50 -1.262400 
51 -1.134600 
52 -1.027900 
53 -0.944200 
54 -0.883800 
55 -0.846800 
56 -0.832200 
57 -0.838900 
58 -0.865100 
59 -0.908300 
60 -0.965800 
61 -1.034000 
62 -1.000300 
63 -0.971600 
64 -0.948400 
65 -0.930800 
66 -0.918900 
67 -0.912800 
68 -0.912300 
69 -0.917200 
70 -0.926900 
71 -0.940900 
72 -0.958300 
73 -0.978200 
74 -0.999600 
75 -1.021300 
76 -1.042300 
77 -1.061300 
78 -1.077300 
79 -1.089400 
80 -1.097000 
81 -1.099500 
82 -1.105500 
83 -1.123300 
84 -1.153000 
85 -1.194200 
86 -1.246700 
87 -1.310100 
88 -1.383900 
89 -1.368700 
90 -1.300400 
91 -1.282900 
92 -1.312600 
93 -1.379100 
94 -1.471100 
95 -1.578000 
96 -1.690000 
97 -1.604700 
98 -1.827000 
99 -1.785800 
100 -1.688600 
101 -1.637500 
102 -1.683100 
103 -1.752600 
104 -1.640800 
105 -1.539500 
106 -1.611600 
107 -1.488700 
108 -1.330800 
109 -1.172900 
110 -1.031100 
111 -0.930600 
112 -0.915400 
113 -1.011500 
114 -1.181100 
115 -1.374800 
116 -1.565000 
117 -1.747500 
118 -1.925900 
119 -2.096500 
120 -2.248000 
121 -2.364300 

1 -0.867700 
2 -0.858400 
3 -0.837800 
4 -0.816000 
5 -0.797300 
6 -0.778400 
7 -0.754800 
8 -0.733000 
9 -0.730700 
10 -0.759100 
11 -0.815700 
12 -0.892000 
13 -0.980100 
14 -1.072100 
15 -1.159900 
16 -1.235100 
17 -1.289800 
18 -1.318300 
19 -1.320800 
20 -1.307000 
21 -1.297800 
22 -1.272200 
23 -1.250600 
24 -1.233100 
25 -1.219700 
26 -1.210600 
27 -1.205700 
28 -1.204900 
29 -1.208100 
30 -1.308000 
31 -1.415000 
32 -1.525000 
33 -1.635200 
34 -1.742700 
35 -1.844400 
36 -1.937300 
37 -1.978100 
38 -2.005400 
39 -2.025600 
40 -2.038000 
41 -2.042200 
42 -2.020200 
43 -1.957100 
44 -1.861400 
45 -1.745000 
46 -1.865800 
47 -1.753200 
48 -1.575900 
49 -1.411000 
50 -1.262900 
51 -1.259300 
52 -1.303500 
53 -1.393300 
54 -1.521100 
55 -1.675400 
56 -1.561200 
57 -1.439200 
58 -1.321700 
59 -1.212500 
60 -1.115400 
61 -1.034000 
62 -1.071000 
63 -1.109200 
64 -1.148200 
65 -1.187500 
66 -1.226500 
67 -1.264900 
68 -1.302000 
69 -1.337600 
70 -1.371300 
71 -1.402800 
72 -1.431700 
73 -1.458000 
74 -1.481400 
75 -1.501800 
76 -1.519100 
77 -1.533300 
78 -1.544400 
79 -1.552300 
80 -1.557000 
81 -1.558600 
82 -1.562400 
83 -1.573600 
84 -1.592400 
85 -1.618500 
86 -1.652000 
87 -1.618200 
88 -1.480500 
89 -1.467600 
90 -1.560300 
91 -1.660900 
92 -1.768200 
93 -1.880600 
94 -1.995900 
95 -1.884700 
96 -1.731300 
97 -1.797400 
98 -1.871000 
99 -1.978400 
100 -2.025600 
101 -2.042200 
102 -2.016800 
103 -1.886900 
104 -1.783800 
105 -1.739700 
106 -1.631800 
107 -1.677000 
108 -1.724000 
109 -1.751000 
110 -1.766700 
111 -1.781700 
112 -1.760700 
113 -1.759000 
114 -1.795200 
115 -1.884500 
116 -2.025200 
117 -2.119600 
118 -2.228900 
119 -2.351800 
120 -2.426400 
121 -2.364300 

1 -2.462900 
2 -2.454600 
3 -2.416400 
4 -2.349300 
5 -2.273700 
6 -2.214700 
7 -2.190700 
8 -2.204100 
9 -2.240400 
10 -2.273600 
11 -2.274900 
12 -2.222700 
13 -2.115500 
14 -1.971800 
15 -1.816400 
16 -1.668100 
17 -1.538700 
18 -1.434600 
19 -1.358800 
20 -1.313000 
21 -1.297800 
22 -1.327200 
23 -1.360300 
24 -1.396900 
25 -1.436600 
26 -1.479100 
27 -1.524200 
28 -1.571200 
29 -1.619900 
30 -1.669400 
31 -1.719300 
32 -1.768700 
33 -1.816900 
34 -1.862900 
35 -1.905900 
36 -1.944600 
37 -1.978100 
38 -2.005400 
39 -2.025600 
40 -2.038000 
41 -2.042200 
42 -2.060500 
43 -1.965600 
44 -1.940700 
45 -2.061000 
46 -1.936800 
47 -2.085900 
48 -2.328500 
49 -2.270800 
50 -2.200900 
51 -2.118400 
52 -2.023900 
53 -1.918400 
54 -1.804200 
55 -1.684100 
56 -1.842800 
57 -2.008800 
58 -2.158200 
59 -2.275400 
60 -2.347800 
61 -2.370700 
62 -2.365800 
63 -2.352700 
64 -2.333800 
65 -2.311500 
66 -2.288100 
67 -2.265100 
68 -2.243700 
69 -2.224300 
70 -2.207200 
71 -2.192200 
72 -2.179300 
73 -2.168300 
74 -2.158800 
75 -2.150800 
76 -2.144100 
77 -2.138700 
78 -2.134600 
79 -2.131500 
80 -2.129700 
81 -2.129200 
82 -2.115100 
83 -2.071700 
84 -1.997000 
85 -1.891400 
86 -1.761100 
87 -1.692700 
88 -1.740300 
89 -1.794400 
90 -1.854500 
91 -1.919700 
92 -1.989200 
93 -2.061500 
94 -2.064200 
95 -2.111400 
96 -2.144000 
97 -2.020600 
98 -1.926900 
99 -2.016000 
100 -2.055900 
101 -2.042200 
102 -2.051600 
103 -2.061600 
104 -2.018000 
105 -1.988600 
106 -1.963400 
107 -1.932800 
108 -1.896800 
109 -1.858000 
110 -1.819300 
111 -1.784600 
112 -1.803500 
113 -1.836700 
114 -1.884000 
115 -1.946600 
116 -2.026500 
117 -2.191100 
118 -2.333700 
119 -2.417700 
120 -2.486300 
121 -2.629200 

1 -2.462900 
2 -2.454600 
3 -2.416400 
4 -2.349300 
5 -2.273700 
6 -2.214700 
7 -2.190700 
8 -2.204100 
9 -2.240400 
10 -2.273600 
11 -2.274900 
12 -2.222700 
13 -2.115500 
14 -1.971800 
15 -1.816400 
16 -1.668100 
17 -1.538700 
18 -1.434600 
19 -1.358800 
20 -1.313000 
21 -1.297800 
22 -1.327200 
23 -1.360300 
24 -1.396900 
25 -1.436600 
26 -1.479100 
27 -1.524200 
28 -1.571200 
29 -1.619900 
30 -1.669400 
31 -1.719300 
32 -1.768700 
33 -1.816900 
34 -1.862900 
35 -1.905900 
36 -1.944600 
37 -2.018400 
38 -2.084900 
39 -2.134400 
40 -2.165000 
41 -2.175300 
42 -2.122400 
43 -2.116100 
44 -2.211600 
45 -2.118600 
46 -2.179800 
47 -2.301200 
48 -2.347900 
49 -2.565900 
50 -2.712700 
51 -2.869800 
52 -3.036800 
53 -3.213100 
54 -3.397400 
55 -3.588000 
56 -3.782900 
57 -3.979300 
58 -4.173600 
59 -4.361100 
60 -4.534900 
61 -4.685800 
62 -4.621100 
63 -4.567400 
64 -4.528000 
65 -4.504500 
66 -4.497200 
67 -4.505900 
68 -4.530100 
69 -4.569300 
70 -4.622900 
71 -4.690100 
72 -4.770200 
73 -4.862200 
74 -4.965100 
75 -5.077600 
76 -5.197800 
77 -5.237700 
78 -5.248300 
79 -5.256000 
80 -5.260700 
81 -5.262400 
82 -5.212200 
83 -5.066100 
84 -4.839300 
85 -4.557500 
86 -4.247900 
87 -3.929600 
88 -3.614400 
89 -3.309600 
90 -3.019800 
91 -2.748200 
92 -2.497200 
93 -2.268700 
94 -2.135200 
95 -2.208600 
96 -2.223700 
97 -2.259800 
98 -2.165100 
99 -2.097000 
100 -2.135700 
101 -2.175300 
102 -2.130700 
103 -2.078900 
104 -2.120600 
105 -2.169800 
106 -2.219500 
107 -2.276100 
108 -2.358600 
109 -2.477200 
110 -2.624900 
111 -2.787800 
112 -2.949700 
113 -3.092800 
114 -3.197600 
115 -3.247000 
116 -3.233600 
117 -3.164300 
118 -3.054700 
119 -2.921200 
120 -2.776300 
121 -2.629200 

1 -4.579100 
2 -4.618400 
3 -4.731900 
4 -4.888400 
5 -5.038300 
6 -5.135000 
7 -5.148400 
8 -5.055500 
9 -4.840300 
10 -4.569300 
11 -4.335500 
12 -4.183000 
13 -4.117000 
14 -4.116800 
15 -4.154500 
16 -4.207400 
17 -4.261000 
18 -4.306900 
19 -4.340900 
20 -4.361400 
21 -4.368100 
22 -4.260400 
23 -4.147400 
24 -4.030600 
25 -3.911400 
26 -3.790800 
27 -3.670200 
28 -3.550600 
29 -3.432900 
30 -3.318200 
31 -3.207300 
32 -3.101300 
33 -3.001000 
34 -2.907600 
35 -2.822200 
36 -2.746000 
37 -2.680500 
38 -2.627200 
39 -2.587700 
40 -2.563400 
41 -2.555100 
42 -2.521500 
43 -2.426900 
44 -2.286900 
45 -2.351800 
46 -2.412700 
47 -2.375200 
48 -2.429100 
49 -2.649800 
50 -2.986400 
51 -3.348600 
52 -3.720800 
53 -4.080300 
54 -4.397000 
55 -4.641700 
56 -4.800800 
57 -4.884100 
58 -4.913100 
59 -4.897200 
60 -4.818300 
61 -4.685800 
62 -4.750100 
63 -4.806900 
64 -4.857300 
65 -4.902900 
66 -4.945100 
67 -4.984700 
68 -5.022000 
69 -5.056800 
70 -5.088900 
71 -5.118300 
72 -5.144900 
73 -5.168700 
74 -5.189900 
75 -5.208400 
76 -5.224400 
77 -5.323200 
78 -5.449500 
79 -5.568600 
80 -5.663000 
81 -5.701600 
82 -5.631600 
83 -5.453100 
84 -5.134900 
85 -4.746800 
86 -4.384600 
87 -4.050300 
88 -3.744300 
89 -3.465900 
90 -3.213700 
91 -2.985900 
92 -2.780600 
93 -2.595800 
94 -2.429600 
95 -2.279700 
96 -2.280100 
97 -2.328400 
98 -2.414000 
99 -2.476800 
100 -2.531400 
101 -2.555100 
102 -2.540200 
103 -2.516500 
104 -2.507900 
105 -2.505400 
106 -2.541500 
107 -2.626300 
108 -2.753600 
109 -2.914300 
110 -3.102900 
111 -3.316300 
112 -3.552100 
113 -3.790600 
114 -4.002800 
115 -4.232200 
116 -4.478600 
117 -4.737300 
118 -4.996400 
119 -5.232800 
120 -5.408700 
121 -5.481800 

1 -4.579100 
2 -4.618400 
3 -4.731900 
4 -4.888400 
5 -5.038300 
6 -5.135000 
7 -5.148400 
8 -5.055500 
9 -4.840300 
10 -4.569300 
11 -4.335500 
12 -4.183000 
13 -4.117000 
14 -4.116800 
15 -4.154500 
16 -4.207400 
17 -4.261000 
18 -4.306900 
19 -4.340900 
20 -4.361400 
21 -4.368100 
22 -4.260400 
23 -4.147400 
24 -4.030600 
25 -3.911400 
26 -3.790800 
27 -3.670200 
28 -3.550600 
29 -3.432900 
30 -3.318200 
31 -3.207300 
32 -3.101300 
33 -3.001000 
34 -2.907600 
35 -2.822200 
36 -2.746000 
37 -2.680500 
38 -2.627200 
39 -2.587700 
40 -2.563400 
41 -2.555100 
42 -2.536300 
43 -2.501800 
44 -2.471500 
45 -2.443600 
46 -2.538800 
47 -2.770800 
48 -3.045100 
49 -3.359000 
50 -3.709000 
51 -4.090400 
52 -4.496400 
53 -4.916700 
54 -5.336600 
55 -5.323800 
56 -5.295700 
57 -5.263200 
58 -5.230200 
59 -5.201300 
60 -5.180800 
61 -5.173100 
62 -5.175300 
63 -5.182000 
64 -5.193800 
65 -5.210700 
66 -5.233100 
67 -5.261000 
68 -5.294300 
69 -5.332800 
70 -5.376100 
71 -5.423500 
72 -5.474300 
73 -5.527100 
74 -5.580700 
75 -5.633400 
76 -5.683200 
77 -5.728200 
78 -5.766000 
79 -5.794800 
80 -5.812800 
81 -5.819000 
82 -5.816400 
83 -5.545400 
84 -5.219100 
85 -4.959800 
86 -4.687100 
87 -4.407700 
88 -4.128000 
89 -3.853500 
90 -3.589000 
91 -3.338400 
92 -3.104600 
93 -2.890100 
94 -2.696900 
95 -2.526700 
96 -2.380600 
97 -2.348600 
98 -2.420000 
99 -2.492300 
100 -2.538900 
101 -2.555100 
102 -2.547400 
103 -2.527900 
104 -2.516600 
105 -2.560400 
106 -2.648200 
107 -2.768500 
108 -2.910100 
109 -3.066100 
110 -3.232500 
111 -3.408100 
112 -3.593400 
113 -3.807300 
114 -4.077500 
115 -4.356300 
116 -4.634700 
117 -4.900900 
118 -5.139500 
119 -5.332300 
120 -5.460800 
121 -5.481800 

1 -7.775600 
2 -7.687000 
3 -7.458600 
4 -7.141200 
5 -6.765700 
6 -6.358100 
7 -5.950400 
8 -5.592000 
9 -5.338500 
10 -5.165800 
11 -5.019700 
12 -4.883600 
13 -4.756900 
14 -4.642900 
15 -4.545600 
16 -4.468800 
17 -4.414800 
18 -4.383300 
19 -4.370200 
20 -4.367700 
21 -4.368100 
22 -4.469200 
23 -4.562000 
24 -4.645200 
25 -4.717500 
26 -4.777800 
27 -4.825500 
28 -4.860200 
29 -4.882200 
30 -4.892200 
31 -4.891500 
32 -4.881500 
33 -4.864200 
34 -4.841900 
35 -4.816500 
36 -4.790500 
37 -4.765800 
38 -4.744400 
39 -4.727900 
40 -4.717400 
41 -4.713800 
42 -4.734300 
43 -4.790300 
44 -4.869000 
45 -4.957300 
46 -5.045100 
47 -5.126300 
48 -5.197400 
49 -5.256200 
50 -5.301700 
51 -5.333100 
52 -5.350200 
53 -5.353500 
54 -5.344000 
55 -5.734700 
56 -6.077500 
57 -6.289100 
58 -6.116700 
59 -5.750900 
60 -5.550600 
61 -5.535800 
62 -5.521400 
63 -5.536700 
64 -5.578400 
65 -5.642300 
66 -5.723800 
67 -5.818800 
68 -5.923500 
69 -6.033500 
70 -6.143800 
71 -6.247900 
72 -6.338000 
73 -6.407200 
74 -6.453300 
75 -6.479500 
76 -6.491700 
77 -6.495400 
78 -6.494600 
79 -6.480100 
80 -6.384000 
81 -6.344400 
82 -5.971700 
83 -5.808500 
84 -5.795000 
85 -5.775400 
86 -5.749000 
87 -5.715200 
88 -5.672900 
89 -5.621600 
90 -5.560800 
91 -5.490100 
92 -5.409900 
93 -5.321100 
94 -5.225400 
95 -5.125500 
96 -5.025000 
97 -4.928700 
98 -4.842900 
99 -4.774200 
100 -4.729400 
101 -4.713800 
102 -4.732900 
103 -4.786900 
104 -4.867000 
105 -4.961200 
106 -5.056500 
107 -5.139900 
108 -5.200700 
109 -5.231200 
110 -5.229100 
111 -5.198400 
112 -5.149800 
113 -5.100000 
114 -5.070000 
115 -5.078700 
116 -5.133500 
117 -5.225100 
118 -5.332300 
119 -5.430600 
120 -5.477400 
121 -5.513800 

1 -7.775600 
2 -7.687000 
3 -7.458600 
4 -7.141200 
5 -6.765700 
6 -6.358100 
7 -5.950400 
8 -5.592000 
9 -5.338500 
10 -5.165800 
11 -5.019700 
12 -4.883600 
13 -4.756900 
14 -4.642900 
15 -4.545600 
16 -4.468800 
17 -4.414800 
18 -4.383300 
19 -4.370200 
20 -4.367700 
21 -4.368100 
22 -4.469200 
23 -4.562000 
24 -4.645200 
25 -4.717500 
26 -4.777800 
27 -4.825500 
28 -4.860200 
29 -4.882200 
30 -4.892200 
31 -4.891500 
32 -4.881500 
33 -4.864200 
34 -4.841900 
35 -4.816500 
36 -4.790500 
37 -4.765800 
38 -4.744400 
39 -4.727900 
40 -4.717400 
41 -4.713800 
42 -4.795300 
43 -5.015600 
44 -5.328700 
45 -5.697600 
46 -6.099300 
47 -6.519900 
48 -6.950000 
49 -7.382400 
50 -7.810600 
51 -7.904500 
52 -7.784300 
53 -7.707100 
54 -7.670600 
55 -7.524000 
56 -7.090200 
57 -6.582700 
58 -6.180000 
59 -5.891300 
60 -5.657500 
61 -5.535800 
62 -5.579800 
63 -5.647400 
64 -5.733300 
65 -5.833400 
66 -5.944600 
67 -6.063900 
68 -6.188400 
69 -6.315200 
70 -6.440800 
71 -6.561000 
72 -6.670000 
73 -6.759400 
74 -6.817600 
75 -6.831300 
76 -6.792600 
77 -6.708400 
78 -6.596900 
79 -6.492100 
80 -6.489900 
81 -6.489100 
82 -6.857100 
83 -7.234500 
84 -7.408300 
85 -7.429600 
86 -7.457500 
87 -7.524300 
88 -7.628100 
89 -7.759100 
90 -7.671900 
91 -7.412200 
92 -7.114800 
93 -6.795200 
94 -6.463700 
95 -6.128300 
96 -5.797000 
97 -5.479300 
98 -5.188300 
99 -4.944100 
100 -4.775300 
101 -4.713800 
102 -4.778000 
103 -4.946700 
104 -5.172400 
105 -5.414500 
106 -5.645900 
107 -5.849800 
108 -6.015200 
109 -6.135700 
110 -6.207100 
111 -6.226500 
112 -6.191800 
113 -6.104500 
114 -5.975700 
115 -5.825500 
116 -5.678600 
117 -5.559100 
118 -5.486200 
119 -5.465300 
120 -5.497700 
121 -5.513800 

1 -8.565500 
2 -8.593100 
3 -8.649300 
4 -8.727000 
5 -8.858800 
6 -9.067200 
7 -9.311100 
8 -9.452800 
9 -9.449000 
10 -9.393000 
11 -9.331600 
12 -9.271700 
13 -9.195100 
14 -9.057900 
15 -8.822200 
16 -8.513800 
17 -8.191900 
18 -7.901000 
19 -7.671100 
20 -7.523300 
21 -7.472300 
22 -7.385000 
23 -7.306400 
24 -7.237000 
25 -7.177500 
26 -7.128500 
27 -7.090400 
28 -7.063600 
29 -7.048700 
30 -7.045800 
31 -7.055400 
32 -7.077300 
33 -7.111600 
34 -7.157800 
35 -7.214900 
36 -7.281300 
37 -7.354100 
38 -7.428400 
39 -7.496100 
40 -7.545700 
41 -7.564200 
42 -7.618700 
43 -7.778900 
44 -8.036600 
45 -8.192300 
46 -8.296700 
47 -8.331200 
48 -8.287400 
49 -8.183000 
50 -8.046000 
51 -8.225600 
52 -8.612100 
53 -8.939500 
54 -8.484300 
55 -7.925200 
56 -7.394300 
57 -6.969500 
58 -6.848000 
59 -6.910400 
60 -6.957700 
61 -6.971000 
62 -6.968600 
63 -6.962700 
64 -6.954900 
65 -6.946600 
66 -6.939000 
67 -6.933500 
68 -6.931400 
69 -6.934800 
70 -6.946800 
71 -6.972000 
72 -7.016200 
73 -7.084400 
74 -7.176900 
75 -7.288200 
76 -7.409800 
77 -7.532900 
78 -7.647900 
79 -7.711900 
80 -7.677000 
81 -7.665300 
82 -7.676200 
83 -7.708500 
84 -7.760200 
85 -7.827000 
86 -7.899800 
87 -7.958600 
88 -7.962800 
89 -7.866800 
90 -7.904600 
91 -8.050300 
92 -8.180000 
93 -8.275900 
94 -8.320600 
95 -8.303400 
96 -8.228400 
97 -8.114000 
98 -7.921100 
99 -7.726000 
100 -7.605100 
101 -7.564200 
102 -7.586500 
103 -7.656700 
104 -7.781400 
105 -7.964200 
106 -8.202000 
107 -8.472700 
108 -8.536000 
109 -8.348800 
110 -8.146100 
111 -7.982400 
112 -7.881200 
113 -7.853700 
114 -7.895500 
115 -7.984800 
116 -8.084300 
117 -8.146500 
118 -8.133300 
119 -8.052800 
120 -7.967700 
121 -7.962500 

1 -8.565500 
2 -8.593100 
3 -8.649300 
4 -8.727000 
5 -8.858800 
6 -9.067200 
7 -9.311100 
8 -9.452800 
9 -9.449000 
10 -9.393000 
11 -9.331600 
12 -9.271700 
13 -9.195100 
14 -9.057900 
15 -8.822200 
16 -8.513800 
17 -8.191900 
18 -7.901000 
19 -7.671100 
20 -7.523300 
21 -7.472300 
22 -7.567500 
23 -7.669600 
24 -7.777400 
25 -7.889200 
26 -8.002700 
27 -8.114500 
28 -8.219500 
29 -8.310200 
30 -8.376100 
31 -8.405700 
32 -8.392100 
33 -8.338200 
34 -8.256000 
35 -8.159900 
36 -8.061900 
37 -7.971300 
38 -7.894700 
39 -7.836700 
40 -7.800600 
41 -7.788300 
42 -7.822300 
43 -7.917200 
44 -8.051900 
45 -8.379900 
46 -8.795300 
47 -9.267100 
48 -9.771800 
49 -9.917000 
50 -9.756400 
51 -9.656600 
52 -9.552900 
53 -9.035200 
54 -8.604600 
55 -8.291200 
56 -8.421600 
57 -8.786800 
58 -9.262200 
59 -9.787100 
60 -10.155600 
61 -10.227600 
62 -10.204300 
63 -10.132100 
64 -10.014800 
65 -9.862100 
66 -9.630500 
67 -9.398200 
68 -9.168900 
69 -8.944500 
70 -8.726800 
71 -8.518900 
72 -8.324900 
73 -8.151700 
74 -8.009300 
75 -7.909600 
76 -7.858700 
77 -7.849000 
78 -7.769500 
79 -7.744500 
80 -7.810400 
81 -7.834100 
82 -7.864000 
83 -7.825400 
84 -8.013400 
85 -8.400400 
86 -8.826800 
87 -8.924700 
88 -8.848500 
89 -8.861200 
90 -8.962600 
91 -9.116700 
92 -9.287500 
93 -9.431100 
94 -9.300100 
95 -8.887800 
96 -8.513600 
97 -8.190800 
98 -7.995800 
99 -7.886800 
100 -7.813900 
101 -7.788300 
102 -7.826400 
103 -7.938000 
104 -8.114700 
105 -8.338100 
106 -8.566200 
107 -8.707300 
108 -8.889400 
109 -9.247000 
110 -9.637000 
111 -10.018900 
112 -10.334600 
113 -10.506400 
114 -10.476900 
115 -10.164400 
116 -9.705700 
117 -9.225500 
118 -8.771600 
119 -8.381700 
120 -8.099200 
121 -7.962500 

1 -9.917500 
2 -9.950800 
3 -10.046900 
4 -10.165500 
5 -10.231000 
6 -10.213000 
7 -10.214700 
8 -10.413400 
9 -10.834100 
10 -11.286200 
11 -11.297700 
12 -10.975800 
13 -10.625200 
14 -10.358300 
15 -10.245600 
16 -10.279700 
17 -10.413800 
18 -10.610600 
19 -10.842400 
20 -11.073700 
21 -11.200300 
22 -11.067900 
23 -10.956600 
24 -10.867900 
25 -10.803200 
26 -10.693800 
27 -10.487500 
28 -10.298400 
29 -10.136000 
30 -10.012300 
31 -9.939900 
32 -9.927000 
33 -9.971400 
34 -9.764400 
35 -9.536500 
36 -9.323400 
37 -9.129000 
38 -8.959300 
39 -8.822800 
40 -8.731800 
41 -8.699500 
42 -8.732500 
43 -8.829200 
44 -8.982600 
45 -9.181400 
46 -9.410000 
47 -9.650100 
48 -9.883400 
49 -10.095100 
50 -10.277700 
51 -10.014900 
52 -9.630000 
53 -9.154300 
54 -9.174300 
55 -9.340100 
56 -9.489700 
57 -9.649100 
58 -9.822400 
59 -10.000200 
60 -10.305000 
61 -10.640300 
62 -10.531500 
63 -10.325100 
64 -10.097500 
65 -9.864400 
66 -9.685400 
67 -9.494100 
68 -9.295800 
69 -9.096100 
70 -8.899500 
71 -8.709600 
72 -8.529200 
73 -8.360900 
74 -8.206900 
75 -8.069100 
76 -7.949300 
77 -7.849300 
78 -7.863800 
79 -7.885400 
80 -7.902600 
81 -7.909000 
82 -7.920200 
83 -8.147700 
84 -8.460800 
85 -8.818500 
86 -9.042800 
87 -9.248200 
88 -9.646300 
89 -10.001500 
90 -10.273100 
91 -10.353600 
92 -10.128400 
93 -9.730200 
94 -9.480500 
95 -9.398500 
96 -9.239500 
97 -9.067000 
98 -8.914300 
99 -8.797300 
100 -8.724300 
101 -8.699500 
102 -8.756700 
103 -8.921300 
104 -9.175200 
105 -9.488000 
106 -9.694900 
107 -9.636100 
108 -9.768700 
109 -10.040400 
110 -10.335700 
111 -10.603700 
112 -10.833400 
113 -11.007400 
114 -10.940700 
115 -10.824200 
116 -10.760300 
117 -10.698900 
118 -10.695800 
119 -10.788000 
120 -10.825200 
121 -10.854600 

1 -9.917500 
2 -9.950800 
3 -10.046900 
4 -10.165500 
5 -10.231000 
6 -10.213000 
7 -10.214700 
8 -10.413400 
9 -10.834100 
10 -11.286200 
11 -11.297700 
12 -10.975800 
13 -10.625200 
14 -10.358300 
15 -10.245600 
16 -10.279700 
17 -10.413800 
18 -10.610600 
19 -10.842400 
20 -11.073700 
21 -11.200300 
22 -11.067900 
23 -10.956600 
24 -10.867900 
25 -10.803200 
26 -10.763700 
27 -10.750300 
28 -10.763600 
29 -10.803600 
30 -10.760700 
31 -10.505100 
32 -10.251600 
33 -10.003700 
34 -10.061500 
35 -10.182900 
36 -10.321900 
37 -10.466600 
38 -10.604500 
39 -10.721700 
40 -10.801900 
41 -10.830700 
42 -10.821100 
43 -10.797300 
44 -10.775600 
45 -10.783700 
46 -10.709400 
47 -10.397500 
48 -10.132200 
49 -10.237900 
50 -10.347500 
51 -10.300700 
52 -9.739400 
53 -9.702900 
54 -9.903000 
55 -10.198700 
56 -10.525100 
57 -10.710600 
58 -10.753400 
59 -10.873300 
60 -11.006500 
61 -11.075900 
62 -11.068600 
63 -11.030700 
64 -10.964900 
65 -10.875800 
66 -10.768800 
67 -10.648900 
68 -10.520400 
69 -10.386600 
70 -10.250000 
71 -10.112400 
72 -9.975200 
73 -9.839300 
74 -9.705700 
75 -9.575200 
76 -9.449300 
77 -9.330600 
78 -9.223500 
79 -9.134800 
80 -9.074600 
81 -9.053000 
82 -9.183500 
83 -9.335300 
84 -9.261800 
85 -9.161700 
86 -9.196700 
87 -9.581400 
88 -9.963900 
89 -10.338900 
90 -10.703100 
91 -11.054500 
92 -10.960000 
93 -10.731800 
94 -10.646200 
95 -10.744100 
96 -10.795100 
97 -10.772400 
98 -10.782300 
99 -10.804300 
100 -10.823400 
101 -10.830700 
102 -10.792400 
103 -10.663500 
104 -10.430900 
105 -10.143700 
106 -10.034800 
107 -10.374000 
108 -10.773700 
109 -11.111200 
110 -11.228800 
111 -11.241200 
112 -11.284200 
113 -11.333200 
114 -11.359000 
115 -11.305700 
116 -11.176100 
117 -11.079800 
118 -10.993100 
119 -10.880100 
120 -10.923900 
121 -10.854600 

3 -11.669900 
4 -11.395400 
5 -11.272300 
6 -11.323100 
7 -11.469700 
8 -11.621200 
9 -11.708200 
10 -11.697600 
11 -11.872000 
14 -11.990600 
15 -11.863500 
16 -11.712100 
17 -11.555700 
18 -11.412700 
19 -11.298600 
20 -11.225400 
21 -11.200300 
22 -11.352000 
23 -11.341600 
24 -11.128100 
25 -10.909700 
26 -10.763700 
27 -10.750300 
28 -10.763600 
29 -10.803600 
30 -10.869900 
31 -10.961700 
32 -11.077700 
33 -11.216300 
34 -11.375900 
35 -11.554300 
36 -11.749300 
37 -11.957700 
43 -11.883100 
44 -11.456800 
45 -11.063800 
46 -10.855000 
47 -11.006200 
48 -11.181200 
49 -11.145500 
50 -10.796100 
51 -10.431700 
52 -10.564000 
53 -10.683700 
54 -10.799400 
55 -10.916900 
56 -10.779500 
57 -10.838100 
58 -11.106200 
59 -11.298100 
60 -11.393900 
61 -11.075900 
62 -11.165900 
63 -11.329200 
64 -11.278400 
65 -11.187300 
66 -11.078400 
67 -10.954400 
68 -10.818500 
69 -10.673900 
70 -10.523900 
71 -10.371700 
72 -10.220600 
73 -10.073600 
74 -9.933700 
75 -9.804000 
76 -9.687300 
77 -9.586600 
78 -9.504800 
79 -9.444300 
80 -9.407100 
81 -9.394600 
82 -9.379800 
83 -9.511500 
84 -9.952700 
85 -10.462500 
86 -11.014100 
87 -11.579900 
89 -11.935700 
90 -11.594900 
91 -11.261600 
92 -11.286100 
93 -11.163600 
94 -11.002600 
95 -10.870000 
96 -10.975100 
97 -11.279300 
98 -11.626600 
104 -11.786500 
105 -11.693100 
106 -11.686500 
107 -11.496000 
108 -11.352600 
109 -11.263300 
110 -11.328900 
111 -11.463700 
112 -11.571100 
113 -11.482500 
114 -11.369100 
115 -11.336000 
116 -11.255200 
117 -11.130500 
118 -11.038500 
119 -11.023900 
120 -10.982100 
121 -11.004100 

3 -11.669900 
4 -11.395400 
5 -11.272300 
6 -11.323100 
7 -11.469700 
8 -11.621200 
9 -11.708200 
10 -11.697600 
11 -11.872000 
14 -11.990600 
15 -11.863500 
16 -11.712100 
17 -11.555700 
18 -11.412700 
19 -11.298600 
20 -11.225400 
21 -11.200300 
22 -11.352000 
23 -11.521600 
24 -11.707600 
25 -11.828500 
26 -11.680400 
27 -11.484700 
28 -11.258200 
29 -11.013800 
30 -10.869900 
31 -10.961700 
32 -11.077700 
33 -11.216300 
34 -11.375900 
35 -11.554300 
36 -11.749300 
37 -11.957700 
47 -11.942200 
48 -11.571700 
49 -11.260600 
50 -11.309400 
51 -11.754700 
53 -11.680500 
54 -11.278400 
55 -10.970200 
56 -11.038000 
57 -11.160400 
58 -11.276400 
59 -11.373000 
60 -11.394100 
61 -11.429400 
62 -11.400000 
63 -11.349600 
64 -11.485700 
65 -11.617200 
66 -11.718400 
67 -11.787800 
68 -11.826700 
69 -11.837600 
70 -11.824100 
71 -11.790100 
72 -11.740100 
73 -11.678200 
74 -11.608800 
75 -11.536200 
76 -11.464600 
77 -11.398400 
78 -11.341500 
79 -11.297700 
80 -11.270100 
81 -11.260700 
82 -11.322300 
83 -11.502200 
84 -11.787200 
90 -11.787700 
91 -11.431400 
92 -11.392400 
93 -11.716200 
105 -11.911500 
106 -11.690500 
107 -11.756800 
108 -11.896800 
112 -11.991300 
113 -11.902500 
117 -11.912300 
118 -11.523800 
119 -11.208500 
120 -11.018100 
121 -11.004100 

20 -11.838000 
21 -11.714400 
22 -11.541100 
23 -11.521600 
24 -11.707600 
25 -11.908700 
59 -11.853600 
60 -11.431300 
61 -11.429400 
62 -11.457500 
63 -11.509800 
64 -11.589600 
65 -11.693600 
66 -11.816100 
67 -11.952000 

20 -11.838000 
21 -11.714400 
22 -11.845400 
23 -11.915700 
24 -11.910800 
25 -11.908700 

















