1 1.514500 
2 1.495500 
3 1.438500 
4 1.349500 
5 1.234500 
6 1.106500 
7 0.974500 
8 0.853500 
9 0.756500 
10 0.693500 
11 0.671500 
12 0.668500 
13 0.660500 
14 0.649500 
15 0.638500 
16 0.633500 
17 0.642500 
18 0.681500 
19 0.775500 
20 0.953500 
21 1.230500 
22 1.592500 
23 2.002500 
24 2.427500 
25 2.837500 
26 3.212500 
27 3.538500 
28 3.804500 
29 4.000500 
30 4.120500 
31 4.160500 
32 4.107500 
33 3.951500 
34 3.711500 
35 3.415500 
36 3.094500 
37 2.775500 
38 2.484500 
39 2.242500 
40 2.079500 
41 2.020500 
42 1.959500 
43 1.785500 
44 1.525500 
45 1.226500 
46 0.939500 
47 0.910500 
48 1.171500 
49 1.361500 
50 1.476500 
51 1.514500 
52 1.495500 
53 1.440500 
54 1.354500 
55 1.253500 
56 1.180500 
57 1.202500 
58 1.336500 
59 1.546500 
60 1.801500 
61 2.085500 
62 2.386500 
63 2.691500 
64 2.989500 
65 3.270500 
66 3.524500 
67 3.744500 
68 3.922500 
69 4.053500 
70 4.134500 
71 4.160500 
72 4.120500 
73 4.000500 
74 3.804500 
75 3.538500 
76 3.212500 
77 2.837500 
78 2.427500 
79 2.002500 
80 1.592500 
81 1.230500 
82 0.953500 
83 0.775500 
84 0.681500 
85 0.642500 
86 0.633500 
87 0.638500 
88 0.649500 
89 0.660500 
90 0.668500 
91 0.671500 

1 0.241500 
2 0.151500 
3 -0.122500 
4 -0.581500 
5 -1.077500 
6 -0.565500 
7 -0.131500 
8 0.215500 
9 0.467500 
10 0.619500 
11 0.671500 
12 0.642500 
13 0.557500 
14 0.416500 
15 0.223500 
16 -0.016500 
17 -0.295500 
18 -0.593500 
19 -0.873500 
20 -1.051500 
21 -1.023500 
22 -0.820500 
23 -0.550500 
24 -0.278500 
25 -0.029500 
26 0.188500 
27 0.369500 
28 0.511500 
29 0.613500 
30 0.675500 
31 0.695500 
32 0.680500 
33 0.637500 
34 0.568500 
35 0.480500 
36 0.380500 
37 0.279500 
38 0.186500 
39 0.111500 
40 0.063500 
41 0.046500 
42 0.007500 
43 -0.115500 
44 -0.165500 
45 0.220500 
46 0.587500 
47 0.694500 
48 0.500500 
49 0.358500 
50 0.271500 
51 0.241500 
52 0.256500 
53 0.299500 
54 0.364500 
55 0.436500 
56 0.479500 
57 0.432500 
58 0.295500 
59 0.134500 
60 0.014500 
61 -0.024500 
62 0.017500 
63 0.108500 
64 0.220500 
65 0.334500 
66 0.439500 
67 0.528500 
68 0.601500 
69 0.653500 
70 0.685500 
71 0.695500 
72 0.675500 
73 0.613500 
74 0.511500 
75 0.369500 
76 0.188500 
77 -0.029500 
78 -0.278500 
79 -0.550500 
80 -0.820500 
81 -1.023500 
82 -1.051500 
83 -0.873500 
84 -0.593500 
85 -0.295500 
86 -0.016500 
87 0.223500 
88 0.416500 
89 0.557500 
90 0.642500 
91 0.671500 

1 -3.342500 
2 -2.905500 
3 -2.272500 
4 -1.652500 
5 -1.077500 
6 -0.565500 
7 -0.131500 
8 0.215500 
9 0.467500 
10 0.619500 
11 0.671500 
12 0.642500 
13 0.557500 
14 0.416500 
15 0.223500 
16 -0.016500 
17 -0.295500 
18 -0.593500 
19 -0.873500 
20 -1.051500 
21 -1.023500 
22 -0.820500 
23 -0.550500 
24 -0.278500 
25 -0.029500 
26 0.188500 
27 0.369500 
28 0.511500 
29 0.613500 
30 0.675500 
31 0.695500 
32 0.655500 
33 0.536500 
34 0.338500 
35 0.072500 
36 -0.233500 
37 -0.528500 
38 -0.754500 
39 -0.878500 
40 -0.919500 
41 -0.924500 
42 -0.812500 
43 -0.530500 
44 -0.340500 
45 -0.694500 
46 -1.196500 
47 -1.829500 
48 -2.537500 
49 -3.225500 
50 -3.326500 
51 -3.342500 
52 -3.346500 
53 -3.358500 
54 -3.380500 
55 -3.153500 
56 -2.793500 
57 -2.414500 
58 -2.031500 
59 -1.657500 
60 -1.299500 
61 -0.963500 
62 -0.654500 
63 -0.374500 
64 -0.125500 
65 0.091500 
66 0.275500 
67 0.426500 
68 0.544500 
69 0.628500 
70 0.678500 
71 0.695500 
72 0.675500 
73 0.613500 
74 0.511500 
75 0.369500 
76 0.188500 
77 -0.029500 
78 -0.278500 
79 -0.550500 
80 -0.820500 
81 -1.023500 
82 -1.051500 
83 -0.873500 
84 -0.593500 
85 -0.295500 
86 -0.016500 
87 0.223500 
88 0.416500 
89 0.557500 
90 0.642500 
91 0.671500 

1 -3.342500 
2 -2.905500 
3 -2.272500 
4 -1.652500 
5 -1.227500 
6 -2.058500 
7 -3.071500 
8 -4.256500 
9 -5.577500 
10 -6.886500 
11 -7.595500 
12 -7.346500 
13 -6.768500 
14 -6.076500 
15 -5.367500 
16 -4.685500 
17 -4.055500 
18 -3.500500 
19 -3.055500 
20 -2.800500 
21 -2.830500 
22 -2.910500 
23 -3.133500 
24 -3.460500 
25 -3.853500 
26 -4.269500 
27 -4.669500 
28 -5.006500 
29 -5.216500 
30 -5.229500 
31 -5.167500 
32 -5.084500 
33 -4.861500 
34 -4.547500 
35 -4.184500 
36 -3.811500 
37 -3.459500 
38 -3.159500 
39 -2.929500 
40 -2.786500 
41 -2.738500 
42 -2.752500 
43 -2.793500 
44 -2.858500 
45 -2.940500 
46 -3.033500 
47 -3.127500 
48 -3.213500 
49 -3.282500 
50 -3.394500 
51 -3.342500 
52 -3.356500 
53 -3.398500 
54 -3.468500 
55 -3.279500 
56 -3.005500 
57 -2.741500 
58 -2.518500 
59 -2.372500 
60 -2.350500 
61 -2.485500 
62 -2.766500 
63 -3.152500 
64 -3.597500 
65 -4.062500 
66 -4.511500 
67 -4.728500 
68 -4.881500 
69 -5.020500 
70 -5.126500 
71 -5.167500 
72 -5.229500 
73 -5.216500 
74 -5.006500 
75 -4.669500 
76 -4.269500 
77 -3.853500 
78 -3.460500 
79 -3.133500 
80 -2.910500 
81 -2.830500 
82 -2.800500 
83 -3.055500 
84 -3.500500 
85 -4.055500 
86 -4.685500 
87 -5.367500 
88 -6.076500 
89 -6.768500 
90 -7.346500 
91 -7.595500 

1 -3.960500 
2 -4.392500 
3 -5.010500 
4 -5.604500 
5 -6.143500 
6 -6.607500 
7 -6.983500 
8 -7.264500 
9 -7.454500 
10 -7.560500 
11 -7.595500 
12 -7.346500 
13 -6.768500 
14 -6.076500 
15 -5.367500 
16 -4.685500 
17 -4.055500 
18 -3.500500 
19 -3.055500 
20 -2.800500 
21 -2.830500 
22 -3.105500 
23 -3.502500 
24 -3.940500 
25 -4.378500 
26 -4.783500 
27 -5.126500 
28 -5.357500 
29 -5.386500 
30 -5.244500 
31 -5.167500 
32 -5.084500 
33 -4.861500 
34 -4.547500 
35 -4.184500 
36 -3.811500 
37 -3.459500 
38 -3.159500 
39 -2.929500 
40 -2.786500 
41 -2.738500 
42 -2.815500 
43 -2.997500 
44 -3.210500 
45 -3.412500 
46 -3.587500 
47 -3.727500 
48 -3.796500 
49 -3.547500 
50 -3.755500 
51 -3.960500 
52 -3.901500 
53 -3.732500 
54 -3.474500 
55 -3.412500 
56 -3.455500 
57 -3.511500 
58 -3.580500 
59 -3.662500 
60 -3.758500 
61 -3.868500 
62 -3.990500 
63 -4.123500 
64 -4.266500 
65 -4.416500 
66 -4.572500 
67 -4.909500 
68 -5.214500 
69 -5.351500 
70 -5.259500 
71 -5.167500 
72 -5.244500 
73 -5.386500 
74 -5.357500 
75 -5.126500 
76 -4.783500 
77 -4.378500 
78 -3.940500 
79 -3.502500 
80 -3.105500 
81 -2.830500 
82 -2.800500 
83 -3.055500 
84 -3.500500 
85 -4.055500 
86 -4.685500 
87 -5.367500 
88 -6.076500 
89 -6.768500 
90 -7.346500 
91 -7.595500 

1 -3.960500 
2 -4.392500 
3 -5.010500 
4 -5.604500 
5 -6.143500 
6 -6.607500 
7 -6.983500 
8 -7.264500 
9 -7.454500 
10 -7.560500 
11 -7.595500 
12 -7.432500 
13 -6.988500 
14 -6.363500 
15 -5.657500 
16 -4.946500 
17 -4.280500 
18 -3.697500 
19 -3.237500 
20 -2.942500 
21 -2.835500 
22 -3.105500 
23 -3.502500 
24 -3.940500 
25 -4.378500 
26 -4.783500 
27 -5.126500 
28 -5.357500 
29 -5.386500 
30 -5.244500 
31 -5.167500 
32 -5.657500 
33 -6.254500 
34 -6.303500 
35 -6.365500 
36 -6.435500 
37 -6.505500 
38 -6.569500 
39 -6.620500 
40 -6.653500 
41 -6.665500 
42 -6.383500 
43 -5.937500 
44 -5.461500 
45 -4.984500 
46 -4.532500 
47 -4.129500 
48 -3.833500 
49 -3.905500 
50 -3.947500 
51 -3.960500 
52 -3.907500 
53 -3.759500 
54 -3.539500 
55 -3.565500 
56 -3.687500 
57 -3.834500 
58 -4.003500 
59 -4.192500 
60 -4.397500 
61 -4.615500 
62 -4.840500 
63 -5.068500 
64 -5.292500 
65 -5.506500 
66 -5.703500 
67 -5.876500 
68 -6.018500 
69 -5.579500 
70 -5.272500 
71 -5.167500 
72 -5.244500 
73 -5.386500 
74 -5.357500 
75 -5.126500 
76 -4.783500 
77 -4.378500 
78 -3.940500 
79 -3.502500 
80 -3.105500 
81 -2.835500 
82 -2.942500 
83 -3.237500 
84 -3.697500 
85 -4.280500 
86 -4.946500 
87 -5.657500 
88 -6.363500 
89 -6.988500 
90 -7.432500 
91 -7.595500 

1 -6.985500 
2 -7.117500 
3 -7.530500 
4 -8.247500 
5 -9.256500 
6 -10.212500 
7 -10.276500 
8 -10.334500 
9 -10.381500 
10 -10.411500 
11 -10.421500 
12 -10.649500 
13 -11.156500 
14 -11.719500 
15 -12.225500 
16 -12.050500 
17 -11.676500 
18 -11.362500 
19 -11.144500 
20 -11.028500 
21 -10.988500 
22 -10.972500 
23 -10.908500 
24 -10.140500 
25 -9.194500 
26 -8.241500 
27 -7.368500 
28 -6.674500 
29 -6.290500 
30 -6.210500 
31 -6.212500 
32 -6.223500 
33 -6.410500 
34 -6.594500 
35 -6.784500 
36 -6.946500 
37 -7.054500 
38 -7.100500 
39 -7.098500 
40 -7.079500 
41 -7.068500 
42 -7.307500 
43 -7.620500 
44 -7.862500 
45 -7.989500 
46 -7.971500 
47 -7.810500 
48 -7.552500 
49 -7.274500 
50 -7.063500 
51 -6.985500 
52 -7.025500 
53 -7.139500 
54 -7.315500 
55 -7.531500 
56 -7.761500 
57 -7.974500 
58 -8.144500 
59 -8.246500 
60 -8.270500 
61 -8.211500 
62 -8.078500 
63 -7.884500 
64 -7.648500 
65 -7.387500 
66 -7.119500 
67 -6.728500 
68 -6.074500 
69 -6.125500 
70 -6.190500 
71 -6.212500 
72 -6.210500 
73 -6.290500 
74 -6.674500 
75 -7.368500 
76 -8.241500 
77 -9.194500 
78 -10.140500 
79 -10.908500 
80 -10.972500 
81 -10.988500 
82 -11.028500 
83 -11.144500 
84 -11.362500 
85 -11.676500 
86 -12.050500 
87 -12.225500 
88 -11.719500 
89 -11.156500 
90 -10.649500 
91 -10.421500 

1 -10.008500 
2 -10.018500 
3 -10.047500 
4 -10.092500 
5 -10.149500 
6 -10.450500 
7 -11.598500 
8 -11.918500 
9 -11.596500 
10 -10.924500 
11 -10.421500 
12 -10.649500 
13 -11.156500 
14 -11.719500 
15 -12.225500 
16 -12.620500 
17 -12.876500 
18 -12.980500 
19 -12.924500 
20 -12.702500 
21 -12.307500 
22 -11.738500 
23 -11.006500 
24 -10.140500 
25 -9.194500 
26 -8.241500 
27 -7.368500 
28 -6.674500 
29 -6.290500 
30 -6.210500 
31 -6.212500 
32 -6.268500 
33 -6.410500 
34 -6.594500 
35 -6.784500 
36 -6.946500 
37 -7.054500 
38 -7.100500 
39 -7.098500 
40 -7.079500 
41 -7.068500 
42 -7.309500 
43 -7.948500 
44 -8.804500 
45 -9.682500 
46 -10.342500 
47 -10.451500 
48 -10.427500 
49 -10.293500 
50 -10.103500 
51 -10.008500 
52 -10.060500 
53 -10.205500 
54 -10.418500 
55 -10.666500 
56 -10.914500 
57 -10.991500 
58 -10.861500 
59 -10.761500 
60 -10.688500 
61 -10.619500 
62 -10.479500 
63 -9.871500 
64 -9.133500 
65 -8.319500 
66 -7.495500 
67 -6.858500 
68 -6.618500 
69 -6.413500 
70 -6.255500 
71 -6.212500 
72 -6.210500 
73 -6.290500 
74 -6.674500 
75 -7.368500 
76 -8.241500 
77 -9.194500 
78 -10.140500 
79 -11.006500 
80 -11.738500 
81 -12.307500 
82 -12.702500 
83 -12.924500 
84 -12.980500 
85 -12.876500 
86 -12.620500 
87 -12.225500 
88 -11.719500 
89 -11.156500 
90 -10.649500 
91 -10.421500 

1 -11.454500 
2 -11.481500 
3 -11.555500 
4 -11.663500 
5 -11.788500 
6 -11.908500 
7 -11.986500 
8 -12.451500 
9 -12.861500 
10 -12.998500 
11 -13.028500 
12 -13.006500 
13 -12.916500 
14 -12.722500 
15 -12.420500 
16 -12.620500 
17 -12.876500 
18 -12.980500 
19 -12.924500 
20 -12.702500 
21 -12.307500 
22 -11.738500 
23 -11.006500 
24 -10.717500 
25 -10.319500 
26 -9.669500 
27 -8.784500 
28 -7.781500 
29 -6.879500 
30 -6.345500 
31 -6.212500 
32 -6.268500 
33 -6.875500 
34 -8.237500 
35 -9.225500 
36 -9.697500 
37 -9.832500 
38 -9.875500 
39 -9.957500 
40 -10.064500 
41 -10.114500 
42 -10.132500 
43 -10.182500 
44 -10.259500 
45 -10.353500 
46 -10.535500 
47 -11.010500 
48 -11.296500 
49 -11.410500 
50 -11.446500 
51 -11.454500 
52 -11.450500 
53 -11.427500 
54 -11.370500 
55 -11.270500 
56 -11.136500 
57 -11.126500 
58 -11.267500 
59 -11.300500 
60 -11.194500 
61 -10.923500 
62 -10.516500 
63 -10.328500 
64 -10.002500 
65 -9.499500 
66 -8.815500 
67 -8.001500 
68 -7.175500 
69 -6.532500 
70 -6.267500 
71 -6.212500 
72 -6.345500 
73 -6.879500 
74 -7.781500 
75 -8.784500 
76 -9.669500 
77 -10.319500 
78 -10.717500 
79 -11.006500 
80 -11.738500 
81 -12.307500 
82 -12.702500 
83 -12.924500 
84 -12.980500 
85 -12.876500 
86 -12.620500 
87 -12.420500 
88 -12.722500 
89 -12.916500 
90 -13.006500 
91 -13.028500 

