1 0.566100 
2 0.689900 
3 0.859800 
4 1.023900 
5 1.181000 
6 1.333800 
7 1.486700 
8 1.644000 
9 1.809400 
10 1.984400 
11 2.168500 
12 2.358600 
13 2.550100 
14 2.737100 
15 2.913700 
16 3.074000 
17 3.212900 
18 3.325800 
19 3.409000 
20 3.460100 
21 3.477200 
22 3.606300 
23 3.734400 
24 3.860500 
25 3.983800 
26 4.103300 
27 4.218400 
28 4.328200 
29 4.432300 
30 4.529900 
31 4.620600 
32 4.704000 
33 4.779700 
34 4.847300 
35 4.906500 
36 4.957000 
37 4.998600 
38 5.031100 
39 5.054500 
40 5.068500 
41 5.073200 
42 5.053700 
43 4.995200 
44 4.898900 
45 4.766300 
46 4.599400 
47 4.400900 
48 4.173800 
49 3.921200 
50 3.646800 
51 3.354500 
52 3.048500 
53 2.733300 
54 2.414400 
55 2.098000 
56 1.791800 
57 1.505300 
58 1.249500 
59 1.034300 
60 0.872100 
61 0.874900 
62 0.874500 
63 0.873400 
64 0.930200 
65 1.005700 
66 1.084100 
67 1.164500 
68 1.245800 
69 1.326600 
70 1.405900 
71 1.482500 
72 1.555200 
73 1.623100 
74 1.685200 
75 1.740600 
76 1.788700 
77 1.828900 
78 1.860600 
79 1.883600 
80 1.897500 
81 1.902100 
82 1.939000 
83 2.039300 
84 2.186300 
85 2.367700 
86 2.574900 
87 2.800400 
88 3.037400 
89 3.279600 
90 3.521300 
91 3.757200 
92 3.983100 
93 4.194900 
94 4.389400 
95 4.563600 
96 4.715100 
97 4.841800 
98 4.942100 
99 5.014700 
100 5.058500 
101 5.073200 
102 5.053900 
103 4.996000 
104 4.900700 
105 4.769400 
106 4.604400 
107 4.408600 
108 4.185700 
109 3.940400 
110 3.678500 
111 3.407300 
112 3.135600 
113 2.874100 
114 2.634400 
115 2.427900 
116 2.262000 
117 2.137500 
118 2.047800 
119 1.982400 
120 1.930700 
121 1.884800 

1 0.566100 
2 0.689900 
3 0.859800 
4 1.023900 
5 1.181000 
6 1.333800 
7 1.486700 
8 1.644000 
9 1.809400 
10 1.984400 
11 2.168500 
12 2.358600 
13 2.550100 
14 2.737100 
15 2.913700 
16 3.074000 
17 3.212900 
18 3.325800 
19 3.409000 
20 3.460100 
21 3.477200 
22 3.348400 
23 3.221000 
24 3.096400 
25 2.975600 
26 2.860300 
27 2.751500 
28 2.650600 
29 2.558300 
30 2.475400 
31 2.402300 
32 2.339000 
33 2.285200 
34 2.240300 
35 2.203800 
36 2.174600 
37 2.152100 
38 2.135500 
39 2.124100 
40 2.117500 
41 2.115200 
42 2.096300 
43 2.040000 
44 1.948300 
45 1.824300 
46 1.672400 
47 1.498400 
48 1.309600 
49 1.114900 
50 0.924700 
51 0.751300 
52 0.606900 
53 0.500500 
54 0.577500 
55 0.671300 
56 0.745400 
57 0.800400 
58 0.838200 
59 0.861100 
60 0.863300 
61 0.730100 
62 0.791900 
63 0.858700 
64 0.872200 
65 0.871100 
66 0.870500 
67 0.870600 
68 0.871500 
69 0.873400 
70 0.876000 
71 0.939300 
72 1.011300 
73 1.079900 
74 1.143600 
75 1.201200 
76 1.251500 
77 1.293700 
78 1.327300 
79 1.351600 
80 1.366300 
81 1.371200 
82 1.352400 
83 1.305300 
84 1.244200 
85 1.177800 
86 1.111500 
87 1.052100 
88 1.009000 
89 0.995500 
90 1.023800 
91 1.098600 
92 1.212400 
93 1.350800 
94 1.498700 
95 1.644200 
96 1.778400 
97 1.894900 
98 1.989300 
99 2.058700 
100 2.101000 
101 2.115200 
102 2.103200 
103 2.067400 
104 2.009000 
105 1.930200 
106 1.834200 
107 1.725800 
108 1.612200 
109 1.503800 
110 1.415300 
111 1.363700 
112 1.360100 
113 1.400000 
114 1.466000 
115 1.540800 
116 1.613800 
117 1.680200 
118 1.739200 
119 1.791700 
120 1.839500 
121 1.884800 

1 0.395300 
2 0.271900 
3 0.111100 
4 -0.017900 
5 -0.096300 
6 -0.127500 
7 -0.132700 
8 -0.131400 
9 -0.135900 
10 -0.154300 
11 -0.191200 
12 -0.248500 
13 -0.325600 
14 -0.420000 
15 -0.527500 
16 -0.642300 
17 -0.757300 
18 -0.864300 
19 -0.953100 
20 -1.012900 
21 -1.034100 
22 -0.973900 
23 -0.921600 
24 -0.878300 
25 -0.844800 
26 -0.822100 
27 -0.810800 
28 -0.811200 
29 -0.823300 
30 -0.846700 
31 -0.880500 
32 -0.923200 
33 -0.972700 
34 -1.026600 
35 -1.082100 
36 -1.136100 
37 -1.185600 
38 -1.227800 
39 -1.259900 
40 -1.280000 
41 -1.286900 
42 -1.261700 
43 -1.187800 
44 -1.070500 
45 -0.918700 
46 -0.742800 
47 -0.553500 
48 -0.360200 
49 -0.170200 
50 0.010900 
51 0.178700 
52 0.330300 
53 0.463700 
54 0.435000 
55 0.426600 
56 0.470500 
57 0.489200 
58 0.484100 
59 0.538600 
60 0.623300 
61 0.730100 
62 0.674400 
63 0.625700 
64 0.587900 
65 0.577000 
66 0.605500 
67 0.658000 
68 0.722100 
69 0.792400 
70 0.865600 
71 0.879400 
72 0.883300 
73 0.887600 
74 0.892000 
75 0.896300 
76 0.900400 
77 0.904000 
78 0.907000 
79 0.909200 
80 0.910600 
81 0.911000 
82 0.901000 
83 0.870900 
84 0.821100 
85 0.752000 
86 0.664400 
87 0.559000 
88 0.437100 
89 0.300200 
90 0.149900 
91 -0.011300 
92 -0.180700 
93 -0.355000 
94 -0.529800 
95 -0.700000 
96 -0.859900 
97 -1.002800 
98 -1.122100 
99 -1.212100 
100 -1.267900 
101 -1.286900 
102 -1.260900 
103 -1.182900 
104 -1.054200 
105 -0.881700 
106 -0.678500 
107 -0.461200 
108 -0.246000 
109 -0.048400 
110 0.116300 
111 0.234400 
112 0.299600 
113 0.319100 
114 0.306700 
115 0.271000 
116 0.216600 
117 0.150400 
118 0.082700 
119 0.022000 
120 -0.029000 
121 -0.071900 

1 0.395300 
2 0.271900 
3 0.111100 
4 -0.017900 
5 -0.096300 
6 -0.127500 
7 -0.132700 
8 -0.131400 
9 -0.135900 
10 -0.154300 
11 -0.191200 
12 -0.248500 
13 -0.325600 
14 -0.420000 
15 -0.527500 
16 -0.642300 
17 -0.757300 
18 -0.864300 
19 -0.953100 
20 -1.012900 
21 -1.034100 
22 -1.101100 
23 -1.173900 
24 -1.251300 
25 -1.332300 
26 -1.415600 
27 -1.500300 
28 -1.585100 
29 -1.591300 
30 -1.599800 
31 -1.612200 
32 -1.628300 
33 -1.647500 
34 -1.669200 
35 -1.692500 
36 -1.716400 
37 -1.739400 
38 -1.760000 
39 -1.776500 
40 -1.787200 
41 -1.790900 
42 -1.723700 
43 -1.570300 
44 -1.379600 
45 -1.171300 
46 -0.956100 
47 -0.741400 
48 -0.533500 
49 -0.337300 
50 -0.156800 
51 0.005000 
52 0.145700 
53 0.263600 
54 0.357500 
55 0.406200 
56 0.406900 
57 0.430900 
58 0.474900 
59 0.460100 
60 0.430100 
61 0.415200 
62 0.419700 
63 0.432900 
64 0.449900 
65 0.453800 
66 0.430200 
67 0.392600 
68 0.351000 
69 0.308800 
70 0.267200 
71 0.226900 
72 0.188600 
73 0.152800 
74 0.119800 
75 0.090200 
76 0.064400 
77 0.042700 
78 0.025500 
79 0.013000 
80 0.005400 
81 0.002900 
82 -0.000600 
83 -0.011000 
84 -0.028500 
85 -0.052600 
86 -0.081700 
87 -0.113900 
88 -0.148700 
89 -0.190500 
90 -0.248800 
91 -0.333600 
92 -0.448300 
93 -0.589500 
94 -0.750700 
95 -0.925000 
96 -1.105700 
97 -1.286300 
98 -1.459700 
99 -1.616500 
100 -1.739300 
101 -1.790900 
102 -1.736300 
103 -1.609300 
104 -1.452600 
105 -1.285400 
106 -1.117000 
107 -0.953900 
108 -0.801600 
109 -0.665200 
110 -0.549900 
111 -0.460200 
112 -0.397300 
113 -0.355400 
114 -0.322100 
115 -0.287000 
116 -0.248600 
117 -0.210700 
118 -0.175700 
119 -0.142800 
120 -0.109100 
121 -0.071900 

1 -0.540800 
2 -0.537400 
3 -0.535700 
4 -0.552500 
5 -0.603100 
6 -0.683300 
7 -0.774000 
8 -0.861900 
9 -0.944800 
10 -1.025600 
11 -1.108200 
12 -1.194500 
13 -1.283900 
14 -1.373600 
15 -1.459200 
16 -1.535500 
17 -1.597700 
18 -1.642400 
19 -1.669500 
20 -1.682200 
21 -1.685700 
22 -1.658000 
23 -1.634700 
24 -1.616000 
25 -1.601800 
26 -1.592300 
27 -1.587500 
28 -1.587200 
29 -1.591300 
30 -1.599800 
31 -1.612200 
32 -1.628300 
33 -1.647500 
34 -1.669200 
35 -1.692500 
36 -1.716400 
37 -1.739400 
38 -1.760000 
39 -1.776500 
40 -1.787200 
41 -1.790900 
42 -1.809200 
43 -1.864100 
44 -1.955400 
45 -2.075100 
46 -2.012700 
47 -1.864400 
48 -1.722700 
49 -1.600100 
50 -1.507700 
51 -1.456300 
52 -1.373700 
53 -1.272500 
54 -1.192500 
55 -1.133900 
56 -1.096300 
57 -1.078800 
58 -1.080000 
59 -1.098000 
60 -1.130700 
61 -1.175100 
62 -1.153400 
63 -1.137700 
64 -1.128300 
65 -1.125300 
66 -1.128600 
67 -1.137800 
68 -1.152700 
69 -1.172600 
70 -1.196700 
71 -1.224300 
72 -1.254200 
73 -1.285500 
74 -1.316800 
75 -1.347000 
76 -1.375000 
77 -1.399700 
78 -1.420000 
79 -1.435200 
80 -1.444600 
81 -1.447700 
82 -1.453900 
83 -1.472300 
84 -1.502900 
85 -1.545400 
86 -1.599500 
87 -1.664800 
88 -1.631800 
89 -1.558100 
90 -1.535000 
91 -1.562100 
92 -1.631100 
93 -1.731100 
94 -1.851200 
95 -1.981800 
96 -2.113800 
97 -2.009400 
98 -1.914100 
99 -1.845700 
100 -1.804600 
101 -1.790900 
102 -1.800800 
103 -1.829800 
104 -1.875400 
105 -1.932600 
106 -1.993100 
107 -1.992200 
108 -1.830000 
109 -1.664000 
110 -1.506000 
111 -1.367100 
112 -1.259400 
113 -1.196600 
114 -1.188700 
115 -1.233500 
116 -1.311600 
117 -1.394000 
118 -1.457100 
119 -1.506800 
120 -1.556500 
121 -1.600100 

1 -0.540800 
2 -0.537400 
3 -0.535700 
4 -0.552500 
5 -0.603100 
6 -0.683300 
7 -0.774000 
8 -0.861900 
9 -0.944800 
10 -1.025600 
11 -1.108200 
12 -1.194500 
13 -1.283900 
14 -1.373600 
15 -1.459200 
16 -1.535500 
17 -1.597700 
18 -1.642400 
19 -1.669500 
20 -1.682200 
21 -1.685700 
22 -1.658000 
23 -1.634700 
24 -1.616000 
25 -1.601800 
26 -1.592300 
27 -1.587500 
28 -1.587200 
29 -1.669000 
30 -1.750900 
31 -1.829800 
32 -1.904500 
33 -1.974200 
34 -2.037900 
35 -2.094800 
36 -2.144100 
37 -2.185400 
38 -2.218000 
39 -2.241600 
40 -2.255900 
41 -2.260700 
42 -2.313600 
43 -2.413100 
44 -2.306100 
45 -2.181900 
46 -2.263700 
47 -2.144800 
48 -1.964700 
49 -1.793600 
50 -1.636100 
51 -1.495400 
52 -1.456000 
53 -1.512300 
54 -1.623100 
55 -1.752800 
56 -1.634200 
57 -1.519100 
58 -1.411600 
59 -1.315600 
60 -1.235500 
61 -1.175100 
62 -1.200800 
63 -1.228300 
64 -1.257100 
65 -1.286900 
66 -1.317200 
67 -1.347500 
68 -1.377600 
69 -1.406900 
70 -1.435200 
71 -1.462100 
72 -1.487200 
73 -1.510400 
74 -1.531300 
75 -1.549800 
76 -1.565700 
77 -1.578900 
78 -1.589300 
79 -1.596700 
80 -1.601200 
81 -1.602700 
82 -1.607100 
83 -1.620200 
84 -1.642000 
85 -1.672500 
86 -1.711700 
87 -1.745800 
88 -1.740700 
89 -1.826500 
90 -1.921400 
91 -2.024200 
92 -2.117800 
93 -2.211400 
94 -2.311300 
95 -2.279100 
96 -2.131200 
97 -2.238300 
98 -2.346300 
99 -2.389900 
100 -2.301600 
101 -2.260700 
102 -2.295200 
103 -2.351700 
104 -2.333400 
105 -2.242500 
106 -2.133900 
107 -2.045200 
108 -2.069300 
109 -2.010000 
110 -1.952500 
111 -1.893600 
112 -1.831200 
113 -1.765300 
114 -1.698700 
115 -1.637500 
116 -1.591700 
117 -1.574000 
118 -1.590800 
119 -1.617800 
120 -1.623500 
121 -1.600100 

1 -2.954200 
2 -2.936700 
3 -2.882400 
4 -2.804300 
5 -2.724300 
6 -2.661200 
7 -2.625400 
8 -2.615500 
9 -2.619200 
10 -2.616300 
11 -2.586000 
12 -2.516100 
13 -2.409500 
14 -2.280100 
15 -2.144200 
16 -2.014800 
17 -1.901100 
18 -1.808600 
19 -1.740800 
20 -1.699500 
21 -1.685700 
22 -1.717600 
23 -1.753600 
24 -1.793400 
25 -1.836700 
26 -1.883300 
27 -1.932600 
28 -1.984300 
29 -2.037700 
30 -2.092300 
31 -2.147400 
32 -2.202100 
33 -2.255600 
34 -2.306800 
35 -2.354600 
36 -2.397900 
37 -2.435500 
38 -2.466100 
39 -2.488900 
40 -2.502900 
41 -2.507600 
42 -2.483200 
43 -2.425300 
44 -2.546200 
45 -2.506100 
46 -2.328000 
47 -2.467200 
48 -2.466600 
49 -2.384700 
50 -2.296600 
51 -2.201000 
52 -2.097600 
53 -1.987300 
54 -1.871600 
55 -1.777500 
56 -1.958700 
57 -2.146900 
58 -2.320600 
59 -2.457700 
60 -2.540700 
61 -2.566100 
62 -2.560900 
63 -2.547300 
64 -2.528100 
65 -2.505600 
66 -2.481800 
67 -2.458100 
68 -2.435600 
69 -2.414600 
70 -2.395600 
71 -2.378500 
72 -2.363400 
73 -2.350100 
74 -2.338600 
75 -2.328700 
76 -2.320500 
77 -2.313700 
78 -2.308500 
79 -2.304800 
80 -2.302600 
81 -2.301900 
82 -2.283300 
83 -2.227800 
84 -2.137300 
85 -2.017800 
86 -1.881300 
87 -1.759300 
88 -1.815300 
89 -1.879400 
90 -1.951400 
91 -2.030900 
92 -2.133500 
93 -2.247600 
94 -2.364100 
95 -2.416800 
96 -2.526100 
97 -2.632300 
98 -2.511700 
99 -2.440200 
100 -2.489300 
101 -2.507600 
102 -2.485000 
103 -2.424700 
104 -2.370900 
105 -2.309500 
106 -2.216300 
107 -2.135400 
108 -2.079400 
109 -2.095900 
110 -2.103600 
111 -2.112300 
112 -2.129000 
113 -2.158100 
114 -2.202100 
115 -2.262300 
116 -2.339000 
117 -2.432000 
118 -2.540200 
119 -2.662200 
120 -2.795400 
121 -2.936400 

1 -2.954200 
2 -2.936700 
3 -2.882400 
4 -2.804300 
5 -2.724300 
6 -2.661200 
7 -2.625400 
8 -2.615500 
9 -2.619200 
10 -2.616300 
11 -2.586000 
12 -2.516100 
13 -2.409500 
14 -2.280100 
15 -2.144200 
16 -2.014800 
17 -1.901100 
18 -1.808600 
19 -1.740800 
20 -1.699500 
21 -1.685700 
22 -1.717600 
23 -1.753600 
24 -1.793400 
25 -1.836700 
26 -1.883300 
27 -1.932600 
28 -1.984300 
29 -2.037700 
30 -2.092300 
31 -2.147400 
32 -2.202100 
33 -2.255600 
34 -2.306800 
35 -2.354600 
36 -2.397900 
37 -2.435500 
38 -2.466100 
39 -2.488900 
40 -2.502900 
41 -2.507600 
42 -2.525100 
43 -2.579000 
44 -2.668200 
45 -2.660200 
46 -2.620600 
47 -2.544400 
48 -2.710500 
49 -2.989900 
50 -3.300800 
51 -3.472100 
52 -3.639600 
53 -3.814900 
54 -3.996700 
55 -4.183400 
56 -4.372900 
57 -4.562600 
58 -4.749600 
59 -4.930200 
60 -4.981000 
61 -5.080600 
62 -5.031000 
63 -5.007200 
64 -5.009700 
65 -5.036500 
66 -5.037200 
67 -5.034600 
68 -5.044600 
69 -5.067400 
70 -5.102600 
71 -5.150000 
72 -5.209200 
73 -5.279700 
74 -5.360900 
75 -5.451900 
76 -5.549800 
77 -5.556700 
78 -5.560900 
79 -5.563400 
80 -5.564700 
81 -5.565000 
82 -5.522200 
83 -5.393000 
84 -5.179100 
85 -4.900300 
86 -4.590400 
87 -4.273600 
88 -3.962200 
89 -3.662900 
90 -3.379600 
91 -3.115200 
92 -2.871500 
93 -2.650200 
94 -2.452400 
95 -2.480500 
96 -2.592900 
97 -2.636400 
98 -2.624100 
99 -2.559500 
100 -2.520600 
101 -2.507600 
102 -2.515700 
103 -2.538300 
104 -2.568900 
105 -2.597300 
106 -2.620900 
107 -2.655900 
108 -2.721700 
109 -2.823600 
110 -2.953100 
111 -3.096800 
112 -3.240000 
113 -3.367500 
114 -3.462800 
115 -3.510800 
116 -3.503800 
117 -3.444800 
118 -3.345400 
119 -3.219700 
120 -3.080100 
121 -2.936400 

1 -4.834100 
2 -4.876500 
3 -4.994400 
4 -5.150800 
5 -5.290500 
6 -5.359400 
7 -5.322500 
8 -5.182900 
9 -4.988900 
10 -4.800000 
11 -4.656800 
12 -4.576600 
13 -4.555500 
14 -4.576700 
15 -4.621100 
16 -4.673200 
17 -4.722700 
18 -4.763800 
19 -4.793500 
20 -4.811000 
21 -4.816700 
22 -4.706600 
23 -4.591000 
24 -4.471100 
25 -4.348400 
26 -4.224200 
27 -4.099500 
28 -3.975500 
29 -3.853100 
30 -3.733400 
31 -3.617300 
32 -3.505900 
33 -3.400100 
34 -3.301000 
35 -3.209800 
36 -3.128100 
37 -3.057400 
38 -2.999500 
39 -2.956300 
40 -2.929600 
41 -2.920500 
42 -2.889300 
43 -2.800900 
44 -2.676400 
45 -2.697300 
46 -2.774000 
47 -2.894900 
48 -3.024800 
49 -3.164300 
50 -3.313500 
51 -3.634800 
52 -3.978200 
53 -4.308400 
54 -4.593700 
55 -4.800600 
56 -4.913200 
57 -4.947400 
58 -4.941700 
59 -4.940300 
60 -5.095600 
61 -5.080600 
62 -5.130300 
63 -5.115300 
64 -5.079700 
65 -5.052400 
66 -5.084000 
67 -5.147300 
68 -5.220000 
69 -5.294600 
70 -5.363600 
71 -5.421700 
72 -5.466700 
73 -5.499800 
74 -5.523100 
75 -5.539100 
76 -5.551600 
77 -5.658500 
78 -5.769900 
79 -5.880600 
80 -5.977000 
81 -6.021600 
82 -5.936800 
83 -5.724000 
84 -5.372300 
85 -5.045000 
86 -4.743300 
87 -4.466000 
88 -4.210800 
89 -3.975700 
90 -3.758600 
91 -3.558200 
92 -3.373100 
93 -3.202200 
94 -3.044200 
95 -2.897600 
96 -2.760800 
97 -2.697200 
98 -2.742000 
99 -2.833400 
100 -2.897300 
101 -2.920500 
102 -2.907400 
103 -2.885900 
104 -2.890100 
105 -2.907900 
106 -2.969400 
107 -3.073500 
108 -3.212000 
109 -3.378600 
110 -3.569600 
111 -3.782100 
112 -4.013300 
113 -4.212300 
114 -4.403800 
115 -4.611500 
116 -4.837000 
117 -5.077500 
118 -5.323700 
119 -5.555300 
120 -5.733700 
121 -5.805900 

1 -4.834100 
2 -4.876500 
3 -4.994400 
4 -5.150800 
5 -5.290500 
6 -5.359400 
7 -5.322500 
8 -5.182900 
9 -4.988900 
10 -4.800000 
11 -4.656800 
12 -4.576600 
13 -4.555500 
14 -4.576700 
15 -4.621100 
16 -4.673200 
17 -4.722700 
18 -4.763800 
19 -4.793500 
20 -4.811000 
21 -4.816700 
22 -4.706600 
23 -4.591000 
24 -4.471100 
25 -4.348400 
26 -4.224200 
27 -4.099500 
28 -3.975500 
29 -3.853100 
30 -3.733400 
31 -3.617300 
32 -3.505900 
33 -3.400100 
34 -3.301000 
35 -3.209800 
36 -3.128100 
37 -3.057400 
38 -2.999500 
39 -2.956300 
40 -2.929600 
41 -2.920500 
42 -2.899900 
43 -2.846000 
44 -2.774300 
45 -2.822800 
46 -3.010000 
47 -3.231600 
48 -3.486000 
49 -3.771600 
50 -4.085700 
51 -4.424200 
52 -4.780800 
53 -5.146700 
54 -5.508900 
55 -5.848500 
56 -5.855000 
57 -5.834400 
58 -5.811900 
59 -5.586400 
60 -5.297100 
61 -5.279600 
62 -5.236800 
63 -5.288800 
64 -5.388300 
65 -5.503500 
66 -5.620200 
67 -5.685900 
68 -5.755900 
69 -5.834400 
70 -5.925500 
71 -5.964400 
72 -6.003900 
73 -6.045100 
74 -6.086800 
75 -6.127800 
76 -6.166600 
77 -6.201400 
78 -6.230800 
79 -6.253100 
80 -6.267000 
81 -6.271700 
82 -6.091400 
83 -5.732700 
84 -5.488900 
85 -5.241200 
86 -4.989500 
87 -4.732500 
88 -4.473700 
89 -4.218000 
90 -3.970200 
91 -3.734500 
92 -3.513900 
93 -3.311200 
94 -3.128400 
95 -2.967000 
96 -2.828600 
97 -2.714000 
98 -2.787800 
99 -2.858900 
100 -2.904700 
101 -2.920500 
102 -2.914000 
103 -2.899300 
104 -2.899600 
105 -2.973700 
106 -3.090600 
107 -3.229300 
108 -3.379600 
109 -3.536600 
110 -3.697900 
111 -3.863000 
112 -4.033500 
113 -4.259800 
114 -4.517000 
115 -4.778600 
116 -5.036400 
117 -5.279500 
118 -5.494400 
119 -5.665800 
120 -5.779100 
121 -5.805900 

1 -7.580000 
2 -7.489700 
3 -7.269600 
4 -6.987200 
5 -6.680600 
6 -6.378500 
7 -6.109700 
8 -5.892200 
9 -5.714500 
10 -5.555800 
11 -5.407400 
12 -5.269500 
13 -5.145200 
14 -5.037800 
15 -4.950700 
16 -4.885800 
17 -4.843600 
18 -4.821600 
19 -4.814700 
20 -4.815400 
21 -4.816700 
22 -4.919800 
23 -5.014500 
24 -5.099400 
25 -5.173300 
26 -5.235200 
27 -5.284400 
28 -5.320600 
29 -5.344100 
30 -5.355400 
31 -5.355800 
32 -5.346600 
33 -5.329800 
34 -5.307600 
35 -5.282000 
36 -5.255400 
37 -5.230000 
38 -5.207800 
39 -5.190600 
40 -5.179700 
41 -5.175900 
42 -5.195200 
43 -5.248600 
44 -5.325400 
45 -5.413900 
46 -5.504500 
47 -5.590800 
48 -5.668600 
49 -5.735500 
50 -5.790000 
51 -5.831400 
52 -5.859500 
53 -5.874700 
54 -5.877700 
55 -5.870400 
56 -6.129100 
57 -6.223400 
58 -5.948100 
59 -5.719000 
60 -5.463200 
61 -5.279600 
62 -5.350800 
63 -5.421300 
64 -5.489500 
65 -5.555400 
66 -5.628000 
67 -5.758000 
68 -5.863900 
69 -5.893800 
70 -5.927500 
71 -6.030900 
72 -6.147700 
73 -6.268600 
74 -6.382700 
75 -6.478300 
76 -6.549000 
77 -6.596100 
78 -6.584300 
79 -6.499000 
80 -6.412800 
81 -6.370800 
82 -6.268800 
83 -6.259900 
84 -6.244800 
85 -6.223000 
86 -6.194100 
87 -6.157600 
88 -6.112800 
89 -6.059400 
90 -5.996900 
91 -5.925400 
92 -5.845300 
93 -5.757700 
94 -5.664200 
95 -5.567400 
96 -5.470800 
97 -5.379000 
98 -5.297500 
99 -5.232600 
100 -5.190600 
101 -5.175900 
102 -5.194200 
103 -5.245900 
104 -5.322900 
105 -5.413800 
106 -5.506200 
107 -5.588100 
108 -5.649300 
109 -5.682700 
110 -5.685500 
111 -5.660600 
112 -5.616800 
113 -5.568100 
114 -5.532100 
115 -5.524900 
116 -5.554500 
117 -5.615900 
118 -5.693300 
119 -5.766700 
120 -5.798500 
121 -5.826900 

1 -7.580000 
2 -7.489700 
3 -7.269600 
4 -6.987200 
5 -6.680600 
6 -6.378500 
7 -6.109700 
8 -5.892200 
9 -5.714500 
10 -5.555800 
11 -5.407400 
12 -5.269500 
13 -5.145200 
14 -5.037800 
15 -4.950700 
16 -4.885800 
17 -4.843600 
18 -4.821600 
19 -4.814700 
20 -4.815400 
21 -4.816700 
22 -4.919800 
23 -5.014500 
24 -5.099400 
25 -5.173300 
26 -5.235200 
27 -5.284400 
28 -5.320600 
29 -5.344100 
30 -5.355400 
31 -5.355800 
32 -5.346600 
33 -5.329800 
34 -5.307600 
35 -5.282000 
36 -5.255400 
37 -5.230000 
38 -5.207800 
39 -5.190600 
40 -5.179700 
41 -5.175900 
42 -5.231900 
43 -5.390000 
44 -5.628700 
45 -5.925700 
46 -6.263500 
47 -6.629400 
48 -7.014700 
49 -7.412700 
50 -7.796900 
51 -7.653700 
52 -7.514500 
53 -7.392700 
54 -7.280300 
55 -7.105100 
56 -6.792700 
57 -6.410300 
58 -6.039600 
59 -5.791300 
60 -5.776200 
61 -5.770500 
62 -5.772100 
63 -5.777200 
64 -5.786200 
65 -5.799200 
66 -5.816500 
67 -5.838100 
68 -5.890900 
69 -6.023900 
70 -6.154300 
71 -6.279300 
72 -6.395400 
73 -6.498400 
74 -6.582800 
75 -6.640900 
76 -6.663600 
77 -6.643900 
78 -6.625600 
79 -6.643100 
80 -6.652400 
81 -6.655300 
82 -6.946000 
83 -7.324400 
84 -7.251600 
85 -7.224400 
86 -7.248900 
87 -7.319400 
88 -7.425000 
89 -7.552500 
90 -7.688500 
91 -7.505500 
92 -7.202000 
93 -6.895200 
94 -6.590500 
95 -6.293300 
96 -6.010100 
97 -5.748800 
98 -5.520100 
99 -5.337700 
100 -5.218000 
101 -5.175900 
102 -5.221100 
103 -5.344000 
104 -5.515900 
105 -5.707300 
106 -5.895500 
107 -6.065000 
108 -6.206100 
109 -6.312900 
110 -6.381600 
111 -6.408500 
112 -6.389400 
113 -6.322900 
114 -6.216800 
115 -6.089500 
116 -5.964400 
117 -5.863900 
118 -5.803600 
119 -5.786900 
120 -5.817000 
121 -5.826900 

1 -8.226700 
2 -8.262600 
3 -8.334900 
4 -8.420500 
5 -8.544300 
6 -8.736100 
7 -8.996500 
8 -9.284600 
9 -9.537500 
10 -9.717400 
11 -9.834700 
12 -9.916200 
13 -9.972700 
14 -9.984400 
15 -9.898300 
16 -9.690400 
17 -9.418400 
18 -9.151700 
19 -8.934500 
20 -8.793700 
21 -8.744900 
22 -8.649800 
23 -8.564900 
24 -8.491000 
25 -8.428500 
26 -8.378000 
27 -8.340000 
28 -8.314700 
29 -8.302700 
30 -8.304000 
31 -8.318800 
32 -8.346900 
33 -8.388000 
34 -8.441100 
35 -8.456200 
36 -8.298000 
37 -8.163900 
38 -8.056500 
39 -7.978000 
40 -7.930200 
41 -7.914100 
42 -7.931500 
43 -7.978100 
44 -8.037800 
45 -8.089400 
46 -8.112600 
47 -8.094200 
48 -8.030600 
49 -7.927600 
50 -7.818500 
51 -8.227600 
52 -8.636100 
53 -8.931800 
54 -8.332700 
55 -7.743400 
56 -7.201300 
57 -6.834600 
58 -6.831600 
59 -6.923300 
60 -6.981200 
61 -6.997900 
62 -6.994700 
63 -6.986400 
64 -6.974900 
65 -6.962000 
66 -6.949200 
67 -6.937800 
68 -6.929000 
69 -6.924100 
70 -6.924200 
71 -6.931300 
72 -6.948000 
73 -6.978800 
74 -7.030400 
75 -7.109500 
76 -7.218100 
77 -7.349400 
78 -7.486900 
79 -7.469000 
80 -7.463900 
81 -7.463000 
82 -7.417000 
83 -7.349300 
84 -7.760700 
85 -8.175800 
86 -8.592200 
87 -8.574400 
88 -8.341900 
89 -8.081500 
90 -7.800500 
91 -7.820500 
92 -7.937000 
93 -8.028200 
94 -8.087200 
95 -8.110500 
96 -8.100200 
97 -8.063800 
98 -8.013400 
99 -7.963500 
100 -7.927300 
101 -7.914100 
102 -7.943400 
103 -8.028600 
104 -8.160300 
105 -8.321500 
106 -8.483800 
107 -8.607100 
108 -8.649400 
109 -8.596900 
110 -8.479600 
111 -8.345700 
112 -8.235500 
113 -8.172100 
114 -8.155800 
115 -8.163500 
116 -8.157200 
117 -8.100700 
118 -7.981900 
119 -7.828400 
120 -7.702600 
121 -7.683700 

1 -8.226700 
2 -8.262600 
3 -8.334900 
4 -8.420500 
5 -8.544300 
6 -8.736100 
7 -8.996500 
8 -9.284600 
9 -9.537500 
10 -9.717400 
11 -9.834700 
12 -9.916200 
13 -9.972700 
14 -9.984400 
15 -9.898300 
16 -9.690400 
17 -9.418400 
18 -9.151700 
19 -8.934500 
20 -8.793700 
21 -8.744900 
22 -8.849600 
23 -8.962900 
24 -9.083600 
25 -9.209300 
26 -9.336100 
27 -9.454900 
28 -9.542400 
29 -9.547000 
30 -9.432600 
31 -9.245900 
32 -9.037800 
33 -8.830800 
34 -8.635100 
35 -8.504800 
36 -8.576700 
37 -8.652900 
38 -8.727700 
39 -8.793000 
40 -8.838600 
41 -8.855200 
42 -8.909200 
43 -9.068500 
44 -9.324700 
45 -9.664900 
46 -10.071500 
47 -10.514000 
48 -10.902500 
49 -10.942400 
50 -10.578600 
51 -10.076200 
52 -9.518900 
53 -9.013400 
54 -8.558500 
55 -8.307300 
56 -8.365400 
57 -8.665500 
58 -9.102800 
59 -9.607300 
60 -10.121400 
61 -10.462800 
62 -10.357300 
63 -10.158100 
64 -9.938700 
65 -9.714400 
66 -9.489900 
67 -9.267200 
68 -9.047300 
69 -8.831500 
70 -8.621000 
71 -8.417000 
72 -8.221700 
73 -8.037800 
74 -7.869600 
75 -7.723700 
76 -7.608200 
77 -7.529700 
78 -7.489800 
79 -7.622200 
80 -7.723000 
81 -7.762100 
82 -7.863100 
83 -8.119800 
84 -8.460800 
85 -8.843400 
86 -8.769000 
87 -9.008800 
88 -9.423900 
89 -9.833800 
90 -10.230700 
91 -10.495900 
92 -10.726900 
93 -10.834300 
94 -10.531000 
95 -10.154800 
96 -9.792600 
97 -9.473100 
98 -9.210800 
99 -9.015900 
100 -8.895800 
101 -8.855200 
102 -8.879200 
103 -8.953300 
104 -9.081700 
105 -9.267200 
106 -9.508600 
107 -9.800200 
108 -10.131600 
109 -10.485400 
110 -10.830800 
111 -11.110800 
112 -11.254000 
113 -11.122600 
114 -10.672900 
115 -10.125300 
116 -9.562600 
117 -9.022600 
118 -8.532300 
119 -8.121100 
120 -7.825500 
121 -7.683700 

1 -9.730200 
2 -9.773700 
3 -9.901100 
4 -10.093800 
5 -10.321200 
6 -10.554500 
7 -10.779700 
8 -11.016700 
9 -11.316300 
10 -11.699100 
11 -11.988800 
12 -11.861500 
13 -11.612400 
14 -11.353400 
15 -11.198300 
16 -11.210900 
17 -11.358000 
18 -11.585500 
19 -11.857700 
23 -11.760000 
24 -11.458300 
25 -11.162100 
26 -10.877800 
27 -10.616100 
28 -10.401600 
29 -10.287000 
30 -10.309600 
31 -10.423700 
32 -10.579000 
33 -10.753600 
34 -10.937600 
35 -11.124900 
36 -11.143200 
37 -10.937000 
38 -10.759900 
39 -10.621000 
40 -10.530900 
41 -10.499500 
42 -10.530400 
43 -10.620700 
44 -10.764000 
45 -10.949700 
46 -11.163500 
47 -11.388600 
48 -11.470900 
49 -11.198100 
50 -10.665100 
51 -10.109600 
52 -9.549600 
53 -9.039900 
54 -9.434100 
55 -9.812300 
56 -10.166600 
57 -10.488400 
58 -10.772100 
59 -10.957900 
60 -10.941900 
61 -10.921700 
62 -10.899700 
63 -10.866000 
64 -10.819000 
65 -10.757800 
66 -10.682600 
67 -10.593800 
68 -10.492200 
69 -10.344300 
70 -10.170700 
71 -10.000200 
72 -9.836200 
73 -9.681600 
74 -9.539000 
75 -9.410600 
76 -9.298500 
77 -9.183100 
78 -9.026100 
79 -8.886200 
80 -8.782500 
81 -8.742600 
82 -8.867000 
83 -9.027300 
84 -8.996400 
85 -8.913100 
86 -9.246400 
87 -9.658600 
88 -9.894600 
89 -10.072800 
90 -10.274900 
91 -10.594300 
92 -10.855700 
93 -10.946700 
94 -11.101400 
95 -11.110000 
96 -10.993400 
97 -10.840600 
98 -10.699800 
99 -10.590900 
100 -10.522700 
101 -10.499500 
102 -10.554100 
103 -10.712200 
104 -10.957400 
105 -11.230800 
106 -11.141200 
107 -10.957900 
108 -10.878500 
109 -10.927400 
110 -11.070600 
111 -11.239500 
112 -11.323600 
113 -11.286600 
114 -11.246900 
115 -11.187300 
116 -11.136400 
117 -11.133000 
118 -11.204600 
119 -11.299800 
120 -11.323700 
121 -11.418800 

1 -9.730200 
2 -9.773700 
3 -9.901100 
4 -10.093800 
5 -10.321200 
6 -10.554500 
7 -10.779700 
8 -11.016700 
9 -11.316300 
10 -11.699100 
11 -11.988800 
12 -11.861500 
13 -11.612400 
14 -11.353400 
15 -11.198300 
16 -11.210900 
17 -11.358000 
18 -11.585500 
19 -11.857700 
33 -11.872300 
34 -11.616100 
35 -11.371400 
36 -11.310000 
37 -11.486300 
38 -11.645000 
39 -11.774500 
40 -11.860900 
41 -11.891400 
42 -11.906700 
43 -11.955100 
47 -11.764700 
48 -11.607900 
49 -11.226800 
50 -11.033900 
51 -10.893200 
52 -10.804900 
53 -10.768600 
54 -10.783600 
55 -10.848500 
56 -10.961300 
57 -11.116900 
58 -11.006000 
59 -11.014200 
60 -11.196300 
61 -10.921700 
62 -11.038900 
63 -11.192600 
64 -11.101800 
65 -10.982800 
66 -10.841800 
67 -10.684600 
68 -10.517100 
69 -10.378900 
70 -10.254800 
71 -10.121000 
72 -9.978600 
73 -9.828600 
74 -9.672100 
75 -9.510700 
76 -9.346600 
77 -9.204300 
78 -9.129500 
79 -9.075200 
80 -9.042300 
81 -9.031300 
82 -9.031900 
83 -9.190700 
84 -9.534600 
85 -9.557500 
86 -9.629800 
87 -9.745000 
88 -10.073400 
89 -10.486600 
90 -10.895000 
91 -11.296300 
92 -11.688700 
93 -11.961800 
99 -11.938600 
100 -11.902800 
101 -11.891400 
102 -11.870800 
103 -11.799400 
104 -11.657500 
105 -11.484400 
106 -11.696900 
110 -11.870100 
111 -11.773700 
112 -11.705400 
113 -11.651100 
114 -11.597800 
115 -11.536200 
116 -11.465000 
117 -11.391100 
118 -11.329400 
119 -11.339300 
120 -11.487500 
121 -11.418800 

6 -11.965000 
7 -11.914100 
8 -11.950100 
48 -11.691400 
49 -11.806800 
50 -11.975800 
54 -11.958000 
55 -11.591100 
56 -11.310100 
57 -11.117300 
58 -11.302200 
59 -11.495300 
60 -11.215600 
61 -11.269000 
62 -11.249600 
63 -11.237400 
64 -11.440800 
65 -11.376300 
66 -11.231800 
67 -11.083000 
68 -10.931500 
69 -10.779100 
70 -10.627500 
71 -10.478500 
72 -10.334200 
73 -10.196500 
74 -10.067300 
75 -9.949000 
76 -9.843700 
77 -9.753600 
78 -9.680800 
79 -9.627300 
80 -9.594400 
81 -9.583400 
82 -9.573100 
83 -9.549400 
84 -9.641500 
85 -10.176800 
86 -10.772100 
87 -11.409900 
116 -11.910200 
117 -11.800700 
118 -11.730600 
119 -11.685500 
120 -11.595700 
121 -11.593500 

6 -11.965000 
7 -11.914100 
8 -11.950100 
59 -11.675100 
60 -11.682500 
61 -11.881200 
62 -11.768600 
63 -11.646200 
64 -11.514900 
65 -11.631200 
66 -11.802500 
67 -11.951800 
119 -11.855800 
120 -11.648600 
121 -11.593500 

61 -11.881200 
62 -11.992900 
























