1 10.991300 
2 11.026300 
3 11.123300 
4 11.267300 
5 11.436300 
6 11.610300 
7 11.773300 
8 11.911300 
9 12.015300 
10 12.080300 
11 12.102300 
12 12.522300 
13 13.467300 
14 14.550300 
15 15.592300 
16 16.522300 
17 17.306300 
18 17.927300 
19 18.376300 
20 18.647300 
21 18.738300 
22 18.693300 
23 18.557300 
24 18.331300 
25 18.016300 
26 17.615300 
27 17.129300 
28 16.562300 
29 15.918300 
30 15.205300 
31 14.430300 
32 13.606300 
33 12.748300 
34 11.876300 
35 11.015300 
36 10.194300 
37 9.446300 
38 8.808300 
39 8.315300 
40 8.003300 
41 7.896300 
42 7.975300 
43 8.191300 
44 8.496300 
45 8.846300 
46 9.207300 
47 9.557300 
48 9.882300 
49 10.175300 
50 10.432300 
51 10.648300 
52 10.825300 
53 10.960300 
54 11.056300 
55 11.115300 
56 11.138300 
57 11.132300 
58 11.101300 
59 11.056300 
60 11.012300 
61 10.991300 
62 11.145300 
63 11.772300 
64 12.874300 
65 14.189300 
66 15.477300 
67 16.610300 
68 17.527300 
69 18.196300 
70 18.602300 
71 18.738300 
72 18.647300 
73 18.376300 
74 17.927300 
75 17.306300 
76 16.522300 
77 15.592300 
78 14.550300 
79 13.467300 
80 12.522300 
81 12.102300 

1 2.223300 
2 2.971300 
3 3.680300 
4 4.335300 
5 4.923300 
6 5.436300 
7 5.865300 
8 6.204300 
9 6.450300 
10 6.598300 
11 6.648300 
12 6.142300 
13 4.945300 
14 3.470300 
15 1.929300 
16 0.444300 
17 -0.897700 
18 -2.024700 
19 -2.876700 
20 -3.406700 
21 -3.586700 
22 -3.530700 
23 -3.363700 
24 -3.097700 
25 -2.745700 
26 -2.328700 
27 -1.863700 
28 -1.371700 
29 -0.870700 
30 -0.374700 
31 0.103300 
32 0.553300 
33 0.968300 
34 1.343300 
35 1.675300 
36 1.963300 
37 2.206300 
38 2.404300 
39 2.552300 
40 2.646300 
41 2.678300 
42 2.697300 
43 2.752300 
44 2.840300 
45 2.955300 
46 3.088300 
47 3.233300 
48 3.378300 
49 3.514300 
50 3.634300 
51 3.726300 
52 3.786300 
53 3.806300 
54 3.780300 
55 3.707300 
56 3.583300 
57 3.408300 
58 3.182300 
59 2.906300 
60 2.585300 
61 2.223300 
62 3.508300 
63 4.055300 
64 3.765300 
65 2.866300 
66 1.611300 
67 0.189300 
68 -1.226700 
69 -2.449700 
70 -3.287700 
71 -3.586700 
72 -3.406700 
73 -2.876700 
74 -2.024700 
75 -0.897700 
76 0.444300 
77 1.929300 
78 3.470300 
79 4.945300 
80 6.142300 
81 6.648300 

1 2.223300 
2 2.145300 
3 1.922300 
4 1.580300 
5 1.157300 
6 0.696300 
7 0.240300 
8 -0.165700 
9 -0.486700 
10 -0.692700 
11 -0.762700 
12 -0.824700 
13 -1.006700 
14 -1.295700 
15 -1.668700 
16 -2.096700 
17 -2.538700 
18 -2.951700 
19 -3.288700 
20 -3.509700 
21 -3.586700 
22 -3.547700 
23 -3.432700 
24 -3.241700 
25 -2.981700 
26 -2.657700 
27 -2.278700 
28 -1.852700 
29 -1.391700 
30 -0.906700 
31 -0.411700 
32 0.081300 
33 0.559300 
34 1.010300 
35 1.424300 
36 1.790300 
37 2.101300 
38 2.350300 
39 2.531300 
40 2.641300 
41 2.678300 
42 2.697300 
43 2.752300 
44 2.840300 
45 2.955300 
46 3.088300 
47 3.233300 
48 3.378300 
49 3.514300 
50 3.634300 
51 3.726300 
52 3.786300 
53 3.806300 
54 3.780300 
55 3.707300 
56 3.583300 
57 3.408300 
58 3.182300 
59 2.906300 
60 2.585300 
61 2.223300 
62 1.398300 
63 0.490300 
64 -0.431700 
65 -1.298700 
66 -2.049700 
67 -2.649700 
68 -3.088700 
69 -3.376700 
70 -3.536700 
71 -3.586700 
72 -3.509700 
73 -3.288700 
74 -2.951700 
75 -2.538700 
76 -2.096700 
77 -1.668700 
78 -1.295700 
79 -1.006700 
80 -0.824700 
81 -0.762700 

1 2.223300 
2 1.452300 
3 0.678300 
4 -0.079700 
5 -0.797700 
6 -1.454700 
7 -2.027700 
8 -2.496700 
9 -2.845700 
10 -3.060700 
11 -3.132700 
12 -3.144700 
13 -3.177700 
14 -3.228700 
15 -3.292700 
16 -3.362700 
17 -3.432700 
18 -3.494700 
19 -3.544700 
20 -3.575700 
21 -3.586700 
22 -3.547700 
23 -3.432700 
24 -3.241700 
25 -2.981700 
26 -2.657700 
27 -2.278700 
28 -1.852700 
29 -1.391700 
30 -0.906700 
31 -0.411700 
32 0.081300 
33 0.559300 
34 1.010300 
35 1.424300 
36 1.790300 
37 2.101300 
38 2.350300 
39 2.531300 
40 2.641300 
41 2.678300 
42 2.563300 
43 2.239300 
44 1.760300 
45 1.181300 
46 0.550300 
47 -0.094700 
48 -0.717700 
49 -1.284700 
50 -1.763700 
51 -2.124700 
52 -2.340700 
53 -2.392700 
54 -2.268700 
55 -1.968700 
56 -1.504700 
57 -0.896700 
58 -0.178700 
59 0.612300 
60 1.430300 
61 2.223300 
62 1.398300 
63 0.490300 
64 -0.431700 
65 -1.298700 
66 -2.049700 
67 -2.649700 
68 -3.088700 
69 -3.376700 
70 -3.536700 
71 -3.586700 
72 -3.575700 
73 -3.544700 
74 -3.494700 
75 -3.432700 
76 -3.362700 
77 -3.292700 
78 -3.228700 
79 -3.177700 
80 -3.144700 
81 -3.132700 

