1 21.167600 
2 21.163800 
3 21.152700 
4 21.135500 
5 21.113600 
6 21.089200 
7 21.064600 
8 21.042200 
9 21.024400 
10 21.012800 
11 21.008800 
12 21.005500 
13 20.995400 
14 20.978600 
15 20.954900 
16 20.924300 
17 20.886800 
18 20.842400 
19 20.791500 
20 20.734400 
21 20.671900 
22 20.605200 
23 20.535600 
24 20.465100 
25 20.395900 
26 20.330500 
27 20.271900 
28 20.222700 
29 20.185500 
30 20.162200 
31 20.154300 
32 20.186800 
33 20.279800 
34 20.421400 
35 20.594700 
36 20.780500 
37 20.960300 
38 21.117700 
39 21.239800 
40 21.316800 
41 21.343200 
42 21.339000 
43 21.326800 
44 21.307800 
45 21.283600 
46 21.256600 
47 21.229300 
48 21.204600 
49 21.184700 
50 21.172000 
51 21.167600 
52 21.162800 
53 21.148500 
54 21.124800 
55 21.091900 
56 21.049900 
57 20.999400 
58 20.940900 
59 20.875100 
60 20.803300 
61 20.726600 
62 20.646800 
63 20.565800 
64 20.485700 
65 20.409100 
66 20.338300 
67 20.276000 
68 20.224500 
69 20.186100 
70 20.162400 
71 20.154300 
72 20.162200 
73 20.185500 
74 20.222700 
75 20.271900 
76 20.330500 
77 20.395900 
78 20.465100 
79 20.535600 
80 20.605200 
81 20.671900 
82 20.734400 
83 20.791500 
84 20.842400 
85 20.886800 
86 20.924300 
87 20.954900 
88 20.978600 
89 20.995400 
90 21.005500 
91 21.008800 

1 21.167600 
2 21.163800 
3 21.152700 
4 21.135500 
5 21.113600 
6 21.089200 
7 21.064600 
8 21.042200 
9 21.024400 
10 21.012800 
11 21.008800 
12 21.004500 
13 20.991300 
14 20.969500 
15 20.939500 
16 20.901600 
17 20.856300 
18 20.804500 
19 20.746900 
20 20.684800 
21 20.619300 
22 20.552000 
23 20.484600 
24 20.418700 
25 20.356400 
26 20.299500 
27 20.249900 
28 20.209300 
29 20.179100 
30 20.160600 
31 20.154300 
32 20.151600 
33 20.143700 
34 20.131400 
35 20.115900 
36 20.098600 
37 20.081200 
38 20.065400 
39 20.052800 
40 20.044700 
41 20.041900 
42 20.072300 
43 20.159600 
44 20.292900 
45 20.456400 
46 20.632200 
47 20.802900 
48 20.952600 
49 21.069000 
50 21.142400 
51 21.167600 
52 21.161900 
53 21.145100 
54 21.117500 
55 21.079400 
56 21.031700 
57 20.975300 
58 20.911300 
59 20.841000 
60 20.765900 
61 20.687600 
62 20.608100 
63 20.529200 
64 20.453000 
65 20.381600 
66 20.316900 
67 20.261000 
68 20.215500 
69 20.181900 
70 20.161300 
71 20.154300 
72 20.160600 
73 20.179100 
74 20.209300 
75 20.249900 
76 20.299500 
77 20.356400 
78 20.418700 
79 20.484600 
80 20.552000 
81 20.619300 
82 20.684800 
83 20.746900 
84 20.804500 
85 20.856300 
86 20.901600 
87 20.939500 
88 20.969500 
89 20.991300 
90 21.004500 
91 21.008800 

1 19.935800 
2 19.964600 
3 20.047400 
4 20.173800 
5 20.329200 
6 20.496700 
7 20.659600 
8 20.802900 
9 20.914300 
10 20.984800 
11 21.008800 
12 21.004500 
13 20.991300 
14 20.969500 
15 20.939500 
16 20.901600 
17 20.856300 
18 20.804500 
19 20.746900 
20 20.684800 
21 20.619300 
22 20.552000 
23 20.484600 
24 20.418700 
25 20.356400 
26 20.299500 
27 20.249900 
28 20.209300 
29 20.179100 
30 20.160600 
31 20.154300 
32 20.151600 
33 20.143700 
34 20.131400 
35 20.115900 
36 20.098600 
37 20.081200 
38 20.065400 
39 20.052800 
40 20.044700 
41 20.041900 
42 20.039300 
43 20.031900 
44 20.020300 
45 20.005600 
46 19.989200 
47 19.972800 
48 19.957900 
49 19.946100 
50 19.938400 
51 19.935800 
52 19.937100 
53 19.941100 
54 19.947500 
55 19.956400 
56 19.967400 
57 19.980300 
58 19.994900 
59 20.010600 
60 20.027200 
61 20.044300 
62 20.061400 
63 20.078200 
64 20.094100 
65 20.108800 
66 20.122000 
67 20.133200 
68 20.142300 
69 20.148900 
70 20.152900 
71 20.154300 
72 20.160600 
73 20.179100 
74 20.209300 
75 20.249900 
76 20.299500 
77 20.356400 
78 20.418700 
79 20.484600 
80 20.552000 
81 20.619300 
82 20.684800 
83 20.746900 
84 20.804500 
85 20.856300 
86 20.901600 
87 20.939500 
88 20.969500 
89 20.991300 
90 21.004500 
91 21.008800 

1 2.232100 
2 2.208000 
3 2.136400 
4 2.020000 
5 1.864000 
6 1.676300 
7 1.469500 
8 1.262000 
9 1.078900 
10 0.950500 
11 0.904000 
12 0.911900 
13 0.932200 
14 0.956500 
15 0.975200 
16 0.982000 
17 0.976700 
18 0.968400 
19 0.978500 
20 1.041000 
21 1.194500 
22 1.458700 
23 1.816800 
24 2.227500 
25 2.647400 
26 3.043200 
27 3.391500 
28 3.676400 
29 3.887000 
30 4.016100 
31 4.059500 
32 4.002100 
33 3.837200 
34 3.584700 
35 3.270000 
36 2.917200 
37 2.547000 
38 2.180400 
39 1.847700 
40 1.599300 
41 1.504000 
42 1.434100 
43 1.244700 
44 0.991000 
45 0.732400 
46 1.042100 
47 1.449200 
48 1.782800 
49 2.029700 
50 2.181100 
51 2.232100 
52 2.206700 
53 2.131400 
54 2.010600 
55 1.852700 
56 1.675200 
57 1.513700 
58 1.433600 
59 1.492700 
60 1.672800 
61 1.924100 
62 2.212500 
63 2.517200 
64 2.822300 
65 3.114500 
66 3.381900 
67 3.614700 
68 3.804400 
69 3.944600 
70 4.030600 
71 4.059500 
72 4.016100 
73 3.887000 
74 3.676400 
75 3.391500 
76 3.043200 
77 2.647400 
78 2.227500 
79 1.816800 
80 1.458700 
81 1.194500 
82 1.041000 
83 0.978500 
84 0.968400 
85 0.976700 
86 0.982000 
87 0.975200 
88 0.956500 
89 0.932200 
90 0.911900 
91 0.904000 

1 -0.191300 
2 -0.305000 
3 -0.641900 
4 -1.190100 
5 -1.030400 
6 -0.460800 
7 0.019500 
8 0.401600 
9 0.679200 
10 0.847600 
11 0.904000 
12 0.875400 
13 0.789900 
14 0.648600 
15 0.453500 
16 0.207800 
17 -0.083300 
18 -0.410200 
19 -0.753200 
20 -1.062300 
21 -1.210900 
22 -1.073900 
23 -0.761800 
24 -0.410200 
25 -0.073400 
26 0.227600 
27 0.482700 
28 0.686000 
29 0.833700 
30 0.923300 
31 0.953300 
32 0.936900 
33 0.888600 
34 0.811500 
35 0.710500 
36 0.593400 
37 0.469900 
38 0.352400 
39 0.254500 
40 0.189200 
41 0.166200 
42 0.109500 
43 -0.074400 
44 0.095700 
45 0.581200 
46 0.495300 
47 0.281800 
48 0.094400 
49 -0.056600 
50 -0.156300 
51 -0.191300 
52 -0.173600 
53 -0.121500 
54 -0.038200 
55 0.069800 
56 0.188800 
57 0.290100 
58 0.321400 
59 0.248400 
60 0.127500 
61 0.053700 
62 0.076000 
63 0.178700 
64 0.320900 
65 0.470800 
66 0.610600 
67 0.730900 
68 0.827100 
69 0.896900 
70 0.939100 
71 0.953300 
72 0.923300 
73 0.833700 
74 0.686000 
75 0.482700 
76 0.227600 
77 -0.073400 
78 -0.410200 
79 -0.761800 
80 -1.073900 
81 -1.210900 
82 -1.062300 
83 -0.753200 
84 -0.410200 
85 -0.083300 
86 0.207800 
87 0.453500 
88 0.648600 
89 0.789900 
90 0.875400 
91 0.904000 

1 -3.547600 
2 -3.099200 
3 -2.382700 
4 -1.677500 
5 -1.030400 
6 -0.460800 
7 0.019500 
8 0.401600 
9 0.679200 
10 0.847600 
11 0.904000 
12 0.875400 
13 0.789900 
14 0.648600 
15 0.453500 
16 0.207800 
17 -0.083300 
18 -0.410200 
19 -0.753200 
20 -1.062300 
21 -1.210900 
22 -1.073900 
23 -0.761800 
24 -0.410200 
25 -0.073400 
26 0.227600 
27 0.482700 
28 0.686000 
29 0.833700 
30 0.923300 
31 0.953300 
32 0.889800 
33 0.701800 
34 0.400100 
35 0.013100 
36 -0.401100 
37 -0.753300 
38 -0.954400 
39 -0.983900 
40 -0.919000 
41 -0.877500 
42 -0.731500 
43 -0.367800 
44 -0.420700 
45 -0.956100 
46 -1.659700 
47 -2.467000 
48 -3.285200 
49 -3.473600 
50 -3.528400 
51 -3.547600 
52 -3.551200 
53 -3.562400 
54 -3.582500 
55 -3.613400 
56 -3.501000 
57 -3.091900 
58 -2.661600 
59 -2.223900 
60 -1.790100 
61 -1.369000 
62 -0.968100 
63 -0.593500 
64 -0.250600 
65 0.056100 
66 0.322700 
67 0.545700 
68 0.722200 
69 0.850000 
70 0.927400 
71 0.953300 
72 0.923300 
73 0.833700 
74 0.686000 
75 0.482700 
76 0.227600 
77 -0.073400 
78 -0.410200 
79 -0.761800 
80 -1.073900 
81 -1.210900 
82 -1.062300 
83 -0.753200 
84 -0.410200 
85 -0.083300 
86 0.207800 
87 0.453500 
88 0.648600 
89 0.789900 
90 0.875400 
91 0.904000 

1 -3.547600 
2 -3.099200 
3 -2.382700 
4 -1.677500 
5 -1.931200 
6 -2.842700 
7 -3.897900 
8 -5.065500 
9 -5.535000 
10 -5.217000 
11 -5.107000 
12 -5.189900 
13 -5.433500 
14 -5.824900 
15 -5.896500 
16 -5.213900 
17 -4.560600 
18 -3.947700 
19 -3.395000 
20 -2.951300 
21 -2.740300 
22 -2.882700 
23 -3.231600 
24 -3.488700 
25 -3.864300 
26 -4.314100 
27 -4.795500 
28 -5.261900 
29 -5.659400 
30 -5.930200 
31 -6.026800 
32 -5.884300 
33 -5.518300 
34 -5.041800 
35 -4.541500 
36 -4.069400 
37 -3.655900 
38 -3.319600 
39 -3.072300 
40 -2.921300 
41 -2.870500 
42 -2.884900 
43 -2.927400 
44 -2.995100 
45 -3.083100 
46 -3.184700 
47 -3.290800 
48 -3.390900 
49 -3.742300 
50 -3.596700 
51 -3.547600 
52 -3.558900 
53 -3.592800 
54 -3.648900 
55 -3.726700 
56 -3.594600 
57 -3.248800 
58 -2.917800 
59 -2.642000 
60 -2.474800 
61 -2.473200 
62 -2.661500 
63 -3.007900 
64 -3.456700 
65 -3.958600 
66 -4.473600 
67 -4.965500 
68 -5.398400 
69 -5.737200 
70 -5.952800 
71 -6.026800 
72 -5.930200 
73 -5.659400 
74 -5.261900 
75 -4.795500 
76 -4.314100 
77 -3.864300 
78 -3.488700 
79 -3.231600 
80 -2.882700 
81 -2.740300 
82 -2.951300 
83 -3.395000 
84 -3.947700 
85 -4.560600 
86 -5.213900 
87 -5.896500 
88 -5.824900 
89 -5.433500 
90 -5.189900 
91 -5.107000 

1 -4.626800 
2 -5.094100 
3 -5.862700 
4 -6.641400 
5 -7.367700 
6 -7.438000 
7 -6.677000 
8 -6.032700 
9 -6.303500 
10 -7.535000 
11 -8.345600 
12 -7.969500 
13 -7.304100 
14 -6.598300 
15 -5.896500 
16 -5.213900 
17 -4.560600 
18 -3.947700 
19 -3.395000 
20 -2.951300 
21 -2.740300 
22 -2.882700 
23 -3.261100 
24 -3.730500 
25 -4.223900 
26 -4.704200 
27 -5.142300 
28 -5.512600 
29 -5.793000 
30 -5.967600 
31 -6.026800 
32 -5.884300 
33 -5.518300 
34 -5.041800 
35 -4.541500 
36 -4.069400 
37 -3.655900 
38 -3.319600 
39 -3.072300 
40 -2.921300 
41 -2.870500 
42 -2.957800 
43 -3.160900 
44 -3.401100 
45 -3.644800 
46 -3.882500 
47 -4.108200 
48 -3.979800 
49 -3.993600 
50 -4.465300 
51 -4.626800 
52 -4.575900 
53 -4.426100 
54 -4.186500 
55 -3.872000 
56 -3.657500 
57 -3.717300 
58 -3.795200 
59 -3.893500 
60 -4.013900 
61 -4.157400 
62 -4.324300 
63 -4.514100 
64 -4.724600 
65 -4.952300 
66 -5.190900 
67 -5.430700 
68 -5.656800 
69 -5.848400 
70 -5.979700 
71 -6.026800 
72 -5.967600 
73 -5.793000 
74 -5.512600 
75 -5.142300 
76 -4.704200 
77 -4.223900 
78 -3.730500 
79 -3.261100 
80 -2.882700 
81 -2.740300 
82 -2.951300 
83 -3.395000 
84 -3.947700 
85 -4.560600 
86 -5.213900 
87 -5.896500 
88 -6.598300 
89 -7.304100 
90 -7.969500 
91 -8.345600 

1 -4.626800 
2 -5.094100 
3 -5.862700 
4 -6.641400 
5 -7.367700 
6 -8.009000 
7 -8.255500 
8 -8.291400 
9 -8.320300 
10 -8.339100 
11 -8.345600 
12 -7.969500 
13 -7.304100 
14 -6.598300 
15 -6.345200 
16 -6.457100 
17 -5.616000 
18 -4.829000 
19 -4.141200 
20 -3.602100 
21 -3.260200 
22 -3.141300 
23 -3.261100 
24 -3.730500 
25 -4.223900 
26 -4.704200 
27 -5.142300 
28 -5.512600 
29 -5.793000 
30 -5.967600 
31 -6.026800 
32 -6.035000 
33 -6.059100 
34 -6.097100 
35 -6.145600 
36 -6.200500 
37 -6.256600 
38 -6.308200 
39 -6.349900 
40 -6.377100 
41 -6.386500 
42 -6.276600 
43 -5.980900 
44 -5.573300 
45 -5.125300 
46 -4.689500 
47 -4.300200 
48 -4.311700 
49 -4.477700 
50 -4.588000 
51 -4.626800 
52 -4.577800 
53 -4.435200 
54 -4.211300 
55 -3.923900 
56 -3.825400 
57 -3.944100 
58 -4.081400 
59 -4.235600 
60 -4.404700 
61 -4.585900 
62 -4.776200 
63 -4.971700 
64 -5.167700 
65 -5.358800 
66 -5.538600 
67 -5.700300 
68 -5.836300 
69 -5.939800 
70 -6.004700 
71 -6.026800 
72 -5.967600 
73 -5.793000 
74 -5.512600 
75 -5.142300 
76 -4.704200 
77 -4.223900 
78 -3.730500 
79 -3.261100 
80 -3.141300 
81 -3.260200 
82 -3.602100 
83 -4.141200 
84 -4.829000 
85 -5.616000 
86 -6.457100 
87 -6.345200 
88 -6.598300 
89 -7.304100 
90 -7.969500 
91 -8.345600 

1 -8.092400 
2 -8.098300 
3 -8.115600 
4 -8.142700 
5 -8.177300 
6 -8.009000 
7 -8.546100 
8 -8.969800 
9 -9.275800 
10 -9.461300 
11 -9.523500 
12 -9.339400 
13 -8.839400 
14 -8.131800 
15 -7.315700 
16 -6.977900 
17 -7.689600 
18 -8.455200 
19 -9.226300 
20 -9.926900 
21 -10.454300 
22 -10.739300 
23 -10.815700 
24 -10.772000 
25 -10.680600 
26 -10.586000 
27 -10.514600 
28 -10.481900 
29 -10.491000 
30 -10.523900 
31 -10.542700 
32 -10.267900 
33 -9.630500 
34 -8.896000 
35 -8.222700 
36 -7.720600 
37 -7.492600 
38 -7.619200 
39 -8.088800 
40 -8.723700 
41 -9.073300 
42 -9.065500 
43 -9.037900 
44 -8.977900 
45 -8.866300 
46 -8.689800 
47 -8.464900 
48 -8.249600 
49 -8.114900 
50 -8.084000 
51 -8.092400 
52 -8.085600 
53 -8.073000 
54 -8.071400 
55 -8.096300 
56 -8.155900 
57 -8.252000 
58 -8.382800 
59 -8.544600 
60 -8.732800 
61 -8.942200 
62 -9.166900 
63 -9.399800 
64 -9.632500 
65 -9.855400 
66 -10.036000 
67 -10.134900 
68 -10.254400 
69 -10.385600 
70 -10.497300 
71 -10.542700 
72 -10.523900 
73 -10.491000 
74 -10.481900 
75 -10.514600 
76 -10.586000 
77 -10.680600 
78 -10.772000 
79 -10.815700 
80 -10.739300 
81 -10.454300 
82 -9.926900 
83 -9.226300 
84 -8.455200 
85 -7.689600 
86 -6.977900 
87 -7.315700 
88 -8.131800 
89 -8.839400 
90 -9.339400 
91 -9.523500 

1 -11.431600 
2 -10.996800 
3 -10.138400 
4 -9.203000 
5 -8.289200 
6 -8.216100 
7 -8.546100 
8 -8.969800 
9 -9.275800 
10 -9.461300 
11 -9.523500 
12 -9.899200 
13 -10.559100 
14 -11.238900 
15 -11.862400 
22 -11.972000 
23 -11.716900 
24 -11.474600 
25 -11.251200 
26 -11.051000 
27 -10.878000 
28 -10.736300 
29 -10.630500 
30 -10.564900 
31 -10.542700 
32 -10.700500 
33 -11.107700 
34 -11.638800 
36 -11.251900 
37 -10.550500 
38 -9.982100 
39 -9.561400 
40 -9.302100 
41 -9.214500 
42 -9.351600 
43 -9.740300 
44 -10.319000 
45 -11.000400 
46 -11.682800 
47 -11.454300 
48 -11.408700 
49 -11.567500 
50 -11.498600 
51 -11.431600 
52 -11.459500 
53 -11.387400 
54 -11.002500 
55 -10.610200 
56 -10.285300 
57 -10.038600 
58 -9.868400 
59 -9.767300 
60 -9.724700 
61 -9.727600 
62 -9.762600 
63 -9.817100 
64 -9.882000 
65 -9.953900 
66 -10.058400 
67 -10.231900 
68 -10.369000 
69 -10.466300 
70 -10.523800 
71 -10.542700 
72 -10.564900 
73 -10.630500 
74 -10.736300 
75 -10.878000 
76 -11.051000 
77 -11.251200 
78 -11.474600 
79 -11.716900 
80 -11.972000 
87 -11.862400 
88 -11.238900 
89 -10.559100 
90 -9.899200 
91 -9.523500 

8 -11.682000 
9 -11.066500 
10 -10.211700 
11 -9.523500 
12 -9.899200 
13 -10.559100 
14 -11.238900 
15 -11.862400 
22 -11.972000 
23 -11.716900 
24 -11.474600 
25 -11.251200 
26 -11.051000 
27 -10.878000 
28 -10.736300 
29 -10.630500 
30 -10.564900 
31 -10.542700 
32 -10.700500 
33 -11.107700 
34 -11.638800 
46 -11.698400 
48 -11.948700 
49 -11.685200 
50 -11.957000 
53 -11.813500 
54 -11.941200 
67 -11.681800 
68 -11.219700 
69 -10.858000 
70 -10.624100 
71 -10.542700 
72 -10.564900 
73 -10.630500 
74 -10.736300 
75 -10.878000 
76 -11.051000 
77 -11.251200 
78 -11.474600 
79 -11.716900 
80 -11.972000 
87 -11.862400 
88 -11.238900 
89 -10.559100 
90 -9.899200 
91 -9.523500 














