1 21.183000 
2 21.178400 
3 21.165100 
4 21.144200 
5 21.117700 
6 21.088000 
7 21.058100 
8 21.030800 
9 21.009000 
10 20.995000 
11 20.990100 
12 20.986300 
13 20.974900 
14 20.955700 
15 20.928800 
16 20.893800 
17 20.850800 
18 20.799700 
19 20.740900 
20 20.674600 
21 20.601600 
22 20.523300 
23 20.441200 
24 20.357500 
25 20.275100 
26 20.196900 
27 20.126400 
28 20.067000 
29 20.021900 
30 19.993700 
31 19.984100 
32 20.023300 
33 20.135400 
34 20.305500 
35 20.512600 
36 20.733700 
37 20.946700 
38 21.132500 
39 21.276100 
40 21.366600 
41 21.397600 
42 21.392400 
43 21.377700 
44 21.354500 
45 21.325000 
46 21.292100 
47 21.258800 
48 21.228400 
49 21.204100 
50 21.188400 
51 21.183000 
52 21.177500 
53 21.161100 
54 21.133600 
55 21.095500 
56 21.046800 
57 20.988000 
58 20.919800 
59 20.842900 
60 20.758500 
61 20.668200 
62 20.573900 
63 20.477800 
64 20.382500 
65 20.290900 
66 20.206000 
67 20.131000 
68 20.069000 
69 20.022600 
70 19.993800 
71 19.984100 
72 19.993700 
73 20.021900 
74 20.067000 
75 20.126400 
76 20.196900 
77 20.275100 
78 20.357500 
79 20.441200 
80 20.523300 
81 20.601600 
82 20.674600 
83 20.740900 
84 20.799700 
85 20.850800 
86 20.893800 
87 20.928800 
88 20.955700 
89 20.974900 
90 20.986300 
91 20.990100 

1 21.183000 
2 21.178400 
3 21.165100 
4 21.144200 
5 21.117700 
6 21.088000 
7 21.058100 
8 21.030800 
9 21.009000 
10 20.995000 
11 20.990100 
12 20.985100 
13 20.969900 
14 20.944800 
15 20.910200 
16 20.866300 
17 20.813800 
18 20.753600 
19 20.686600 
20 20.614000 
21 20.537200 
22 20.458000 
23 20.378400 
24 20.300300 
25 20.226200 
26 20.158300 
27 20.099000 
28 20.050200 
29 20.014000 
30 19.991600 
31 19.984100 
32 19.980800 
33 19.971300 
34 19.956400 
35 19.937600 
36 19.916600 
37 19.895500 
38 19.876300 
39 19.861100 
40 19.851200 
41 19.847900 
42 19.884400 
43 19.989300 
44 20.148900 
45 20.343800 
46 20.552500 
47 20.754200 
48 20.930700 
49 21.067300 
50 21.153600 
51 21.183000 
52 21.176500 
53 21.156900 
54 21.124700 
55 21.080300 
56 21.024600 
57 20.958600 
58 20.883600 
59 20.801000 
60 20.712500 
61 20.620200 
62 20.526100 
63 20.432500 
64 20.341900 
65 20.256700 
66 20.179400 
67 20.112400 
68 20.057700 
69 20.017300 
70 19.992500 
71 19.984100 
72 19.991600 
73 20.014000 
74 20.050200 
75 20.099000 
76 20.158300 
77 20.226200 
78 20.300300 
79 20.378400 
80 20.458000 
81 20.537200 
82 20.614000 
83 20.686600 
84 20.753600 
85 20.813800 
86 20.866300 
87 20.910200 
88 20.944800 
89 20.969900 
90 20.985100 
91 20.990100 

1 19.719800 
2 19.754300 
3 19.853400 
4 20.004300 
5 20.189100 
6 20.387700 
7 20.580000 
8 20.748500 
9 20.879200 
10 20.961900 
11 20.990100 
12 20.985100 
13 20.969900 
14 20.944800 
15 20.910200 
16 20.866300 
17 20.813800 
18 20.753600 
19 20.686600 
20 20.614000 
21 20.537200 
22 20.458000 
23 20.378400 
24 20.300300 
25 20.226200 
26 20.158300 
27 20.099000 
28 20.050200 
29 20.014000 
30 19.991600 
31 19.984100 
32 19.980800 
33 19.971300 
34 19.956400 
35 19.937600 
36 19.916600 
37 19.895500 
38 19.876300 
39 19.861100 
40 19.851200 
41 19.847900 
42 19.844800 
43 19.835800 
44 19.821800 
45 19.804100 
46 19.784400 
47 19.764500 
48 19.746500 
49 19.732200 
50 19.723000 
51 19.719800 
52 19.721400 
53 19.726200 
54 19.734000 
55 19.744700 
56 19.758100 
57 19.773700 
58 19.791300 
59 19.810300 
60 19.830400 
61 19.851100 
62 19.871800 
63 19.892100 
64 19.911300 
65 19.929100 
66 19.945000 
67 19.958600 
68 19.969500 
69 19.977500 
70 19.982400 
71 19.984100 
72 19.991600 
73 20.014000 
74 20.050200 
75 20.099000 
76 20.158300 
77 20.226200 
78 20.300300 
79 20.378400 
80 20.458000 
81 20.537200 
82 20.614000 
83 20.686600 
84 20.753600 
85 20.813800 
86 20.866300 
87 20.910200 
88 20.944800 
89 20.969900 
90 20.985100 
91 20.990100 

1 2.453000 
2 2.427500 
3 2.351700 
4 2.228500 
5 2.063000 
6 1.863800 
7 1.643700 
8 1.422100 
9 1.226100 
10 1.088200 
11 1.038000 
12 1.045700 
13 1.064900 
14 1.086200 
15 1.098800 
16 1.095000 
17 1.073300 
18 1.041600 
19 1.020300 
20 1.044100 
21 1.156800 
22 1.389400 
23 1.734200 
24 2.149400 
25 2.585600 
26 3.003200 
27 3.374100 
28 3.679300 
29 3.905700 
30 4.044800 
31 4.091700 
32 4.029800 
33 3.853400 
34 3.586500 
35 3.258200 
36 2.894400 
37 2.515200 
38 2.140400 
39 1.800000 
40 1.545900 
41 1.448300 
42 1.373000 
43 1.173400 
44 0.917300 
45 0.665800 
46 1.139300 
47 1.590200 
48 1.958400 
49 2.230300 
50 2.396900 
51 2.453000 
52 2.425000 
53 2.342100 
54 2.208000 
55 2.030600 
56 1.825100 
57 1.622700 
58 1.485300 
59 1.489000 
60 1.637300 
61 1.874900 
62 2.159900 
63 2.467900 
64 2.781400 
65 3.085700 
66 3.367300 
67 3.614500 
68 3.817300 
69 3.967800 
70 4.060500 
71 4.091700 
72 4.044800 
73 3.905700 
74 3.679300 
75 3.374100 
76 3.003200 
77 2.585600 
78 2.149400 
79 1.734200 
80 1.389400 
81 1.156800 
82 1.044100 
83 1.020300 
84 1.041600 
85 1.073300 
86 1.095000 
87 1.098800 
88 1.086200 
89 1.064900 
90 1.045700 
91 1.038000 

1 -0.261800 
2 -0.385500 
3 -0.751600 
4 -1.345700 
5 -1.051200 
6 -0.436200 
7 0.082400 
8 0.495100 
9 0.795000 
10 0.977000 
11 1.038000 
12 1.007500 
13 0.916100 
14 0.765100 
15 0.556400 
16 0.293000 
17 -0.019800 
18 -0.372800 
19 -0.747400 
20 -1.096000 
21 -1.289800 
22 -1.168300 
23 -0.834000 
24 -0.448800 
25 -0.077900 
26 0.254500 
27 0.536700 
28 0.761900 
29 0.925700 
30 1.025200 
31 1.058500 
32 1.041000 
33 0.989400 
34 0.906800 
35 0.798700 
36 0.673000 
37 0.540300 
38 0.413700 
39 0.308000 
40 0.237400 
41 0.212600 
42 0.149600 
43 -0.057900 
44 0.078800 
45 0.625500 
46 0.435400 
47 0.223400 
48 0.033400 
49 -0.121900 
50 -0.225300 
51 -0.261800 
52 -0.243300 
53 -0.188900 
54 -0.101700 
55 0.012400 
56 0.141400 
57 0.260900 
58 0.321900 
59 0.272600 
60 0.150900 
61 0.065100 
62 0.083500 
63 0.195500 
64 0.354600 
65 0.522800 
66 0.679100 
67 0.813000 
68 0.919500 
69 0.996500 
70 1.043000 
71 1.058500 
72 1.025200 
73 0.925700 
74 0.761900 
75 0.536700 
76 0.254500 
77 -0.077900 
78 -0.448800 
79 -0.834000 
80 -1.168300 
81 -1.289800 
82 -1.096000 
83 -0.747400 
84 -0.372800 
85 -0.019800 
86 0.293000 
87 0.556400 
88 0.765100 
89 0.916100 
90 1.007500 
91 1.038000 

1 -3.742600 
2 -3.275700 
3 -2.509000 
4 -1.749300 
5 -1.051200 
6 -0.436200 
7 0.082400 
8 0.495100 
9 0.795000 
10 0.977000 
11 1.038000 
12 1.007500 
13 0.916100 
14 0.765100 
15 0.556400 
16 0.293000 
17 -0.019800 
18 -0.372800 
19 -0.747400 
20 -1.096000 
21 -1.289800 
22 -1.168300 
23 -0.834000 
24 -0.448800 
25 -0.077900 
26 0.254500 
27 0.536700 
28 0.761900 
29 0.925700 
30 1.025200 
31 1.058500 
32 0.987200 
33 0.775500 
34 0.433600 
35 -0.007500 
36 -0.482900 
37 -0.889800 
38 -1.126000 
39 -1.168200 
40 -1.103500 
41 -1.060800 
42 -0.882200 
43 -0.452600 
44 -0.454600 
45 -1.064800 
46 -1.851800 
47 -2.739100 
48 -3.570400 
49 -3.661200 
50 -3.721500 
51 -3.742600 
52 -3.746300 
53 -3.758100 
54 -3.779300 
55 -3.812000 
56 -3.839600 
57 -3.399300 
58 -2.932400 
59 -2.454700 
60 -1.979300 
61 -1.516400 
62 -1.074500 
63 -0.660700 
64 -0.281000 
65 0.059300 
66 0.355500 
67 0.603800 
68 0.800500 
69 0.943200 
70 1.029600 
71 1.058500 
72 1.025200 
73 0.925700 
74 0.761900 
75 0.536700 
76 0.254500 
77 -0.077900 
78 -0.448800 
79 -0.834000 
80 -1.168300 
81 -1.289800 
82 -1.096000 
83 -0.747400 
84 -0.372800 
85 -0.019800 
86 0.293000 
87 0.556400 
88 0.765100 
89 0.916100 
90 1.007500 
91 1.038000 

1 -3.742600 
2 -3.275700 
3 -2.509000 
4 -1.749300 
5 -2.146500 
6 -3.127900 
7 -4.260100 
8 -5.508800 
9 -5.577500 
10 -5.239800 
11 -5.122900 
12 -5.211000 
13 -5.470000 
14 -5.886100 
15 -6.379800 
16 -5.644800 
17 -4.938300 
18 -4.271800 
19 -3.664400 
20 -3.162700 
21 -2.893000 
22 -3.011800 
23 -3.409900 
24 -3.696700 
25 -4.087800 
26 -4.566500 
27 -5.085400 
28 -5.593700 
29 -6.031700 
30 -6.333300 
31 -6.441500 
32 -6.282500 
33 -5.877200 
34 -5.354900 
35 -4.810200 
36 -4.298300 
37 -3.851200 
38 -3.488000 
39 -3.221100 
40 -3.058200 
41 -3.003400 
42 -3.019000 
43 -3.065100 
44 -3.138500 
45 -3.234200 
46 -3.344800 
47 -3.460800 
48 -3.623500 
49 -3.952900 
50 -3.795600 
51 -3.742600 
52 -3.754700 
53 -3.791000 
54 -3.851200 
55 -3.934700 
56 -3.858900 
57 -3.566500 
58 -3.199300 
59 -2.881100 
60 -2.669800 
61 -2.632400 
62 -2.805400 
63 -3.160300 
64 -3.635100 
65 -4.173400 
66 -4.730800 
67 -5.267300 
68 -5.743000 
69 -6.118300 
70 -6.358800 
71 -6.441500 
72 -6.333300 
73 -6.031700 
74 -5.593700 
75 -5.085400 
76 -4.566500 
77 -4.087800 
78 -3.696700 
79 -3.409900 
80 -3.011800 
81 -2.893000 
82 -3.162700 
83 -3.664400 
84 -4.271800 
85 -4.938300 
86 -5.644800 
87 -6.379800 
88 -5.886100 
89 -5.470000 
90 -5.211000 
91 -5.122900 

1 -5.012400 
2 -5.502600 
3 -6.334100 
4 -7.185200 
5 -7.981000 
6 -7.593900 
7 -6.787700 
8 -6.105200 
9 -6.828500 
10 -8.135000 
11 -8.979400 
12 -8.590700 
13 -7.886700 
14 -7.132800 
15 -6.379800 
16 -5.644800 
17 -4.938300 
18 -4.271800 
19 -3.664400 
20 -3.162700 
21 -2.893000 
22 -3.011800 
23 -3.409900 
24 -3.916100 
25 -4.452400 
26 -4.977500 
27 -5.459300 
28 -5.868800 
29 -6.180600 
30 -6.375300 
31 -6.441500 
32 -6.282500 
33 -5.877200 
34 -5.354900 
35 -4.810200 
36 -4.298300 
37 -3.851200 
38 -3.488000 
39 -3.221100 
40 -3.058200 
41 -3.003400 
42 -3.116100 
43 -3.365700 
44 -3.646900 
45 -3.923600 
46 -4.188700 
47 -4.438500 
48 -4.209600 
49 -4.371800 
50 -4.852900 
51 -5.012400 
52 -4.961500 
53 -4.810100 
54 -4.563800 
55 -4.234400 
56 -3.940200 
57 -3.922800 
58 -4.006300 
59 -4.111900 
60 -4.241500 
61 -4.396300 
62 -4.576600 
63 -4.781900 
64 -5.010200 
65 -5.257700 
66 -5.517800 
67 -5.780400 
68 -6.029500 
69 -6.242000 
70 -6.388600 
71 -6.441500 
72 -6.375300 
73 -6.180600 
74 -5.868800 
75 -5.459300 
76 -4.977500 
77 -4.452400 
78 -3.916100 
79 -3.409900 
80 -3.011800 
81 -2.893000 
82 -3.162700 
83 -3.664400 
84 -4.271800 
85 -4.938300 
86 -5.644800 
87 -6.379800 
88 -7.132800 
89 -7.886700 
90 -8.590700 
91 -8.979400 

1 -5.012400 
2 -5.502600 
3 -6.334100 
4 -7.185200 
5 -7.981000 
6 -8.682100 
7 -8.878600 
8 -8.918800 
9 -8.951200 
10 -8.972100 
11 -8.979400 
12 -8.590700 
13 -7.886700 
14 -7.132800 
15 -6.439700 
16 -7.065800 
17 -6.186100 
18 -5.334000 
19 -4.576600 
20 -3.965100 
21 -3.554300 
22 -3.381900 
23 -3.443400 
24 -3.916100 
25 -4.452400 
26 -4.977500 
27 -5.459300 
28 -5.868800 
29 -6.180600 
30 -6.375300 
31 -6.441500 
32 -6.450600 
33 -6.477200 
34 -6.519000 
35 -6.572600 
36 -6.633300 
37 -6.695400 
38 -6.752700 
39 -6.799000 
40 -6.829200 
41 -6.839600 
42 -6.717400 
43 -6.389900 
44 -5.941700 
45 -5.452300 
46 -4.978400 
47 -4.556300 
48 -4.663300 
49 -4.847000 
50 -4.969300 
51 -5.012400 
52 -4.962800 
53 -4.817800 
54 -4.588000 
55 -4.288900 
56 -4.040700 
57 -4.168300 
58 -4.316100 
59 -4.482400 
60 -4.664900 
61 -4.861000 
62 -5.067400 
63 -5.280000 
64 -5.493900 
65 -5.703000 
66 -5.900700 
67 -6.079000 
68 -6.229700 
69 -6.344700 
70 -6.416900 
71 -6.441500 
72 -6.375300 
73 -6.180600 
74 -5.868800 
75 -5.459300 
76 -4.977500 
77 -4.452400 
78 -3.916100 
79 -3.443400 
80 -3.381900 
81 -3.554300 
82 -3.965100 
83 -4.576600 
84 -5.334000 
85 -6.186100 
86 -7.065800 
87 -6.439700 
88 -7.132800 
89 -7.886700 
90 -8.590700 
91 -8.979400 

1 -8.696800 
2 -8.703400 
3 -8.722600 
4 -8.752800 
5 -8.497300 
6 -8.682100 
7 -9.265900 
8 -9.722900 
9 -10.050800 
10 -10.248600 
11 -10.314700 
12 -10.123900 
13 -9.603100 
14 -8.861100 
15 -7.999100 
16 -7.133800 
17 -7.872500 
18 -8.694700 
19 -9.533200 
20 -10.313800 
21 -10.927200 
22 -11.281600 
23 -11.394300 
24 -11.360500 
25 -11.264000 
26 -11.156100 
27 -11.066100 
28 -11.010900 
29 -10.995500 
30 -11.007700 
31 -11.017800 
32 -10.732500 
33 -10.069200 
34 -9.303300 
35 -8.602000 
36 -8.083500 
37 -7.862500 
38 -8.031700 
39 -8.583700 
40 -9.331700 
41 -9.388200 
42 -9.538800 
43 -9.708600 
44 -9.625700 
45 -9.476600 
46 -9.252100 
47 -8.985200 
48 -8.754600 
49 -8.643300 
50 -8.661500 
51 -8.696800 
52 -8.675500 
53 -8.625700 
54 -8.578200 
55 -8.560100 
56 -8.585800 
57 -8.658400 
58 -8.774900 
59 -8.930100 
60 -9.117600 
61 -9.331100 
62 -9.563500 
63 -9.806900 
64 -10.051900 
65 -10.287900 
66 -10.503500 
67 -10.638400 
68 -10.749900 
69 -10.871600 
70 -10.975400 
71 -11.017800 
72 -11.007700 
73 -10.995500 
74 -11.010900 
75 -11.066100 
76 -11.156100 
77 -11.264000 
78 -11.360500 
79 -11.394300 
80 -11.281600 
81 -10.927200 
82 -10.313800 
83 -9.533200 
84 -8.694700 
85 -7.872500 
86 -7.133800 
87 -7.999100 
88 -8.861100 
89 -9.603100 
90 -10.123900 
91 -10.314700 

1 -11.941000 
2 -11.429700 
3 -10.479400 
4 -9.471500 
5 -8.791300 
6 -8.834600 
7 -9.265900 
8 -9.722900 
9 -10.050800 
10 -10.248600 
11 -10.314700 
12 -10.702200 
13 -11.397500 
25 -11.813000 
26 -11.588600 
27 -11.394600 
28 -11.235500 
29 -11.116600 
30 -11.042800 
31 -11.017800 
32 -11.189600 
33 -11.627000 
36 -11.535400 
37 -10.797200 
38 -10.198300 
39 -9.754500 
40 -9.480800 
41 -9.758800 
42 -9.747600 
43 -9.965800 
44 -10.601400 
45 -11.349800 
51 -11.941000 
52 -11.974100 
53 -11.966200 
54 -11.597000 
55 -11.158900 
56 -10.792400 
57 -10.514900 
58 -10.325200 
59 -10.215500 
60 -10.173200 
61 -10.183800 
62 -10.231500 
63 -10.300600 
64 -10.378600 
65 -10.459000 
66 -10.543300 
67 -10.688100 
68 -10.833900 
69 -10.937100 
70 -10.997800 
71 -11.017800 
72 -11.042800 
73 -11.116600 
74 -11.235500 
75 -11.394600 
76 -11.588600 
77 -11.813000 
89 -11.397500 
90 -10.702200 
91 -10.314700 

9 -11.953800 
10 -11.034100 
11 -10.314700 
12 -10.702200 
13 -11.397500 
25 -11.813000 
26 -11.588600 
27 -11.394600 
28 -11.235500 
29 -11.116600 
30 -11.042800 
31 -11.017800 
32 -11.189600 
33 -11.627000 
68 -11.752200 
69 -11.361100 
70 -11.106700 
71 -11.017800 
72 -11.042800 
73 -11.116600 
74 -11.235500 
75 -11.394600 
76 -11.588600 
77 -11.813000 
89 -11.397500 
90 -10.702200 
91 -10.314700 














