1 21.179100 
2 21.176300 
3 21.168200 
4 21.155600 
5 21.139500 
6 21.121700 
7 21.103700 
8 21.087400 
9 21.074400 
10 21.066000 
11 21.063200 
12 21.060400 
13 21.052200 
14 21.038600 
15 21.019400 
16 20.994800 
17 20.964700 
18 20.929500 
19 20.889200 
20 20.844400 
21 20.795800 
22 20.744200 
23 20.690900 
24 20.637200 
25 20.585000 
26 20.536100 
27 20.492500 
28 20.456100 
29 20.428700 
30 20.411600 
31 20.405800 
32 20.429900 
33 20.499000 
34 20.604700 
35 20.734900 
36 20.875400 
37 21.012300 
38 21.132900 
39 21.226700 
40 21.286100 
41 21.306300 
42 21.303300 
43 21.294400 
44 21.280600 
45 21.263000 
46 21.243400 
47 21.223700 
48 21.205800 
49 21.191500 
50 21.182300 
51 21.179100 
52 21.175400 
53 21.164000 
54 21.145300 
55 21.119300 
56 21.086400 
57 21.046900 
58 21.001200 
59 20.950200 
60 20.894800 
61 20.835900 
62 20.774900 
63 20.713300 
64 20.652800 
65 20.595100 
66 20.542200 
67 20.495800 
68 20.457700 
69 20.429300 
70 20.411800 
71 20.405800 
72 20.411600 
73 20.428700 
74 20.456100 
75 20.492500 
76 20.536100 
77 20.585000 
78 20.637200 
79 20.690900 
80 20.744200 
81 20.795800 
82 20.844400 
83 20.889200 
84 20.929500 
85 20.964700 
86 20.994800 
87 21.019400 
88 21.038600 
89 21.052200 
90 21.060400 
91 21.063200 

1 21.179100 
2 21.176300 
3 21.168200 
4 21.155600 
5 21.139500 
6 21.121700 
7 21.103700 
8 21.087400 
9 21.074400 
10 21.066000 
11 21.063200 
12 21.059700 
13 21.049200 
14 21.032000 
15 21.008200 
16 20.978300 
17 20.942700 
18 20.902100 
19 20.857200 
20 20.808900 
21 20.758300 
22 20.706600 
23 20.654900 
24 20.604800 
25 20.557600 
26 20.514600 
27 20.477300 
28 20.446900 
29 20.424300 
30 20.410500 
31 20.405800 
32 20.403800 
33 20.398000 
34 20.388900 
35 20.377300 
36 20.364500 
37 20.351700 
38 20.340000 
39 20.330800 
40 20.324800 
41 20.322700 
42 20.345400 
43 20.410700 
44 20.510900 
45 20.634400 
46 20.768000 
47 20.898300 
48 21.013300 
49 21.102900 
50 21.159700 
51 21.179100 
52 21.174700 
53 21.161600 
54 21.140100 
55 21.110500 
56 21.073500 
57 21.029800 
58 20.980300 
59 20.926100 
60 20.868400 
61 20.808400 
62 20.747700 
63 20.687700 
64 20.630000 
65 20.576100 
66 20.527400 
67 20.485500 
68 20.451500 
69 20.426400 
70 20.411000 
71 20.405800 
72 20.410500 
73 20.424300 
74 20.446900 
75 20.477300 
76 20.514600 
77 20.557600 
78 20.604800 
79 20.654900 
80 20.706600 
81 20.758300 
82 20.808900 
83 20.857200 
84 20.902100 
85 20.942700 
86 20.978300 
87 21.008200 
88 21.032000 
89 21.049200 
90 21.059700 
91 21.063200 

1 20.244100 
2 20.265700 
3 20.327800 
4 20.423300 
5 20.541100 
6 20.668800 
7 20.793700 
8 20.903900 
9 20.989900 
10 21.044500 
11 21.063200 
12 21.059700 
13 21.049200 
14 21.032000 
15 21.008200 
16 20.978300 
17 20.942700 
18 20.902100 
19 20.857200 
20 20.808900 
21 20.758300 
22 20.706600 
23 20.654900 
24 20.604800 
25 20.557600 
26 20.514600 
27 20.477300 
28 20.446900 
29 20.424300 
30 20.410500 
31 20.405800 
32 20.403800 
33 20.398000 
34 20.388900 
35 20.377300 
36 20.364500 
37 20.351700 
38 20.340000 
39 20.330800 
40 20.324800 
41 20.322700 
42 20.320800 
43 20.315300 
44 20.306700 
45 20.295800 
46 20.283600 
47 20.271500 
48 20.260400 
49 20.251700 
50 20.246000 
51 20.244100 
52 20.245100 
53 20.248000 
54 20.252800 
55 20.259300 
56 20.267500 
57 20.277000 
58 20.287700 
59 20.299400 
60 20.311700 
61 20.324300 
62 20.337000 
63 20.349400 
64 20.361200 
65 20.372100 
66 20.381800 
67 20.390200 
68 20.396900 
69 20.401800 
70 20.404800 
71 20.405800 
72 20.410500 
73 20.424300 
74 20.446900 
75 20.477300 
76 20.514600 
77 20.557600 
78 20.604800 
79 20.654900 
80 20.706600 
81 20.758300 
82 20.808900 
83 20.857200 
84 20.902100 
85 20.942700 
86 20.978300 
87 21.008200 
88 21.032000 
89 21.049200 
90 21.059700 
91 21.063200 

1 1.909000 
2 1.886900 
3 1.821400 
4 1.715300 
5 1.573200 
6 1.402700 
7 1.215700 
8 1.028900 
9 0.865100 
10 0.750800 
11 0.709500 
12 0.717500 
13 0.738600 
14 0.766100 
15 0.792300 
16 0.812800 
17 0.829400 
18 0.853300 
19 0.906800 
20 1.021800 
21 1.226800 
22 1.526000 
23 1.893900 
24 2.292200 
25 2.686200 
26 3.050400 
27 3.367000 
28 3.623900 
29 3.812800 
30 3.928200 
31 3.967000 
32 3.915600 
33 3.767000 
34 3.536000 
35 3.242900 
36 2.909300 
37 2.555500 
38 2.203300 
39 1.883000 
40 1.644000 
41 1.552100 
42 1.489700 
43 1.316700 
44 1.073600 
45 0.812300 
46 0.893000 
47 1.238400 
48 1.523300 
49 1.735000 
50 1.865100 
51 1.909000 
52 1.887100 
53 1.822800 
54 1.720700 
55 1.591200 
56 1.455600 
57 1.357300 
58 1.359300 
59 1.485500 
60 1.700000 
61 1.963700 
62 2.251700 
63 2.547000 
64 2.836500 
65 3.109000 
66 3.355100 
67 3.567000 
68 3.738400 
69 3.864200 
70 3.941100 
71 3.967000 
72 3.928200 
73 3.812800 
74 3.623900 
75 3.367000 
76 3.050400 
77 2.686200 
78 2.292200 
79 1.893900 
80 1.526000 
81 1.226800 
82 1.021800 
83 0.906800 
84 0.853300 
85 0.829400 
86 0.812800 
87 0.792300 
88 0.766100 
89 0.738600 
90 0.717500 
91 0.709500 

1 -0.107400 
2 -0.207500 
3 -0.504500 
4 -0.989300 
5 -1.004800 
6 -0.499800 
7 -0.074100 
8 0.264500 
9 0.510400 
10 0.659500 
11 0.709500 
12 0.683700 
13 0.606700 
14 0.479400 
15 0.303900 
16 0.083500 
17 -0.176400 
18 -0.465900 
19 -0.763700 
20 -1.017000 
21 -1.106900 
22 -0.956800 
23 -0.677300 
24 -0.371600 
25 -0.081200 
26 0.177300 
27 0.395900 
28 0.569700 
29 0.695700 
30 0.772100 
31 0.797600 
32 0.782800 
33 0.739400 
34 0.670000 
35 0.579400 
36 0.474500 
37 0.364300 
38 0.259700 
39 0.172800 
40 0.115000 
41 0.094700 
42 0.046200 
43 -0.108200 
44 0.105200 
45 0.505900 
46 0.567900 
47 0.351500 
48 0.166500 
49 0.020700 
50 -0.074300 
51 -0.107400 
52 -0.090700 
53 -0.041600 
54 0.036300 
55 0.135300 
56 0.238000 
57 0.308100 
58 0.295200 
59 0.196900 
60 0.082300 
61 0.023700 
62 0.048900 
63 0.138400 
64 0.258700 
65 0.385200 
66 0.503600 
67 0.606200 
68 0.688700 
69 0.748900 
70 0.785400 
71 0.797600 
72 0.772100 
73 0.695700 
74 0.569700 
75 0.395900 
76 0.177300 
77 -0.081200 
78 -0.371600 
79 -0.677300 
80 -0.956800 
81 -1.106900 
82 -1.017000 
83 -0.763700 
84 -0.465900 
85 -0.176400 
86 0.083500 
87 0.303900 
88 0.479400 
89 0.606700 
90 0.683700 
91 0.709500 

1 -3.267900 
2 -2.847600 
3 -2.205100 
4 -1.578600 
5 -1.004800 
6 -0.499800 
7 -0.074100 
8 0.264500 
9 0.510400 
10 0.659500 
11 0.709500 
12 0.683700 
13 0.606700 
14 0.479400 
15 0.303900 
16 0.083500 
17 -0.176400 
18 -0.465900 
19 -0.763700 
20 -1.017000 
21 -1.106900 
22 -0.956800 
23 -0.677300 
24 -0.371600 
25 -0.081200 
26 0.177300 
27 0.395900 
28 0.569700 
29 0.695700 
30 0.772100 
31 0.797600 
32 0.744400 
33 0.587600 
34 0.338000 
35 0.021100 
36 -0.314500 
37 -0.595500 
38 -0.750100 
39 -0.761800 
40 -0.695800 
41 -0.655900 
42 -0.547700 
43 -0.267300 
44 -0.392600 
45 -0.832000 
46 -1.421800 
47 -2.116500 
48 -2.839300 
49 -3.204300 
50 -3.251400 
51 -3.267900 
52 -3.271300 
53 -3.281800 
54 -3.300400 
55 -3.328800 
56 -3.051200 
57 -2.686600 
58 -2.307400 
59 -1.924800 
60 -1.547800 
61 -1.183800 
62 -0.838700 
63 -0.517500 
64 -0.224300 
65 0.037100 
66 0.263800 
67 0.452900 
68 0.602400 
69 0.710400 
70 0.775800 
71 0.797600 
72 0.772100 
73 0.695700 
74 0.569700 
75 0.395900 
76 0.177300 
77 -0.081200 
78 -0.371600 
79 -0.677300 
80 -0.956800 
81 -1.106900 
82 -1.017000 
83 -0.763700 
84 -0.465900 
85 -0.176400 
86 0.083500 
87 0.303900 
88 0.479400 
89 0.606700 
90 0.683700 
91 0.709500 

1 -3.267900 
2 -2.847600 
3 -2.205100 
4 -1.578600 
5 -1.647600 
6 -2.461000 
7 -3.407300 
8 -4.459100 
9 -5.483600 
10 -5.194700 
11 -5.095000 
12 -5.170100 
13 -5.391000 
14 -5.745800 
15 -5.231000 
16 -4.623200 
17 -4.045100 
18 -3.507600 
19 -3.031600 
20 -2.668100 
21 -2.532700 
22 -2.697300 
23 -2.945200 
24 -3.200800 
25 -3.550200 
26 -3.956300 
27 -4.382800 
28 -4.789100 
29 -5.129600 
30 -5.358000 
31 -5.438600 
32 -5.318800 
33 -5.006800 
34 -4.594800 
35 -4.157300 
36 -3.741600 
37 -3.375900 
38 -3.077800 
39 -2.858200 
40 -2.723900 
41 -2.678800 
42 -2.691500 
43 -2.728800 
44 -2.788200 
45 -2.865300 
46 -2.953900 
47 -3.046200 
48 -3.132900 
49 -3.440600 
50 -3.311500 
51 -3.267900 
52 -3.278100 
53 -3.308400 
54 -3.358600 
55 -3.387200 
56 -3.134500 
57 -2.830900 
58 -2.551900 
59 -2.334400 
60 -2.224300 
61 -2.264800 
62 -2.465800 
63 -2.794100 
64 -3.202800 
65 -3.651200 
66 -4.105300 
67 -4.533900 
68 -4.906500 
69 -5.194800 
70 -5.376600 
71 -5.438600 
72 -5.358000 
73 -5.129600 
74 -4.789100 
75 -4.382800 
76 -3.956300 
77 -3.550200 
78 -3.200800 
79 -2.945200 
80 -2.697300 
81 -2.532700 
82 -2.668100 
83 -3.031600 
84 -3.507600 
85 -4.045100 
86 -4.623200 
87 -5.231000 
88 -5.745800 
89 -5.391000 
90 -5.170100 
91 -5.095000 

1 -4.099100 
2 -4.533000 
3 -5.213000 
4 -5.893100 
5 -6.526100 
6 -7.087300 
7 -6.524200 
8 -5.936700 
9 -5.579300 
10 -6.699900 
11 -7.454000 
12 -7.100900 
13 -6.494800 
14 -5.859100 
15 -5.231000 
16 -4.623200 
17 -4.045100 
18 -3.507600 
19 -3.031600 
20 -2.668100 
21 -2.532700 
22 -2.697300 
23 -3.044200 
24 -3.460700 
25 -3.893200 
26 -4.310500 
27 -4.687700 
28 -5.003800 
29 -5.241600 
30 -5.388800 
31 -5.438600 
32 -5.318800 
33 -5.006800 
34 -4.594800 
35 -4.157300 
36 -3.741600 
37 -3.375900 
38 -3.077800 
39 -2.858200 
40 -2.723900 
41 -2.678800 
42 -2.738000 
43 -2.884600 
44 -3.070100 
45 -3.267800 
46 -3.466400 
47 -3.657600 
48 -3.650900 
49 -3.486400 
50 -3.937800 
51 -4.099100 
52 -4.049100 
53 -3.904300 
54 -3.677700 
55 -3.428200 
56 -3.369000 
57 -3.423100 
58 -3.493300 
59 -3.581300 
60 -3.688600 
61 -3.816300 
62 -3.964300 
63 -4.132000 
64 -4.317400 
65 -4.517100 
66 -4.725100 
67 -4.932600 
68 -5.126500 
69 -5.289100 
70 -5.399300 
71 -5.438600 
72 -5.388800 
73 -5.241600 
74 -5.003800 
75 -4.687700 
76 -4.310500 
77 -3.893200 
78 -3.460700 
79 -3.044200 
80 -2.697300 
81 -2.532700 
82 -2.668100 
83 -3.031600 
84 -3.507600 
85 -4.045100 
86 -4.623200 
87 -5.231000 
88 -5.859100 
89 -6.494800 
90 -7.100900 
91 -7.454000 

1 -4.099100 
2 -4.533000 
3 -5.213000 
4 -5.893100 
5 -6.526100 
6 -7.087300 
7 -7.378200 
8 -7.408600 
9 -7.432900 
10 -7.448600 
11 -7.454000 
12 -7.100900 
13 -6.494800 
14 -5.859100 
15 -6.211700 
16 -5.603100 
17 -4.846600 
18 -4.152600 
19 -3.563900 
20 -3.125900 
21 -2.876000 
22 -2.823600 
23 -3.044200 
24 -3.460700 
25 -3.893200 
26 -4.310500 
27 -4.687700 
28 -5.003800 
29 -5.241600 
30 -5.388800 
31 -5.438600 
32 -5.445700 
33 -5.466400 
34 -5.499000 
35 -5.540600 
36 -5.587600 
37 -5.635400 
38 -5.679400 
39 -5.714800 
40 -5.737900 
41 -5.745900 
42 -5.652800 
43 -5.400500 
44 -5.049000 
45 -4.659100 
46 -4.277000 
47 -3.934100 
48 -3.831000 
49 -3.972500 
50 -4.066100 
51 -4.099100 
52 -4.051400 
53 -3.913700 
54 -3.700800 
55 -3.433200 
56 -3.516400 
57 -3.622300 
58 -3.744500 
59 -3.881500 
60 -4.031200 
61 -4.191300 
62 -4.358800 
63 -4.530100 
64 -4.701100 
65 -4.866900 
66 -5.022100 
67 -5.160800 
68 -5.277000 
69 -5.365000 
70 -5.419900 
71 -5.438600 
72 -5.388800 
73 -5.241600 
74 -5.003800 
75 -4.687700 
76 -4.310500 
77 -3.893200 
78 -3.460700 
79 -3.044200 
80 -2.823600 
81 -2.876000 
82 -3.125900 
83 -3.563900 
84 -4.152600 
85 -4.846600 
86 -5.603100 
87 -6.211700 
88 -5.859100 
89 -6.494800 
90 -7.100900 
91 -7.454000 

1 -7.240200 
2 -7.245300 
3 -7.260000 
4 -7.283000 
5 -7.312200 
6 -7.217700 
7 -7.561300 
8 -7.938900 
9 -8.214200 
10 -8.382000 
11 -8.438500 
12 -8.264000 
13 -7.793600 
14 -7.135300 
15 -6.390000 
16 -6.789600 
17 -7.430700 
18 -8.111600 
19 -8.781300 
20 -9.363000 
21 -9.768400 
22 -9.962100 
23 -9.994000 
24 -9.940200 
25 -9.857900 
26 -9.783000 
27 -9.738100 
28 -9.736600 
29 -9.778000 
30 -9.837600 
31 -9.867200 
32 -9.607600 
33 -9.007600 
34 -8.317000 
35 -7.681900 
36 -7.199900 
37 -6.958500 
38 -7.021600 
39 -7.372600 
40 -7.850700 
41 -8.102000 
42 -8.097800 
43 -8.082500 
44 -8.047200 
45 -7.977500 
46 -7.858400 
47 -7.689600 
48 -7.501500 
49 -7.346800 
50 -7.262400 
51 -7.240200 
52 -7.250200 
53 -7.281000 
54 -7.334700 
55 -7.413100 
56 -7.516900 
57 -7.645300 
58 -7.797100 
59 -7.970200 
60 -8.161500 
61 -8.367700 
62 -8.583900 
63 -8.804600 
64 -9.022700 
65 -9.230000 
66 -9.317200 
67 -9.423000 
68 -9.553900 
69 -9.697300 
70 -9.818200 
71 -9.867200 
72 -9.837600 
73 -9.778000 
74 -9.736600 
75 -9.738100 
76 -9.783000 
77 -9.857900 
78 -9.940200 
79 -9.994000 
80 -9.962100 
81 -9.768400 
82 -9.363000 
83 -8.781300 
84 -8.111600 
85 -7.430700 
86 -6.789600 
87 -6.390000 
88 -7.135300 
89 -7.793600 
90 -8.264000 
91 -8.438500 

1 -10.697500 
2 -10.361300 
3 -9.638500 
4 -8.813000 
5 -7.990600 
6 -7.345000 
7 -7.561300 
8 -7.938900 
9 -8.214200 
10 -8.382000 
11 -8.438500 
12 -8.792600 
13 -9.397800 
14 -10.018300 
15 -10.592600 
16 -11.068900 
17 -11.393600 
18 -11.537900 
19 -11.524000 
20 -11.404600 
21 -11.228600 
22 -11.028500 
23 -10.824300 
24 -10.627700 
25 -10.445300 
26 -10.281800 
27 -10.140500 
28 -10.024900 
29 -9.938700 
30 -9.885300 
31 -9.867200 
32 -10.005500 
33 -10.368900 
34 -10.855700 
35 -11.380800 
36 -10.835500 
37 -10.188200 
38 -9.664400 
39 -9.277400 
40 -9.039200 
41 -8.958800 
42 -9.076900 
43 -9.412000 
44 -9.911000 
45 -10.499100 
46 -10.814700 
47 -10.510500 
48 -10.398300 
49 -10.477700 
50 -10.725500 
51 -10.697500 
52 -10.696800 
53 -10.439500 
54 -10.103700 
55 -9.793800 
56 -9.535200 
57 -9.335700 
58 -9.194900 
59 -9.107700 
60 -9.066000 
61 -9.060300 
62 -9.080700 
63 -9.118900 
64 -9.170400 
65 -9.235000 
66 -9.417800 
67 -9.578100 
68 -9.705100 
69 -9.795600 
70 -9.849400 
71 -9.867200 
72 -9.885300 
73 -9.938700 
74 -10.024900 
75 -10.140500 
76 -10.281800 
77 -10.445300 
78 -10.627700 
79 -10.824300 
80 -11.028500 
81 -11.228600 
82 -11.404600 
83 -11.524000 
84 -11.537900 
85 -11.393600 
86 -11.068900 
87 -10.592600 
88 -10.018300 
89 -9.397800 
90 -8.792600 
91 -8.438500 

1 -10.925400 
2 -10.927400 
3 -10.930700 
4 -10.927700 
5 -10.903200 
6 -10.831800 
7 -10.671400 
8 -10.360400 
9 -9.831100 
10 -9.073800 
11 -8.438500 
12 -8.792600 
13 -9.397800 
14 -10.018300 
15 -10.592600 
16 -11.068900 
17 -11.393600 
18 -11.537900 
19 -11.524000 
20 -11.404600 
21 -11.228600 
22 -11.028500 
23 -10.824300 
24 -10.627700 
25 -10.445300 
26 -10.281800 
27 -10.140500 
28 -10.024900 
29 -9.938700 
30 -9.885300 
31 -9.867200 
32 -10.005500 
33 -10.368900 
34 -10.855700 
35 -11.380800 
36 -11.891600 
41 -11.868700 
42 -11.872400 
43 -11.877200 
44 -11.864400 
45 -11.294100 
46 -11.085600 
47 -11.377500 
48 -11.153100 
49 -10.920000 
50 -10.756100 
51 -10.925400 
52 -10.833900 
53 -10.922300 
54 -11.128900 
55 -11.375700 
56 -11.619100 
57 -11.818800 
58 -11.950700 
65 -11.902200 
66 -11.361200 
67 -10.876200 
68 -10.463600 
69 -10.143500 
70 -9.938200 
71 -9.867200 
72 -9.885300 
73 -9.938700 
74 -10.024900 
75 -10.140500 
76 -10.281800 
77 -10.445300 
78 -10.627700 
79 -10.824300 
80 -11.028500 
81 -11.228600 
82 -11.404600 
83 -11.524000 
84 -11.537900 
85 -11.393600 
86 -11.068900 
87 -10.592600 
88 -10.018300 
89 -9.397800 
90 -8.792600 
91 -8.438500 

35 -11.593900 
36 -11.891600 
44 -11.903100 
45 -11.803800 
46 -11.673700 
47 -11.693900 













