1 -0.011100 
2 0.093900 
3 0.184900 
4 0.394900 
5 0.636900 
6 0.883900 
7 1.111900 
8 1.304900 
9 1.450900 
10 1.541900 
11 1.571900 
12 1.558900 
13 1.535900 
14 1.554900 
15 1.681900 
16 1.933900 
17 2.251900 
18 2.558900 
19 2.804900 
20 2.962900 
21 3.016900 
22 2.989900 
23 2.908900 
24 2.777900 
25 2.599900 
26 2.381900 
27 2.129900 
28 1.856900 
29 1.575900 
30 1.305900 
31 1.067900 
32 0.887900 
33 0.787900 
34 0.774900 
35 0.839900 
36 0.956900 
37 1.119900 
38 1.263900 
39 1.366900 
40 1.427900 
41 1.448900 
42 1.431900 
43 1.379900 
44 1.295900 
45 1.182900 
46 1.042900 
47 0.882900 
48 0.707900 
49 0.527900 
50 0.350900 
51 0.185900 
52 0.195900 
53 0.396900 
54 0.523900 
55 0.580900 
56 0.574900 
57 0.512900 
58 0.406900 
59 0.270900 
60 0.123900 
61 -0.011100 
62 0.097900 
63 0.156900 
64 0.352900 
65 0.848900 
66 1.380900 
67 1.892900 
68 2.344900 
69 2.703900 
70 2.935900 
71 3.016900 
72 2.962900 
73 2.804900 
74 2.558900 
75 2.251900 
76 1.933900 
77 1.681900 
78 1.554900 
79 1.535900 
80 1.558900 
81 1.571900 

1 -0.011100 
2 0.040900 
3 0.169900 
4 0.218900 
5 0.244900 
6 0.252900 
7 0.246900 
8 0.232900 
9 0.216900 
10 0.203900 
11 0.199900 
12 0.170900 
13 0.086900 
14 -0.048100 
15 -0.224100 
16 -0.427100 
17 -0.640100 
18 -0.841100 
19 -1.007100 
20 -1.117100 
21 -1.155100 
22 -1.154100 
23 -1.153100 
24 -1.154100 
25 -1.162100 
26 -1.181100 
27 -1.219100 
28 -1.282100 
29 -1.328100 
30 -0.926100 
31 -0.541100 
32 -0.179100 
33 0.152900 
34 0.450900 
35 0.712900 
36 0.936900 
37 1.098900 
38 1.236900 
39 1.349900 
40 1.423900 
41 1.448900 
42 1.431900 
43 1.379900 
44 1.295900 
45 1.182900 
46 1.042900 
47 0.882900 
48 0.707900 
49 0.527900 
50 0.350900 
51 0.185900 
52 0.042900 
53 -0.072100 
54 -0.153100 
55 -0.202100 
56 -0.218100 
57 -0.208100 
58 -0.176100 
59 -0.128100 
60 -0.071100 
61 -0.011100 
62 0.097900 
63 0.156900 
64 0.135900 
65 0.017900 
66 -0.195100 
67 -0.473100 
68 -0.758100 
69 -0.984100 
70 -1.115100 
71 -1.155100 
72 -1.117100 
73 -1.007100 
74 -0.841100 
75 -0.640100 
76 -0.427100 
77 -0.224100 
78 -0.048100 
79 0.086900 
80 0.170900 
81 0.199900 

1 -0.011100 
2 -0.147100 
3 -0.313100 
4 -0.509100 
5 -0.728100 
6 -0.965100 
7 -1.207100 
8 -1.438100 
9 -1.634100 
10 -1.768100 
11 -1.816100 
12 -1.676100 
13 -1.356100 
14 -1.035100 
15 -0.858100 
16 -0.863100 
17 -0.971100 
18 -1.078100 
19 -1.135100 
20 -1.153100 
21 -1.155100 
22 -1.154100 
23 -1.153100 
24 -1.154100 
25 -1.162100 
26 -1.181100 
27 -1.219100 
28 -1.282100 
29 -1.374100 
30 -1.503100 
31 -1.673100 
32 -1.888100 
33 -2.152100 
34 -2.467100 
35 -2.835100 
36 -3.256100 
37 -3.731100 
38 -4.259100 
39 -4.837100 
40 -5.459100 
41 -6.023100 
42 -5.416100 
43 -4.683100 
44 -3.947100 
45 -3.234100 
46 -2.559100 
47 -1.934100 
48 -1.368100 
49 -0.868100 
50 -0.438100 
51 -0.083100 
52 0.042900 
53 -0.072100 
54 -0.153100 
55 -0.202100 
56 -0.218100 
57 -0.208100 
58 -0.176100 
59 -0.128100 
60 -0.071100 
61 -0.011100 
62 -0.148100 
63 -0.015100 
64 0.135900 
65 0.017900 
66 -0.195100 
67 -0.473100 
68 -0.758100 
69 -0.984100 
70 -1.115100 
71 -1.155100 
72 -1.153100 
73 -1.135100 
74 -1.078100 
75 -0.971100 
76 -0.863100 
77 -0.858100 
78 -1.035100 
79 -1.356100 
80 -1.676100 
81 -1.816100 

1 -4.210100 
2 -4.192100 
3 -4.135100 
4 -4.040100 
5 -3.916100 
6 -3.783100 
7 -3.657100 
8 -3.550100 
9 -3.469100 
10 -3.420100 
11 -3.403100 
12 -3.417100 
13 -3.413100 
14 -3.349100 
15 -3.244100 
16 -3.063100 
17 -2.385100 
18 -1.849100 
19 -1.463100 
20 -1.232100 
21 -1.155100 
22 -1.175100 
23 -1.235100 
24 -1.334100 
25 -1.473100 
26 -1.652100 
27 -1.871100 
28 -1.736100 
29 -1.374100 
30 -1.503100 
31 -1.673100 
32 -1.888100 
33 -2.152100 
34 -2.467100 
35 -2.835100 
36 -3.256100 
37 -3.731100 
38 -4.259100 
39 -4.837100 
40 -5.459100 
41 -6.023100 
42 -5.783100 
43 -5.478100 
44 -5.190100 
45 -4.926100 
46 -4.688100 
47 -4.479100 
48 -4.302100 
49 -4.157100 
50 -4.047100 
51 -3.973100 
52 -3.935100 
53 -3.930100 
54 -3.952100 
55 -3.994100 
56 -4.045100 
57 -4.098100 
58 -4.145100 
59 -4.181100 
60 -4.203100 
61 -4.210100 
62 -4.181100 
63 -4.093100 
64 -3.952100 
65 -3.773100 
66 -3.587100 
67 -3.355100 
68 -2.389100 
69 -1.699100 
70 -1.290100 
71 -1.155100 
72 -1.232100 
73 -1.463100 
74 -1.849100 
75 -2.385100 
76 -3.063100 
77 -3.244100 
78 -3.349100 
79 -3.413100 
80 -3.417100 
81 -3.403100 

1 -4.210100 
2 -4.208100 
3 -4.201100 
4 -4.191100 
5 -4.178100 
6 -4.164100 
7 -4.150100 
8 -4.137100 
9 -4.127100 
10 -4.120100 
11 -4.118100 
12 -4.063100 
13 -3.940100 
14 -3.808100 
15 -3.694100 
16 -3.149100 
17 -3.123100 
18 -3.201100 
19 -3.355100 
20 -3.504100 
21 -3.566100 
22 -3.518100 
23 -3.379100 
24 -3.157100 
25 -2.866100 
26 -2.520100 
27 -2.138100 
28 -2.129100 
29 -2.424100 
30 -2.755100 
31 -3.118100 
32 -3.508100 
33 -3.918100 
34 -4.337100 
35 -4.753100 
36 -5.027100 
37 -5.315100 
38 -5.591100 
39 -5.819100 
40 -5.970100 
41 -6.023100 
42 -5.783100 
43 -5.478100 
44 -5.190100 
45 -4.926100 
46 -4.688100 
47 -4.479100 
48 -4.302100 
49 -4.157100 
50 -4.047100 
51 -3.973100 
52 -3.935100 
53 -3.930100 
54 -3.952100 
55 -3.994100 
56 -4.045100 
57 -4.098100 
58 -4.145100 
59 -4.181100 
60 -4.203100 
61 -4.210100 
62 -4.181100 
63 -4.093100 
64 -3.952100 
65 -3.773100 
66 -3.587100 
67 -3.439100 
68 -3.378100 
69 -3.420100 
70 -3.516100 
71 -3.566100 
72 -3.504100 
73 -3.355100 
74 -3.201100 
75 -3.123100 
76 -3.149100 
77 -3.694100 
78 -3.808100 
79 -3.940100 
80 -4.063100 
81 -4.118100 

1 -6.135100 
2 -6.192100 
3 -6.362100 
4 -6.632100 
5 -6.975100 
6 -7.358100 
7 -6.782100 
8 -6.043100 
9 -5.445100 
10 -5.055100 
11 -4.919100 
12 -4.984100 
13 -5.129100 
14 -4.786100 
15 -3.871100 
16 -3.611100 
17 -3.561100 
18 -3.542100 
19 -3.546100 
20 -3.559100 
21 -3.566100 
22 -3.578100 
23 -3.621100 
24 -3.707100 
25 -3.831100 
26 -3.982100 
27 -4.137100 
28 -4.268100 
29 -4.351100 
30 -4.381100 
31 -4.376100 
32 -4.377100 
33 -4.428100 
34 -4.556100 
35 -4.763100 
36 -5.150100 
37 -5.511100 
38 -5.818100 
39 -6.052100 
40 -6.199100 
41 -6.250100 
42 -6.506100 
43 -6.861100 
44 -7.229100 
45 -7.599100 
46 -7.962100 
47 -8.236100 
48 -8.204100 
49 -8.097100 
50 -7.881100 
51 -7.531100 
52 -7.180100 
53 -6.945100 
54 -6.832100 
55 -6.767100 
56 -6.678100 
57 -6.551100 
58 -6.408100 
59 -6.273100 
60 -6.174100 
61 -6.135100 
62 -6.328100 
63 -6.872100 
64 -6.983100 
65 -5.886100 
66 -4.557100 
67 -3.439100 
68 -3.378100 
69 -3.420100 
70 -3.516100 
71 -3.566100 
72 -3.559100 
73 -3.546100 
74 -3.542100 
75 -3.561100 
76 -3.611100 
77 -3.871100 
78 -4.786100 
79 -5.129100 
80 -4.984100 
81 -4.919100 

1 -10.087100 
2 -9.925100 
3 -9.573100 
4 -9.039100 
5 -8.357100 
6 -7.580100 
7 -7.747100 
8 -7.918100 
9 -7.582100 
10 -7.360100 
11 -7.281100 
12 -6.729100 
13 -5.769100 
14 -5.288100 
15 -5.420100 
16 -5.501100 
17 -5.520100 
18 -5.484100 
19 -5.416100 
20 -5.350100 
21 -5.323100 
22 -5.444100 
23 -5.767100 
24 -6.202100 
25 -6.655100 
26 -7.061100 
27 -7.400100 
28 -7.690100 
29 -7.973100 
30 -8.284100 
31 -8.636100 
32 -9.014100 
33 -9.386100 
34 -9.717100 
35 -9.978100 
36 -9.685100 
37 -9.011100 
38 -8.295100 
39 -7.567100 
40 -6.847100 
41 -6.250100 
42 -6.506100 
43 -6.861100 
44 -7.229100 
45 -7.599100 
46 -7.962100 
47 -8.309100 
48 -8.632100 
49 -8.924100 
50 -8.572100 
51 -8.275100 
52 -8.103100 
53 -8.002100 
54 -7.989100 
55 -8.118100 
56 -8.411100 
57 -8.819100 
58 -9.258100 
59 -9.651100 
60 -9.940100 
61 -10.087100 
62 -9.904100 
63 -9.227100 
64 -8.943100 
65 -8.641100 
66 -7.961100 
67 -7.228100 
68 -6.511100 
69 -5.897100 
70 -5.475100 
71 -5.323100 
72 -5.350100 
73 -5.416100 
74 -5.484100 
75 -5.520100 
76 -5.501100 
77 -5.420100 
78 -5.288100 
79 -5.769100 
80 -6.729100 
81 -7.281100 

1 -10.087100 
2 -10.068100 
3 -9.891100 
4 -9.591100 
5 -9.204100 
6 -8.770100 
7 -8.328100 
8 -8.113100 
9 -8.427100 
10 -8.655100 
11 -8.742100 
12 -9.178100 
13 -9.764100 
14 -10.057100 
15 -9.919100 
16 -9.326100 
17 -8.379100 
18 -7.280100 
19 -6.273100 
20 -5.573100 
21 -5.323100 
22 -5.450100 
23 -5.818100 
24 -6.402100 
25 -7.152100 
26 -8.006100 
27 -8.887100 
28 -9.713100 
29 -10.412100 
30 -10.924100 
31 -11.215100 
32 -11.276100 
33 -11.121100 
34 -10.779100 
35 -10.287100 
36 -9.685100 
37 -9.011100 
38 -8.295100 
39 -7.567100 
40 -6.847100 
41 -6.250100 
42 -6.795100 
43 -7.341100 
44 -7.759100 
45 -8.038100 
46 -8.188100 
47 -8.309100 
48 -8.632100 
49 -8.924100 
50 -9.179100 
51 -9.395100 
52 -9.571100 
53 -9.712100 
54 -9.823100 
55 -9.910100 
56 -9.979100 
57 -10.034100 
58 -10.075100 
59 -10.101100 
60 -10.107100 
61 -10.087100 
62 -9.951100 
63 -9.662100 
64 -9.219100 
65 -8.641100 
66 -7.961100 
67 -7.228100 
68 -6.511100 
69 -5.897100 
70 -5.475100 
71 -5.323100 
72 -5.573100 
73 -6.273100 
74 -7.280100 
75 -8.379100 
76 -9.326100 
77 -9.919100 
78 -10.057100 
79 -9.764100 
80 -9.178100 
81 -8.742100 

1 -10.087100 
2 -10.119100 
3 -10.204100 
4 -10.310100 
5 -10.398100 
6 -10.437100 
7 -10.407100 
8 -10.312100 
9 -10.176100 
10 -10.045100 
11 -9.988100 
12 -10.110100 
13 -10.418100 
14 -10.753100 
15 -10.896100 
16 -10.628100 
17 -9.805100 
18 -8.484100 
19 -6.981100 
20 -5.782100 
21 -5.323100 
22 -5.450100 
23 -5.818100 
24 -6.402100 
25 -7.152100 
26 -8.006100 
27 -8.887100 
28 -9.713100 
29 -10.412100 
30 -10.924100 
31 -11.215100 
32 -11.276100 
33 -11.121100 
34 -10.779100 
35 -10.287100 
36 -10.154100 
37 -10.248100 
38 -10.277100 
39 -10.266100 
40 -10.246100 
41 -10.236100 
42 -10.243100 
43 -10.262100 
44 -10.277100 
45 -10.253100 
46 -10.141100 
47 -9.895100 
48 -9.508100 
49 -9.026100 
50 -9.179100 
51 -9.395100 
52 -9.571100 
53 -9.712100 
54 -9.823100 
55 -9.910100 
56 -9.979100 
57 -10.034100 
58 -10.075100 
59 -10.101100 
60 -10.107100 
61 -10.087100 
62 -9.951100 
63 -9.662100 
64 -9.219100 
65 -9.804100 
66 -10.657100 
67 -10.802100 
68 -9.848100 
69 -7.977100 
70 -6.105100 
71 -5.323100 
72 -5.782100 
73 -6.981100 
74 -8.484100 
75 -9.805100 
76 -10.628100 
77 -10.896100 
78 -10.753100 
79 -10.418100 
80 -10.110100 
81 -9.988100 

