1 0.575400 
2 0.685400 
3 0.843400 
4 0.998400 
5 1.148400 
6 1.295400 
7 1.444400 
8 1.596400 
9 1.756400 
10 1.925400 
11 2.101400 
12 2.283400 
13 2.465400 
14 2.643400 
15 2.811400 
16 2.963400 
17 3.094400 
18 3.200400 
19 3.278400 
20 3.326400 
21 3.342400 
22 3.464400 
23 3.586400 
24 3.706400 
25 3.823400 
26 3.935400 
27 4.043400 
28 4.145400 
29 4.240400 
30 4.329400 
31 4.410400 
32 4.483400 
33 4.548400 
34 4.605400 
35 4.653400 
36 4.694400 
37 4.726400 
38 4.751400 
39 4.768400 
40 4.779400 
41 4.782400 
42 4.766400 
43 4.717400 
44 4.635400 
45 4.518400 
46 4.367400 
47 4.185400 
48 3.974400 
49 3.738400 
50 3.482400 
51 3.209400 
52 2.924400 
53 2.632400 
54 2.338400 
55 2.047400 
56 1.766400 
57 1.504400 
58 1.269400 
59 1.069400 
60 0.907400 
61 0.777400 
62 0.837400 
63 0.902400 
64 0.970400 
65 1.042400 
66 1.116400 
67 1.191400 
68 1.267400 
69 1.342400 
70 1.416400 
71 1.487400 
72 1.554400 
73 1.616400 
74 1.673400 
75 1.724400 
76 1.767400 
77 1.804400 
78 1.833400 
79 1.854400 
80 1.866400 
81 1.871400 
82 1.902400 
83 1.990400 
84 2.122400 
85 2.287400 
86 2.477400 
87 2.685400 
88 2.905400 
89 3.131400 
90 3.357400 
91 3.579400 
92 3.791400 
93 3.990400 
94 4.172400 
95 4.333400 
96 4.471400 
97 4.584400 
98 4.672400 
99 4.733400 
100 4.770400 
101 4.782400 
102 4.767400 
103 4.719400 
104 4.639400 
105 4.525400 
106 4.377400 
107 4.198400 
108 3.990400 
109 3.759400 
110 3.511400 
111 3.253400 
112 2.996400 
113 2.748400 
114 2.521400 
115 2.324400 
116 2.164400 
117 2.043400 
118 1.955400 
119 1.892400 
120 1.844400 
121 1.803400 

1 0.575400 
2 0.685400 
3 0.843400 
4 0.998400 
5 1.148400 
6 1.295400 
7 1.444400 
8 1.596400 
9 1.756400 
10 1.925400 
11 2.101400 
12 2.283400 
13 2.465400 
14 2.643400 
15 2.811400 
16 2.963400 
17 3.094400 
18 3.200400 
19 3.278400 
20 3.326400 
21 3.342400 
22 3.219400 
23 3.097400 
24 2.978400 
25 2.863400 
26 2.753400 
27 2.649400 
28 2.552400 
29 2.463400 
30 2.383400 
31 2.312400 
32 2.250400 
33 2.197400 
34 2.152400 
35 2.115400 
36 2.086400 
37 2.063400 
38 2.045400 
39 2.034400 
40 2.027400 
41 2.024400 
42 2.007400 
43 1.955400 
44 1.871400 
45 1.757400 
46 1.615400 
47 1.452400 
48 1.273400 
49 1.085400 
50 0.900400 
51 0.727400 
52 0.583400 
53 0.478400 
54 0.471400 
55 0.538400 
56 0.585400 
57 0.614400 
58 0.629400 
59 0.633400 
60 0.666400 
61 0.773400 
62 0.718400 
63 0.668400 
64 0.638400 
65 0.644400 
66 0.653400 
67 0.663400 
68 0.702400 
69 0.758400 
70 0.817400 
71 0.877400 
72 0.936400 
73 0.992400 
74 1.045400 
75 1.092400 
76 1.134400 
77 1.169400 
78 1.197400 
79 1.218400 
80 1.230400 
81 1.234400 
82 1.218400 
83 1.176400 
84 1.118400 
85 1.055400 
86 0.992400 
87 0.939400 
88 0.907400 
89 0.909400 
90 0.955400 
91 1.045400 
92 1.166400 
93 1.305400 
94 1.449400 
95 1.587400 
96 1.713400 
97 1.821400 
98 1.909400 
99 1.972400 
100 2.011400 
101 2.024400 
102 2.014400 
103 1.982400 
104 1.930400 
105 1.859400 
106 1.773400 
107 1.675400 
108 1.573400 
109 1.476400 
110 1.396400 
111 1.349400 
112 1.343400 
113 1.375400 
114 1.431400 
115 1.496400 
116 1.561400 
117 1.621400 
118 1.674400 
119 1.720400 
120 1.763400 
121 1.803400 

1 0.383400 
2 0.275400 
3 0.135400 
4 0.029400 
5 -0.034600 
6 -0.069600 
7 -0.094600 
8 -0.119600 
9 -0.150600 
10 -0.191600 
11 -0.244600 
12 -0.309600 
13 -0.387600 
14 -0.474600 
15 -0.570600 
16 -0.670600 
17 -0.770600 
18 -0.864600 
19 -0.945600 
20 -1.002600 
21 -1.023600 
22 -0.971600 
23 -0.925600 
24 -0.888600 
25 -0.859600 
26 -0.839600 
27 -0.829600 
28 -0.830600 
29 -0.840600 
30 -0.860600 
31 -0.889600 
32 -0.925600 
33 -0.967600 
34 -1.013600 
35 -1.061600 
36 -1.107600 
37 -1.149600 
38 -1.185600 
39 -1.213600 
40 -1.230600 
41 -1.236600 
42 -1.210600 
43 -1.136600 
44 -1.018600 
45 -0.868600 
46 -0.697600 
47 -0.516600 
48 -0.334600 
49 -0.160600 
50 0.002400 
51 0.148400 
52 0.276400 
53 0.384400 
54 0.418400 
55 0.422400 
56 0.475400 
57 0.503400 
58 0.509400 
59 0.577400 
60 0.632400 
61 0.630400 
62 0.631400 
63 0.633400 
64 0.625400 
65 0.600400 
66 0.612400 
67 0.651400 
68 0.675400 
69 0.689400 
70 0.703400 
71 0.718400 
72 0.732400 
73 0.746400 
74 0.760400 
75 0.772400 
76 0.782400 
77 0.791400 
78 0.799400 
79 0.804400 
80 0.807400 
81 0.808400 
82 0.799400 
83 0.773400 
84 0.730400 
85 0.670400 
86 0.593400 
87 0.500400 
88 0.392400 
89 0.270400 
90 0.135400 
91 -0.011600 
92 -0.167600 
93 -0.328600 
94 -0.493600 
95 -0.656600 
96 -0.810600 
97 -0.951600 
98 -1.069600 
99 -1.160600 
100 -1.216600 
101 -1.236600 
102 -1.210600 
103 -1.135600 
104 -1.011600 
105 -0.848600 
106 -0.657600 
107 -0.456600 
108 -0.260600 
109 -0.084600 
110 0.058400 
111 0.157400 
112 0.209400 
113 0.222400 
114 0.211400 
115 0.184400 
116 0.144400 
117 0.095400 
118 0.042400 
119 -0.005600 
120 -0.043600 
121 -0.074600 

1 0.383400 
2 0.275400 
3 0.135400 
4 0.029400 
5 -0.034600 
6 -0.069600 
7 -0.094600 
8 -0.119600 
9 -0.150600 
10 -0.191600 
11 -0.244600 
12 -0.309600 
13 -0.387600 
14 -0.474600 
15 -0.570600 
16 -0.670600 
17 -0.770600 
18 -0.864600 
19 -0.945600 
20 -1.002600 
21 -1.023600 
22 -1.080600 
23 -1.143600 
24 -1.210600 
25 -1.280600 
26 -1.311600 
27 -1.306600 
28 -1.306600 
29 -1.311600 
30 -1.320600 
31 -1.333600 
32 -1.350600 
33 -1.370600 
34 -1.393600 
35 -1.418600 
36 -1.443600 
37 -1.467600 
38 -1.489600 
39 -1.507600 
40 -1.518600 
41 -1.522600 
42 -1.477600 
43 -1.366600 
44 -1.220600 
45 -1.055600 
46 -0.879600 
47 -0.697600 
48 -0.515600 
49 -0.337600 
50 -0.168600 
51 -0.012600 
52 0.126400 
53 0.247400 
54 0.346400 
55 0.400400 
56 0.414400 
57 0.451400 
58 0.506400 
59 0.496400 
60 0.476400 
61 0.464400 
62 0.468400 
63 0.479400 
64 0.494400 
65 0.503400 
66 0.483400 
67 0.444400 
68 0.402400 
69 0.358400 
70 0.314400 
71 0.272400 
72 0.231400 
73 0.193400 
74 0.158400 
75 0.126400 
76 0.098400 
77 0.074400 
78 0.056400 
79 0.042400 
80 0.034400 
81 0.031400 
82 0.028400 
83 0.018400 
84 0.002400 
85 -0.020600 
86 -0.048600 
87 -0.079600 
88 -0.115600 
89 -0.161600 
90 -0.226600 
91 -0.315600 
92 -0.428600 
93 -0.560600 
94 -0.703600 
95 -0.852600 
96 -1.001600 
97 -1.146600 
98 -1.281600 
99 -1.400600 
100 -1.487600 
101 -1.522600 
102 -1.484600 
103 -1.390600 
104 -1.267600 
105 -1.133600 
106 -0.995600 
107 -0.858600 
108 -0.729600 
109 -0.610600 
110 -0.506600 
111 -0.423600 
112 -0.364600 
113 -0.327600 
114 -0.300600 
115 -0.270600 
116 -0.234600 
117 -0.196600 
118 -0.160600 
119 -0.129600 
120 -0.101600 
121 -0.074600 

1 -0.415600 
2 -0.417600 
3 -0.431600 
4 -0.471600 
5 -0.539600 
6 -0.619600 
7 -0.694600 
8 -0.759600 
9 -0.817600 
10 -0.874600 
11 -0.937600 
12 -1.007600 
13 -1.083600 
14 -1.161600 
15 -1.236600 
16 -1.302600 
17 -1.354600 
18 -1.387600 
19 -1.403600 
20 -1.407600 
21 -1.406600 
22 -1.378600 
23 -1.354600 
24 -1.335600 
25 -1.320600 
26 -1.311600 
27 -1.306600 
28 -1.306600 
29 -1.311600 
30 -1.320600 
31 -1.333600 
32 -1.350600 
33 -1.370600 
34 -1.393600 
35 -1.418600 
36 -1.443600 
37 -1.467600 
38 -1.489600 
39 -1.507600 
40 -1.518600 
41 -1.522600 
42 -1.540600 
43 -1.596600 
44 -1.687600 
45 -1.800600 
46 -1.793600 
47 -1.669600 
48 -1.534600 
49 -1.407600 
50 -1.300600 
51 -1.225600 
52 -1.196600 
53 -1.083600 
54 -0.991600 
55 -0.919600 
56 -0.868600 
57 -0.836600 
58 -0.824600 
59 -0.828600 
60 -0.848600 
61 -0.881600 
62 -0.866600 
63 -0.857600 
64 -0.855600 
65 -0.860600 
66 -0.871600 
67 -0.888600 
68 -0.909600 
69 -0.934600 
70 -0.962600 
71 -0.992600 
72 -1.022600 
73 -1.052600 
74 -1.081600 
75 -1.107600 
76 -1.131600 
77 -1.152600 
78 -1.168600 
79 -1.180600 
80 -1.188600 
81 -1.190600 
82 -1.197600 
83 -1.216600 
84 -1.249600 
85 -1.293600 
86 -1.351600 
87 -1.419600 
88 -1.368600 
89 -1.328600 
90 -1.334600 
91 -1.382600 
92 -1.462600 
93 -1.564600 
94 -1.678600 
95 -1.795600 
96 -1.868600 
97 -1.744600 
98 -1.647600 
99 -1.578600 
100 -1.536600 
101 -1.522600 
102 -1.532600 
103 -1.561600 
104 -1.607600 
105 -1.664600 
106 -1.727600 
107 -1.782600 
108 -1.712600 
109 -1.573600 
110 -1.430600 
111 -1.296600 
112 -1.184600 
113 -1.108600 
114 -1.081600 
115 -1.108600 
116 -1.174600 
117 -1.254600 
118 -1.329600 
119 -1.393600 
120 -1.447600 
121 -1.487600 

1 -0.415600 
2 -0.417600 
3 -0.431600 
4 -0.471600 
5 -0.539600 
6 -0.619600 
7 -0.694600 
8 -0.759600 
9 -0.817600 
10 -0.874600 
11 -0.937600 
12 -1.007600 
13 -1.083600 
14 -1.161600 
15 -1.236600 
16 -1.302600 
17 -1.354600 
18 -1.387600 
19 -1.403600 
20 -1.407600 
21 -1.406600 
22 -1.378600 
23 -1.354600 
24 -1.335600 
25 -1.320600 
26 -1.351600 
27 -1.424600 
28 -1.497600 
29 -1.569600 
30 -1.639600 
31 -1.707600 
32 -1.771600 
33 -1.831600 
34 -1.887600 
35 -1.936600 
36 -1.980600 
37 -2.016600 
38 -2.045600 
39 -2.066600 
40 -2.079600 
41 -2.083600 
42 -2.124600 
43 -2.152600 
44 -2.072600 
45 -1.984600 
46 -2.037600 
47 -1.985600 
48 -1.809600 
49 -1.637600 
50 -1.475600 
51 -1.327600 
52 -1.197600 
53 -1.224600 
54 -1.308600 
55 -1.438600 
56 -1.325600 
57 -1.209600 
58 -1.102600 
59 -1.009600 
60 -0.934600 
61 -0.882600 
62 -0.902600 
63 -0.924600 
64 -0.948600 
65 -0.974600 
66 -1.000600 
67 -1.026600 
68 -1.052600 
69 -1.078600 
70 -1.104600 
71 -1.128600 
72 -1.151600 
73 -1.172600 
74 -1.191600 
75 -1.208600 
76 -1.222600 
77 -1.235600 
78 -1.244600 
79 -1.251600 
80 -1.255600 
81 -1.257600 
82 -1.263600 
83 -1.282600 
84 -1.313600 
85 -1.355600 
86 -1.410600 
87 -1.448600 
88 -1.499600 
89 -1.589600 
90 -1.689600 
91 -1.796600 
92 -1.909600 
93 -2.020600 
94 -2.125600 
95 -2.019600 
96 -1.909600 
97 -2.011600 
98 -2.097600 
99 -2.158600 
100 -2.114600 
101 -2.083600 
102 -2.109600 
103 -2.142600 
104 -2.082600 
105 -2.006600 
106 -1.923600 
107 -1.830600 
108 -1.818600 
109 -1.762600 
110 -1.691600 
111 -1.624600 
112 -1.562600 
113 -1.507600 
114 -1.461600 
115 -1.428600 
116 -1.414600 
117 -1.424600 
118 -1.455600 
119 -1.488600 
120 -1.502600 
121 -1.487600 

1 -2.855600 
2 -2.839600 
3 -2.791600 
4 -2.720600 
5 -2.644600 
6 -2.582600 
7 -2.540600 
8 -2.517600 
9 -2.498600 
10 -2.466600 
11 -2.402600 
12 -2.301600 
13 -2.171600 
14 -2.025600 
15 -1.878600 
16 -1.742600 
17 -1.624600 
18 -1.530600 
19 -1.461600 
20 -1.420600 
21 -1.406600 
22 -1.439600 
23 -1.476600 
24 -1.517600 
25 -1.561600 
26 -1.609600 
27 -1.659600 
28 -1.711600 
29 -1.765600 
30 -1.820600 
31 -1.875600 
32 -1.929600 
33 -1.981600 
34 -2.031600 
35 -2.077600 
36 -2.118600 
37 -2.153600 
38 -2.182600 
39 -2.203600 
40 -2.216600 
41 -2.220600 
42 -2.203600 
43 -2.216600 
44 -2.315600 
45 -2.325600 
46 -2.160600 
47 -2.238600 
48 -2.211600 
49 -2.118600 
50 -2.019600 
51 -1.914600 
52 -1.803600 
53 -1.687600 
54 -1.567600 
55 -1.446600 
56 -1.593600 
57 -1.752600 
58 -1.892600 
59 -1.997600 
60 -2.058600 
61 -2.076600 
62 -2.072600 
63 -2.063600 
64 -2.050600 
65 -2.035600 
66 -2.019600 
67 -2.004600 
68 -1.989600 
69 -1.975600 
70 -1.963600 
71 -1.952600 
72 -1.943600 
73 -1.935600 
74 -1.928600 
75 -1.923600 
76 -1.918600 
77 -1.914600 
78 -1.912600 
79 -1.910600 
80 -1.909600 
81 -1.908600 
82 -1.892600 
83 -1.843600 
84 -1.764600 
85 -1.664600 
86 -1.552600 
87 -1.474600 
88 -1.548600 
89 -1.631600 
90 -1.720600 
91 -1.816600 
92 -1.916600 
93 -2.026600 
94 -2.145600 
95 -2.232600 
96 -2.337600 
97 -2.431600 
98 -2.307600 
99 -2.204600 
100 -2.207600 
101 -2.220600 
102 -2.203600 
103 -2.171600 
104 -2.180600 
105 -2.136600 
106 -2.046600 
107 -1.939600 
108 -1.842600 
109 -1.836600 
110 -1.842600 
111 -1.848600 
112 -1.860600 
113 -1.885600 
114 -1.925600 
115 -1.982600 
116 -2.056600 
117 -2.147600 
118 -2.255600 
119 -2.377600 
120 -2.511600 
121 -2.654600 

1 -2.855600 
2 -2.839600 
3 -2.791600 
4 -2.720600 
5 -2.644600 
6 -2.582600 
7 -2.540600 
8 -2.517600 
9 -2.498600 
10 -2.466600 
11 -2.402600 
12 -2.301600 
13 -2.171600 
14 -2.025600 
15 -1.878600 
16 -1.742600 
17 -1.624600 
18 -1.530600 
19 -1.461600 
20 -1.420600 
21 -1.406600 
22 -1.439600 
23 -1.476600 
24 -1.517600 
25 -1.561600 
26 -1.609600 
27 -1.659600 
28 -1.711600 
29 -1.765600 
30 -1.820600 
31 -1.875600 
32 -1.929600 
33 -1.981600 
34 -2.031600 
35 -2.077600 
36 -2.118600 
37 -2.153600 
38 -2.182600 
39 -2.203600 
40 -2.216600 
41 -2.220600 
42 -2.239600 
43 -2.301600 
44 -2.422600 
45 -2.420600 
46 -2.384600 
47 -2.299600 
48 -2.491600 
49 -2.786600 
50 -3.118600 
51 -3.338600 
52 -3.533600 
53 -3.738600 
54 -3.951600 
55 -4.170600 
56 -4.393600 
57 -4.617600 
58 -4.839600 
59 -5.056600 
60 -5.263600 
61 -5.454600 
62 -5.372600 
63 -5.303600 
64 -5.249600 
65 -5.210600 
66 -5.185600 
67 -5.175600 
68 -5.179600 
69 -5.198600 
70 -5.231600 
71 -5.277600 
72 -5.337600 
73 -5.410600 
74 -5.496600 
75 -5.593600 
76 -5.662600 
77 -5.650600 
78 -5.638600 
79 -5.629600 
80 -5.623600 
81 -5.621600 
82 -5.576600 
83 -5.434600 
84 -5.168600 
85 -4.818600 
86 -4.457600 
87 -4.105600 
88 -3.768600 
89 -3.451600 
90 -3.153600 
91 -2.878600 
92 -2.627600 
93 -2.399600 
94 -2.196600 
95 -2.262600 
96 -2.373600 
97 -2.440600 
98 -2.344600 
99 -2.276600 
100 -2.234600 
101 -2.220600 
102 -2.230600 
103 -2.255600 
104 -2.291600 
105 -2.323600 
106 -2.349600 
107 -2.382600 
108 -2.442600 
109 -2.537600 
110 -2.661600 
111 -2.801600 
112 -2.941600 
113 -3.067600 
114 -3.163600 
115 -3.214600 
116 -3.212600 
117 -3.158600 
118 -3.062600 
119 -2.938600 
120 -2.799600 
121 -2.654600 

1 -5.107600 
2 -5.145600 
3 -5.248600 
4 -5.386600 
5 -5.508600 
6 -5.559600 
7 -5.499600 
8 -5.329600 
9 -5.105600 
10 -4.892600 
11 -4.730600 
12 -4.630600 
13 -4.586600 
14 -4.581600 
15 -4.600600 
16 -4.628600 
17 -4.658600 
18 -4.683600 
19 -4.702600 
20 -4.714600 
21 -4.718600 
22 -4.593600 
23 -4.464600 
24 -4.332600 
25 -4.199600 
26 -4.065600 
27 -3.932600 
28 -3.799600 
29 -3.669600 
30 -3.543600 
31 -3.420600 
32 -3.303600 
33 -3.191600 
34 -3.087600 
35 -2.991600 
36 -2.905600 
37 -2.831600 
38 -2.770600 
39 -2.724600 
40 -2.696600 
41 -2.686600 
42 -2.660600 
43 -2.586600 
44 -2.470600 
45 -2.467600 
46 -2.539600 
47 -2.673600 
48 -2.820600 
49 -2.981600 
50 -3.154600 
51 -3.481600 
52 -3.863600 
53 -4.246600 
54 -4.604600 
55 -4.906600 
56 -5.125600 
57 -5.261600 
58 -5.342600 
59 -5.409600 
60 -5.497600 
61 -5.461600 
62 -5.537600 
63 -5.527600 
64 -5.511600 
65 -5.513600 
66 -5.530600 
67 -5.558600 
68 -5.591600 
69 -5.624600 
70 -5.652600 
71 -5.672600 
72 -5.684600 
73 -5.686600 
74 -5.682600 
75 -5.673600 
76 -5.700600 
77 -5.817600 
78 -5.941600 
79 -6.068600 
80 -6.189600 
81 -6.257600 
82 -6.034600 
83 -5.683600 
84 -5.382600 
85 -5.118600 
86 -4.785600 
87 -4.477600 
88 -4.192600 
89 -3.928600 
90 -3.684600 
91 -3.458600 
92 -3.250600 
93 -3.057600 
94 -2.880600 
95 -2.710600 
96 -2.562600 
97 -2.440600 
98 -2.534600 
99 -2.613600 
100 -2.667600 
101 -2.686600 
102 -2.677600 
103 -2.666600 
104 -2.670600 
105 -2.696600 
106 -2.770600 
107 -2.891600 
108 -3.051600 
109 -3.242600 
110 -3.460600 
111 -3.701600 
112 -3.961600 
113 -4.235600 
114 -4.519600 
115 -4.806600 
116 -5.087600 
117 -5.352600 
118 -5.587600 
119 -5.775600 
120 -5.902600 
121 -5.960600 

1 -5.107600 
2 -5.145600 
3 -5.248600 
4 -5.386600 
5 -5.508600 
6 -5.559600 
7 -5.499600 
8 -5.329600 
9 -5.105600 
10 -4.892600 
11 -4.730600 
12 -4.630600 
13 -4.586600 
14 -4.581600 
15 -4.600600 
16 -4.628600 
17 -4.658600 
18 -4.683600 
19 -4.702600 
20 -4.714600 
21 -4.718600 
22 -4.593600 
23 -4.464600 
24 -4.332600 
25 -4.199600 
26 -4.065600 
27 -3.932600 
28 -3.799600 
29 -3.669600 
30 -3.543600 
31 -3.420600 
32 -3.303600 
33 -3.191600 
34 -3.087600 
35 -2.991600 
36 -2.905600 
37 -2.831600 
38 -2.770600 
39 -2.724600 
40 -2.696600 
41 -2.686600 
42 -2.667600 
43 -2.616600 
44 -2.546600 
45 -2.592600 
46 -2.798600 
47 -3.039600 
48 -3.317600 
49 -3.630600 
50 -3.978600 
51 -4.355600 
52 -4.755600 
53 -5.168600 
54 -5.581600 
55 -5.974600 
56 -6.211600 
57 -6.184600 
58 -6.155600 
59 -5.977600 
60 -5.691600 
61 -5.638600 
62 -5.588600 
63 -5.643600 
64 -5.722600 
65 -5.797600 
66 -5.868600 
67 -5.937600 
68 -6.004600 
69 -6.073600 
70 -6.144600 
71 -6.219600 
72 -6.297600 
73 -6.375600 
74 -6.453600 
75 -6.524600 
76 -6.569600 
77 -6.610600 
78 -6.645600 
79 -6.641600 
80 -6.533600 
81 -6.470600 
82 -6.237600 
83 -5.857600 
84 -5.477600 
85 -5.126600 
86 -4.865600 
87 -4.594600 
88 -4.319600 
89 -4.046600 
90 -3.782600 
91 -3.530600 
92 -3.294600 
93 -3.077600 
94 -2.882600 
95 -2.718600 
96 -2.568600 
97 -2.475600 
98 -2.562600 
99 -2.629600 
100 -2.672600 
101 -2.686600 
102 -2.682600 
103 -2.672600 
104 -2.690600 
105 -2.775600 
106 -2.908600 
107 -3.068600 
108 -3.247600 
109 -3.439600 
110 -3.642600 
111 -3.856600 
112 -4.081600 
113 -4.316600 
114 -4.563600 
115 -4.821600 
116 -5.089600 
117 -5.363600 
118 -5.633600 
119 -5.880600 
120 -5.955600 
121 -5.960600 

1 -7.720600 
2 -7.659600 
3 -7.489600 
4 -7.236600 
5 -6.931600 
6 -6.610600 
7 -6.318600 
8 -6.085600 
9 -5.896600 
10 -5.725600 
11 -5.562600 
12 -5.408600 
13 -5.264600 
14 -5.134600 
15 -5.020600 
16 -4.925600 
17 -4.849600 
18 -4.791600 
19 -4.750600 
20 -4.726600 
21 -4.718600 
22 -4.837600 
23 -4.951600 
24 -5.057600 
25 -5.155600 
26 -5.243600 
27 -5.322600 
28 -5.389600 
29 -5.446600 
30 -5.492600 
31 -5.528600 
32 -5.554600 
33 -5.571600 
34 -5.582600 
35 -5.586600 
36 -5.586600 
37 -5.584600 
38 -5.580600 
39 -5.577600 
40 -5.574600 
41 -5.573600 
42 -5.590600 
43 -5.637600 
44 -5.708600 
45 -5.794600 
46 -5.885600 
47 -5.973600 
48 -6.055600 
49 -6.124600 
50 -6.179600 
51 -6.219600 
52 -6.243600 
53 -6.252600 
54 -6.249600 
55 -6.234600 
56 -6.312600 
57 -6.508600 
58 -6.330600 
59 -6.126600 
60 -5.845600 
61 -5.644600 
62 -5.724600 
63 -5.817600 
64 -5.919600 
65 -6.028600 
66 -6.140600 
67 -6.184600 
68 -6.214600 
69 -6.249600 
70 -6.289600 
71 -6.332600 
72 -6.378600 
73 -6.427600 
74 -6.476600 
75 -6.527600 
76 -6.596600 
77 -6.657600 
78 -6.710600 
79 -6.671600 
80 -6.688600 
81 -6.693600 
82 -6.689600 
83 -6.678600 
84 -6.659600 
85 -6.631600 
86 -6.596600 
87 -6.552600 
88 -6.499600 
89 -6.438600 
90 -6.369600 
91 -6.292600 
92 -6.208600 
93 -6.118600 
94 -6.025600 
95 -5.931600 
96 -5.839600 
97 -5.754600 
98 -5.680600 
99 -5.623600 
100 -5.586600 
101 -5.573600 
102 -5.587600 
103 -5.625600 
104 -5.681600 
105 -5.747600 
106 -5.810600 
107 -5.862600 
108 -5.894600 
109 -5.900600 
110 -5.879600 
111 -5.836600 
112 -5.779600 
113 -5.721600 
114 -5.679600 
115 -5.668600 
116 -5.694600 
117 -5.753600 
118 -5.830600 
119 -5.905600 
120 -6.065600 
121 -6.145600 

1 -7.720600 
2 -7.659600 
3 -7.489600 
4 -7.236600 
5 -6.931600 
6 -6.610600 
7 -6.318600 
8 -6.085600 
9 -5.896600 
10 -5.725600 
11 -5.562600 
12 -5.408600 
13 -5.264600 
14 -5.134600 
15 -5.020600 
16 -4.925600 
17 -4.849600 
18 -4.791600 
19 -4.750600 
20 -4.726600 
21 -4.718600 
22 -4.837600 
23 -4.951600 
24 -5.057600 
25 -5.155600 
26 -5.243600 
27 -5.322600 
28 -5.389600 
29 -5.446600 
30 -5.492600 
31 -5.528600 
32 -5.554600 
33 -5.571600 
34 -5.582600 
35 -5.586600 
36 -5.586600 
37 -5.584600 
38 -5.580600 
39 -5.577600 
40 -5.574600 
41 -5.573600 
42 -5.634600 
43 -5.807600 
44 -6.073600 
45 -6.410600 
46 -6.800600 
47 -7.229600 
48 -7.684600 
49 -8.156600 
50 -8.638600 
51 -8.521600 
52 -8.324600 
53 -8.123600 
54 -7.893600 
55 -7.579600 
56 -7.173600 
57 -6.738600 
58 -6.415600 
59 -6.130600 
60 -6.111600 
61 -6.104600 
62 -6.106600 
63 -6.113600 
64 -6.123600 
65 -6.139600 
66 -6.159600 
67 -6.254600 
68 -6.368600 
69 -6.478600 
70 -6.582600 
71 -6.677600 
72 -6.759600 
73 -6.824600 
74 -6.867600 
75 -6.884600 
76 -6.868600 
77 -6.819600 
78 -6.741600 
79 -6.753600 
80 -6.781600 
81 -6.791600 
82 -7.023600 
83 -7.408600 
84 -7.812600 
85 -8.008600 
86 -8.084600 
87 -8.195600 
88 -8.335600 
89 -8.494600 
90 -8.642600 
91 -8.297600 
92 -7.939600 
93 -7.574600 
94 -7.211600 
95 -6.856600 
96 -6.521600 
97 -6.217600 
98 -5.955600 
99 -5.750600 
100 -5.619600 
101 -5.573600 
102 -5.619600 
103 -5.747600 
104 -5.932600 
105 -6.146600 
106 -6.363600 
107 -6.562600 
108 -6.728600 
109 -6.853600 
110 -6.929600 
111 -6.954600 
112 -6.927600 
113 -6.852600 
114 -6.737600 
115 -6.599600 
116 -6.457600 
117 -6.330600 
118 -6.236600 
119 -6.181600 
120 -6.158600 
121 -6.145600 

1 -9.220600 
2 -9.246600 
3 -9.290600 
4 -9.275600 
5 -9.264600 
6 -9.366600 
7 -9.607600 
8 -9.962600 
9 -10.380600 
10 -10.795600 
11 -11.141600 
12 -11.400600 
13 -11.333600 
14 -11.032600 
15 -10.709600 
16 -10.396600 
17 -10.113600 
18 -9.877600 
19 -9.700600 
20 -9.591600 
21 -9.554600 
22 -9.506600 
23 -9.454600 
24 -9.399600 
25 -9.340600 
26 -9.278600 
27 -9.213600 
28 -9.146600 
29 -9.078600 
30 -9.010600 
31 -8.943600 
32 -8.877600 
33 -8.814600 
34 -8.756600 
35 -8.703600 
36 -8.548600 
37 -8.217600 
38 -7.945600 
39 -7.742600 
40 -7.616600 
41 -7.574600 
42 -7.607600 
43 -7.704600 
44 -7.865600 
45 -8.088600 
46 -8.369600 
47 -8.704600 
48 -9.064600 
49 -8.899600 
50 -8.715600 
51 -9.123600 
52 -9.601600 
53 -9.623600 
54 -9.090600 
55 -8.517600 
56 -7.976600 
57 -7.564600 
58 -7.436600 
59 -7.505600 
60 -7.580600 
61 -7.606600 
62 -7.600600 
63 -7.585600 
64 -7.562600 
65 -7.534600 
66 -7.503600 
67 -7.472600 
68 -7.442600 
69 -7.413600 
70 -7.387600 
71 -7.363600 
72 -7.339600 
73 -7.315600 
74 -7.289600 
75 -7.260600 
76 -7.229600 
77 -7.196600 
78 -7.163600 
79 -7.133600 
80 -7.111600 
81 -7.103600 
82 -7.350600 
83 -7.745600 
84 -7.951600 
85 -8.211600 
86 -8.596600 
87 -8.957600 
88 -9.274600 
89 -8.970600 
90 -8.661600 
91 -8.828600 
92 -8.988600 
93 -9.086600 
94 -8.741600 
95 -8.438600 
96 -8.178600 
97 -7.962600 
98 -7.793600 
99 -7.672600 
100 -7.598600 
101 -7.574600 
102 -7.638600 
103 -7.808600 
104 -8.049600 
105 -8.341600 
106 -8.671600 
107 -9.021600 
108 -9.373600 
109 -9.707600 
110 -9.944600 
111 -9.897600 
112 -9.819600 
113 -9.716600 
114 -9.590600 
115 -9.435600 
116 -9.244600 
117 -9.014600 
118 -8.765600 
119 -8.535600 
120 -8.384600 
121 -8.373600 

1 -9.220600 
2 -9.246600 
3 -9.290600 
4 -9.275600 
5 -9.264600 
6 -9.366600 
7 -9.607600 
8 -9.962600 
9 -10.380600 
10 -10.795600 
11 -11.141600 
12 -11.400600 
13 -11.333600 
14 -11.032600 
15 -10.709600 
16 -10.396600 
17 -10.113600 
18 -9.877600 
19 -9.700600 
20 -9.591600 
21 -9.554600 
22 -9.506600 
23 -9.454600 
24 -9.399600 
25 -9.340600 
26 -9.278600 
27 -9.213600 
28 -9.146600 
29 -9.078600 
30 -9.010600 
31 -8.943600 
32 -8.877600 
33 -8.814600 
34 -8.756600 
35 -8.703600 
36 -8.656600 
37 -8.616600 
38 -8.585600 
39 -8.562600 
40 -8.548600 
41 -8.543600 
42 -8.574600 
43 -8.672600 
44 -8.839600 
45 -9.065600 
46 -9.251600 
47 -9.200600 
48 -9.086600 
49 -9.505600 
50 -9.949600 
51 -10.397600 
52 -10.084600 
53 -9.631600 
54 -9.193600 
55 -8.966600 
56 -8.999600 
57 -9.245600 
58 -9.630600 
59 -10.076600 
60 -10.495600 
61 -10.710600 
62 -10.654600 
63 -10.522600 
64 -10.353600 
65 -10.165600 
66 -9.968600 
67 -9.766600 
68 -9.562600 
69 -9.360600 
70 -9.161600 
71 -8.970600 
72 -8.788600 
73 -8.621600 
74 -8.472600 
75 -8.348600 
76 -8.252600 
77 -8.187600 
78 -8.149600 
79 -8.131600 
80 -8.126600 
81 -8.125600 
82 -8.114600 
83 -8.127600 
84 -8.389600 
85 -8.851600 
86 -9.343600 
87 -9.551600 
88 -9.288600 
89 -9.580600 
90 -9.814600 
91 -9.836600 
92 -9.467600 
93 -9.133600 
94 -9.262600 
95 -9.243600 
96 -9.060600 
97 -8.890600 
98 -8.745600 
99 -8.635600 
100 -8.566600 
101 -8.543600 
102 -8.571600 
103 -8.654600 
104 -8.789600 
105 -8.971600 
106 -9.189600 
107 -9.433600 
108 -9.687600 
109 -9.936600 
110 -10.011600 
111 -10.256600 
112 -10.447600 
113 -10.486600 
114 -10.450600 
115 -10.394600 
116 -10.231600 
117 -9.728600 
118 -9.248600 
119 -8.836600 
120 -8.531600 
121 -8.373600 

1 -10.062600 
2 -9.949600 
3 -9.790600 
4 -9.786600 
5 -9.925600 
6 -10.122600 
7 -10.344600 
8 -10.582600 
9 -10.835600 
10 -11.111600 
11 -11.411600 
12 -11.604600 
13 -11.673600 
14 -11.787600 
15 -11.672600 
16 -11.351600 
17 -10.901600 
18 -10.409600 
19 -9.967600 
20 -9.663600 
21 -9.554600 
22 -9.599600 
23 -9.641600 
24 -9.680600 
25 -9.717600 
26 -9.754600 
27 -9.789600 
28 -9.824600 
29 -9.860600 
30 -9.895600 
31 -9.931600 
32 -9.966600 
33 -9.762600 
34 -9.334600 
35 -8.925600 
36 -8.656600 
37 -8.616600 
38 -8.585600 
39 -8.562600 
40 -8.548600 
41 -8.543600 
42 -8.716600 
43 -9.195600 
44 -9.577600 
45 -9.515600 
46 -9.538600 
47 -9.827600 
48 -10.215600 
49 -10.605600 
50 -10.561600 
51 -10.406600 
52 -10.136600 
53 -10.067600 
54 -10.512600 
55 -10.929600 
56 -11.311600 
57 -11.519600 
58 -11.468600 
59 -11.441600 
60 -11.434600 
61 -11.427600 
62 -11.416600 
63 -11.394600 
64 -11.358600 
65 -11.306600 
66 -11.235600 
67 -11.146600 
68 -11.039600 
69 -10.914600 
70 -10.776600 
71 -10.628600 
72 -10.474600 
73 -10.321600 
74 -10.174600 
75 -10.039600 
76 -9.871600 
77 -9.645600 
78 -9.453600 
79 -9.305600 
80 -9.212600 
81 -9.180600 
82 -9.210600 
83 -9.293600 
84 -9.412600 
85 -9.549600 
86 -9.683600 
87 -9.798600 
88 -9.880600 
89 -9.921600 
90 -9.929600 
91 -9.879600 
92 -9.737600 
93 -9.596600 
94 -9.427600 
95 -9.373600 
96 -9.464600 
97 -9.539600 
98 -9.585600 
99 -9.048600 
100 -8.674600 
101 -8.543600 
102 -8.680600 
103 -9.086600 
104 -9.701600 
105 -9.798600 
106 -9.856600 
107 -9.911600 
108 -9.952600 
109 -9.967600 
110 -10.162600 
111 -10.350600 
112 -10.480600 
113 -10.576600 
114 -10.612600 
115 -10.589600 
116 -10.321600 
117 -10.239600 
118 -10.158600 
119 -10.092600 
120 -10.056600 
121 -10.060600 

1 -10.062600 
2 -9.949600 
3 -9.790600 
4 -9.786600 
5 -9.925600 
6 -10.122600 
7 -10.344600 
8 -10.582600 
9 -10.835600 
10 -11.111600 
11 -11.411600 
12 -11.604600 
13 -11.673600 
14 -11.787600 
15 -11.672600 
16 -11.351600 
17 -10.901600 
18 -10.409600 
19 -9.967600 
20 -9.663600 
21 -9.554600 
22 -9.599600 
23 -9.641600 
24 -9.680600 
25 -9.717600 
26 -9.754600 
27 -9.789600 
28 -9.824600 
29 -9.860600 
30 -9.895600 
31 -9.931600 
32 -9.966600 
33 -10.001600 
34 -10.035600 
35 -10.066600 
36 -10.094600 
37 -9.986600 
38 -9.863600 
39 -9.774600 
40 -9.719600 
41 -9.701600 
42 -9.680600 
43 -9.634600 
44 -9.850600 
45 -10.269600 
46 -10.400600 
47 -10.499600 
48 -10.574600 
49 -10.627600 
50 -11.025600 
51 -10.644600 
52 -10.859600 
53 -11.292600 
54 -11.689600 
55 -11.679600 
56 -11.593600 
57 -11.651600 
58 -11.946600 
59 -11.813600 
60 -11.564600 
61 -11.428600 
62 -11.473600 
63 -11.556600 
64 -11.635600 
65 -11.687600 
66 -11.702600 
67 -11.674600 
68 -11.600600 
69 -11.481600 
70 -11.320600 
71 -11.121600 
72 -10.893600 
73 -10.643600 
74 -10.381600 
75 -10.120600 
76 -9.919600 
77 -9.819600 
78 -9.740600 
79 -9.683600 
80 -9.650600 
81 -9.638600 
82 -9.729600 
83 -9.978600 
84 -10.171600 
85 -10.003600 
86 -9.795600 
87 -9.834600 
88 -10.310600 
89 -10.754600 
90 -10.314600 
91 -10.051600 
92 -10.197600 
93 -10.297600 
94 -10.350600 
95 -10.361600 
96 -10.342600 
97 -10.293600 
98 -9.628600 
99 -9.648600 
100 -9.685600 
101 -9.701600 
102 -9.703600 
103 -9.716600 
104 -9.759600 
105 -10.277600 
106 -10.325600 
107 -10.372600 
108 -10.417600 
109 -10.455600 
110 -10.485600 
111 -10.505600 
112 -10.519600 
113 -10.584600 
114 -10.644600 
115 -10.607600 
116 -10.520600 
117 -10.421600 
118 -10.306600 
119 -10.196600 
120 -10.109600 
121 -10.060600 

1 -10.713600 
2 -10.849600 
3 -11.120600 
4 -11.413600 
5 -11.685600 
6 -11.911600 
7 -12.074600 
8 -12.160600 
9 -12.163600 
10 -12.081600 
11 -11.928600 
12 -11.810600 
13 -11.949600 
14 -12.066600 
15 -12.225600 
16 -12.406600 
17 -12.571600 
18 -12.709600 
19 -12.813600 
20 -12.878600 
21 -12.899600 
22 -12.866600 
23 -12.789600 
24 -12.674600 
25 -12.525600 
26 -12.337600 
27 -12.074600 
28 -11.766600 
29 -11.417600 
30 -11.034600 
31 -10.623600 
32 -10.196600 
33 -10.001600 
34 -10.035600 
35 -10.066600 
36 -10.094600 
37 -10.118600 
38 -10.138600 
39 -10.153600 
40 -10.162600 
41 -10.165600 
42 -10.180600 
43 -10.228600 
44 -10.333600 
45 -10.763600 
46 -11.427600 
47 -11.622600 
48 -11.606600 
49 -11.423600 
50 -11.103600 
51 -11.422600 
52 -11.754600 
53 -11.882600 
54 -11.775600 
55 -12.034600 
56 -12.294600 
57 -12.206600 
58 -12.040600 
59 -12.195600 
60 -12.397600 
61 -12.556600 
62 -12.480600 
63 -12.388600 
64 -12.282600 
65 -12.165600 
66 -12.039600 
67 -11.904600 
68 -11.763600 
69 -11.618600 
70 -11.471600 
71 -11.323600 
72 -11.178600 
73 -11.038600 
74 -10.905600 
75 -10.781600 
76 -10.671600 
77 -10.575600 
78 -10.498600 
79 -10.440600 
80 -10.405600 
81 -10.393600 
82 -10.368600 
83 -10.293600 
84 -10.338600 
85 -10.766600 
86 -11.228600 
87 -11.631600 
88 -11.204600 
89 -10.760600 
90 -11.146600 
91 -11.463600 
92 -11.681600 
93 -11.780600 
94 -11.749600 
95 -11.565600 
96 -10.996600 
97 -10.301600 
98 -10.252600 
99 -10.207600 
100 -10.176600 
101 -10.165600 
102 -10.173600 
103 -10.197600 
104 -10.233600 
105 -10.460600 
106 -11.208600 
107 -11.682600 
108 -11.938600 
109 -12.102600 
110 -12.169600 
111 -12.128600 
112 -11.972600 
113 -11.695600 
114 -11.312600 
115 -10.911600 
116 -10.786600 
117 -10.780600 
118 -10.791600 
119 -10.812600 
120 -10.844600 
121 -10.897600 

1 -10.713600 
2 -10.849600 
3 -11.120600 
4 -11.413600 
5 -11.685600 
6 -11.911600 
7 -12.074600 
8 -12.160600 
9 -12.163600 
10 -12.081600 
11 -11.928600 
12 -11.810600 
13 -11.949600 
14 -12.066600 
15 -12.225600 
16 -12.406600 
17 -12.571600 
18 -12.709600 
19 -12.813600 
20 -12.878600 
21 -12.899600 
22 -12.887600 
23 -12.826600 
24 -12.714600 
25 -12.551600 
26 -12.346600 
27 -12.144600 
28 -11.924600 
29 -11.690600 
30 -11.449600 
31 -11.206600 
32 -10.966600 
33 -10.735600 
34 -10.516600 
35 -10.316600 
36 -10.138600 
37 -10.118600 
38 -10.138600 
39 -10.153600 
40 -10.162600 
41 -10.165600 
42 -10.263600 
43 -10.518600 
44 -10.856600 
45 -11.200600 
46 -11.476600 
47 -11.955600 
48 -12.272600 
49 -12.376600 
50 -12.315600 
51 -12.169600 
52 -12.013600 
53 -12.019600 
54 -12.201600 
55 -12.293600 
56 -12.315600 
57 -12.522600 
58 -12.650600 
59 -12.697600 
60 -12.665600 
61 -12.561600 
62 -12.625600 
63 -12.681600 
64 -12.731600 
65 -12.773600 
66 -12.811600 
67 -12.843600 
68 -12.872600 
69 -12.898600 
70 -12.921600 
71 -12.942600 
72 -12.961600 
73 -12.979600 
74 -12.994600 
75 -13.009600 
76 -13.021600 
77 -13.031600 
78 -13.040600 
79 -13.046600 
80 -13.050600 
81 -13.051600 
82 -13.006600 
83 -12.874600 
84 -12.660600 
85 -12.373600 
86 -12.025600 
87 -11.689600 
88 -12.116600 
89 -12.475600 
90 -12.733600 
91 -12.856600 
92 -12.820600 
93 -12.608600 
94 -12.224600 
95 -11.714600 
96 -11.374600 
97 -11.056600 
98 -10.730600 
99 -10.442600 
100 -10.240600 
101 -10.165600 
102 -10.237600 
103 -10.436600 
104 -10.724600 
105 -11.063600 
106 -11.422600 
107 -11.947600 
108 -12.482600 
109 -12.846600 
110 -13.023600 
111 -13.028600 
112 -12.899600 
113 -12.681600 
114 -12.417600 
115 -12.132600 
116 -11.843600 
117 -11.568600 
118 -11.324600 
119 -11.128600 
120 -10.987600 
121 -10.897600 

