1 4.185900 
2 4.383200 
3 4.535000 
4 4.760600 
5 5.108000 
6 5.463400 
7 5.793500 
8 6.073000 
9 6.284200 
10 6.415400 
11 6.459800 
12 6.451500 
13 6.449000 
14 6.526200 
15 6.796100 
16 7.301900 
17 7.929000 
18 8.526500 
19 8.999000 
20 9.297500 
21 9.399300 
22 9.348200 
23 9.196200 
24 8.946600 
25 8.605600 
26 8.182100 
27 7.689600 
28 7.146600 
29 6.580600 
30 6.030600 
31 5.549300 
32 5.195400 
33 5.009800 
34 4.991100 
35 5.121700 
36 5.372700 
37 5.582400 
38 5.747900 
39 5.867500 
40 5.939800 
41 5.964000 
42 5.942100 
43 5.877100 
44 5.770600 
45 5.625700 
46 5.446700 
47 5.239200 
48 5.010500 
49 4.770000 
50 4.528700 
51 4.460400 
52 4.794400 
53 5.034900 
54 5.180400 
55 5.232800 
56 5.197200 
57 5.082400 
58 4.901600 
59 4.674000 
60 4.424700 
61 4.185900 
62 4.388300 
63 4.521100 
64 4.552200 
65 5.356600 
66 6.304800 
67 7.258700 
68 8.120600 
69 8.806100 
70 9.247100 
71 9.399300 
72 9.297500 
73 8.999000 
74 8.526500 
75 7.929000 
76 7.301900 
77 6.796100 
78 6.526200 
79 6.449000 
80 6.451500 
81 6.459800 

1 4.185800 
2 4.258700 
3 4.462600 
4 4.645800 
5 4.721200 
6 4.767800 
7 4.792700 
8 4.802700 
9 4.804500 
10 4.803100 
11 4.802300 
12 4.772100 
13 4.683400 
14 4.542300 
15 4.358800 
16 4.147500 
17 3.927000 
18 3.719300 
19 3.547900 
20 3.434600 
21 3.394800 
22 3.394400 
23 3.391500 
24 3.383000 
25 3.363800 
26 3.327500 
27 3.267800 
28 3.177900 
29 3.051900 
30 3.391700 
31 3.782000 
32 4.157000 
33 4.509100 
34 4.832500 
35 5.099100 
36 5.279700 
37 5.484800 
38 5.677200 
39 5.831100 
40 5.930000 
41 5.964000 
42 5.942100 
43 5.877100 
44 5.770600 
45 5.625700 
46 5.446700 
47 5.239200 
48 5.010500 
49 4.770000 
50 4.528700 
51 4.299900 
52 4.097500 
53 3.934900 
54 3.822400 
55 3.764200 
56 3.758300 
57 3.796800 
58 3.869500 
59 3.965400 
60 4.073900 
61 4.185800 
62 4.388200 
63 4.521000 
64 4.552000 
65 4.469900 
66 4.285100 
67 4.033600 
68 3.772400 
69 3.561600 
70 3.435400 
71 3.394800 
72 3.434600 
73 3.547900 
74 3.719300 
75 3.927000 
76 4.147500 
77 4.358800 
78 4.542300 
79 4.683400 
80 4.772100 
81 4.802300 

1 4.185800 
2 3.939100 
3 3.640200 
4 3.287800 
5 2.881100 
6 2.420400 
7 1.907100 
8 1.344300 
9 1.067200 
10 1.104800 
11 1.117600 
12 1.179700 
13 1.528300 
14 2.351200 
15 3.029600 
16 3.353500 
17 3.428000 
18 3.414600 
19 3.398200 
20 3.394500 
21 3.394700 
22 3.394300 
23 3.391400 
24 3.382900 
25 3.363600 
26 3.327400 
27 3.267700 
28 3.177800 
29 3.051800 
30 2.885200 
31 2.673900 
32 2.416400 
33 2.112400 
34 1.764400 
35 1.378000 
36 0.963000 
37 0.536800 
38 0.125500 
39 -0.230800 
40 -0.479900 
41 -0.570600 
42 -0.450400 
43 -0.111000 
44 0.395700 
45 1.006500 
46 1.664500 
47 2.325100 
48 2.955100 
49 3.531200 
50 4.036700 
51 4.299900 
52 4.097500 
53 3.934900 
54 3.822300 
55 3.764200 
56 3.758200 
57 3.796800 
58 3.869500 
59 3.965300 
60 4.073800 
61 4.185800 
62 3.883800 
63 3.995200 
64 4.534700 
65 4.469700 
66 4.285000 
67 4.033500 
68 3.772300 
69 3.561400 
70 3.435200 
71 3.394700 
72 3.394500 
73 3.398200 
74 3.414600 
75 3.428000 
76 3.353500 
77 3.029600 
78 2.351200 
79 1.528300 
80 1.179700 
81 1.117600 

1 0.555200 
2 0.568900 
3 0.609200 
4 0.673300 
5 0.754600 
6 0.843600 
7 0.931000 
8 1.007700 
9 0.738500 
10 0.620300 
11 0.622000 
12 0.635500 
13 0.856800 
14 1.142000 
15 1.281400 
16 1.534900 
17 2.163100 
18 2.685000 
19 3.074300 
20 3.314000 
21 3.394600 
22 3.374900 
23 3.315200 
24 3.216600 
25 3.080300 
26 2.908100 
27 2.702900 
28 2.600800 
29 2.994700 
30 2.885100 
31 2.673800 
32 2.416300 
33 2.112300 
34 1.764300 
35 1.377800 
36 0.962900 
37 0.536700 
38 0.125400 
39 -0.230900 
40 -0.480100 
41 -0.570600 
42 -0.550600 
43 -0.492300 
44 -0.400500 
45 -0.281700 
46 -0.144100 
47 0.004100 
48 0.154300 
49 0.298900 
50 0.430200 
51 0.541500 
52 0.626000 
53 0.680100 
54 0.702600 
55 0.697300 
56 0.672700 
57 0.639000 
58 0.605300 
59 0.578200 
60 0.561000 
61 0.555200 
62 0.577700 
63 0.642000 
64 0.740600 
65 0.860300 
66 0.978200 
67 1.101200 
68 2.105100 
69 2.823500 
70 3.252500 
71 3.394600 
72 3.314000 
73 3.074300 
74 2.685000 
75 2.163100 
76 1.534900 
77 1.281400 
78 1.142000 
79 0.856800 
80 0.635500 
81 0.622000 

1 0.555200 
2 0.556800 
3 0.561600 
4 0.569100 
5 0.578300 
6 0.588600 
7 0.599000 
8 0.608300 
9 0.615700 
10 0.113700 
11 -0.309700 
12 0.127600 
13 0.672700 
14 0.725300 
15 0.840800 
16 1.359800 
17 1.357900 
18 1.266700 
19 1.121000 
20 0.989900 
21 0.937600 
22 0.979000 
23 1.100600 
24 1.296200 
25 1.556300 
26 1.869000 
27 2.221500 
28 2.467600 
29 2.205800 
30 1.922600 
31 1.622900 
32 1.313500 
33 1.001200 
34 0.694200 
35 0.401100 
36 0.131000 
37 -0.106500 
38 -0.302600 
39 -0.449200 
40 -0.539900 
41 -0.570700 
42 -0.550700 
43 -0.492400 
44 -0.400600 
45 -0.281800 
46 -0.144200 
47 0.004000 
48 0.154200 
49 0.298800 
50 0.430000 
51 0.541300 
52 0.625900 
53 0.680000 
54 0.702500 
55 0.697200 
56 0.672700 
57 0.638900 
58 0.605300 
59 0.578200 
60 0.561000 
61 0.555200 
62 0.577700 
63 0.641900 
64 0.740500 
65 0.860300 
66 0.978200 
67 1.064300 
68 1.089400 
69 1.046100 
70 0.973300 
71 0.937600 
72 0.989900 
73 1.121000 
74 1.266700 
75 1.357900 
76 1.359800 
77 0.840800 
78 0.725300 
79 0.672700 
80 0.127600 
81 -0.309700 

1 -4.779800 
2 -4.822100 
3 -4.942200 
4 -5.122100 
5 -5.339000 
6 -4.850000 
7 -3.970200 
8 -3.118200 
9 -2.303900 
10 -1.553200 
11 -1.087500 
12 -0.925900 
13 -0.483700 
14 0.140200 
15 0.782700 
16 0.835800 
17 0.878300 
18 0.907900 
19 0.925900 
20 0.935000 
21 0.937600 
22 0.922300 
23 0.877200 
24 0.806000 
25 0.714500 
26 0.609800 
27 0.499700 
28 0.388200 
29 0.271300 
30 0.129900 
31 -0.076800 
32 -0.406300 
33 -0.907600 
34 -1.594400 
35 -2.442800 
36 -3.411900 
37 -4.456600 
38 -5.525900 
39 -6.542500 
40 -7.355600 
41 -7.691000 
42 -7.629100 
43 -7.475800 
44 -7.286700 
45 -7.094900 
46 -6.910400 
47 -6.733800 
48 -6.563300 
49 -6.397100 
50 -6.234200 
51 -6.073800 
52 -5.915500 
53 -5.758700 
54 -5.603200 
55 -5.448800 
56 -5.296300 
57 -5.148500 
58 -5.011000 
59 -4.893500 
60 -4.810700 
61 -4.779800 
62 -4.875800 
63 -4.524800 
64 -3.189200 
65 -1.633800 
66 -0.164700 
67 1.064300 
68 1.089400 
69 1.046100 
70 0.973300 
71 0.937600 
72 0.935000 
73 0.925900 
74 0.907900 
75 0.878300 
76 0.835800 
77 0.782700 
78 0.140200 
79 -0.483700 
80 -0.925900 
81 -1.087500 

1 -9.388500 
2 -8.494700 
3 -7.582000 
4 -6.663700 
5 -5.750300 
6 -5.570000 
7 -5.793300 
8 -5.989800 
9 -6.143100 
10 -6.240500 
11 -6.273900 
12 -6.913900 
13 -8.433400 
14 -10.346500 
35 -11.749700 
36 -10.704500 
37 -9.752500 
38 -8.926900 
39 -8.271700 
40 -7.842000 
41 -7.691100 
42 -7.703600 
43 -7.738600 
44 -7.788300 
45 -7.841800 
46 -7.887000 
47 -7.913500 
48 -7.914300 
49 -7.888300 
50 -7.840200 
51 -7.780400 
52 -7.723800 
53 -7.687200 
54 -7.687500 
55 -7.739200 
56 -7.853300 
57 -8.035200 
58 -8.285300 
59 -8.599400 
60 -8.970100 
61 -9.388500 
62 -7.850700 
63 -7.502700 
64 -8.906500 
65 -11.203400 
78 -10.346500 
79 -8.433400 
80 -6.913900 
81 -6.273900 

1 -9.388600 
2 -9.525400 
3 -9.923700 
4 -10.549800 
5 -11.354600 
35 -11.749900 
36 -10.704600 
37 -9.752700 
38 -8.927100 
39 -8.271800 
40 -7.842100 
41 -7.691200 
42 -7.703700 
43 -7.738700 
44 -7.788400 
45 -7.841900 
46 -7.887100 
47 -7.913600 
48 -7.914400 
49 -7.888300 
50 -7.840200 
51 -7.780500 
52 -7.723900 
53 -7.687200 
54 -7.687500 
55 -7.739300 
56 -7.853300 
57 -8.035300 
58 -8.285400 
59 -8.599400 
60 -8.970100 
61 -9.388600 
62 -10.336200 
63 -11.391700 

1 -9.388600 
2 -10.246100 
3 -11.043800 
4 -11.753000 
59 -11.273000 
60 -10.301400 
61 -9.388600 
62 -10.336300 
63 -11.391800 

