1 19.117700 
2 19.112800 
3 19.098500 
4 19.076200 
5 19.047900 
6 19.016200 
7 18.984200 
8 18.954900 
9 18.931600 
10 18.916400 
11 18.911200 
12 18.907200 
13 18.895200 
14 18.875100 
15 18.846600 
16 18.809900 
17 18.764700 
18 18.711100 
19 18.649100 
20 18.579400 
21 18.502500 
22 18.419900 
23 18.333200 
24 18.244700 
25 18.157200 
26 18.074200 
27 17.999100 
28 17.935800 
29 17.887600 
30 17.857400 
31 17.847100 
32 17.889300 
33 18.010000 
34 18.192200 
35 18.413100 
36 18.647800 
37 18.873000 
38 19.068800 
39 19.219800 
40 19.314800 
41 19.347300 
42 19.341900 
43 19.326100 
44 19.301400 
45 19.269900 
46 19.234700 
47 19.199000 
48 19.166500 
49 19.140400 
50 19.123500 
51 19.117700 
52 19.111900 
53 19.094600 
54 19.065900 
55 19.025800 
56 18.974600 
57 18.912900 
58 18.841000 
59 18.760000 
60 18.671100 
61 18.575700 
62 18.476000 
63 18.374000 
64 18.272800 
65 18.175300 
66 18.084800 
67 18.004700 
68 17.938300 
69 17.888500 
70 17.857500 
71 17.847100 
72 17.857400 
73 17.887600 
74 17.935800 
75 17.999100 
76 18.074200 
77 18.157200 
78 18.244700 
79 18.333200 
80 18.419900 
81 18.502500 
82 18.579400 
83 18.649100 
84 18.711100 
85 18.764700 
86 18.809900 
87 18.846600 
88 18.875100 
89 18.895200 
90 18.907200 
91 18.911200 

1 19.117700 
2 19.112800 
3 19.098500 
4 19.076200 
5 19.047900 
6 19.016200 
7 18.984200 
8 18.954900 
9 18.931600 
10 18.916400 
11 18.911200 
12 18.906000 
13 18.890300 
14 18.864300 
15 18.828300 
16 18.782800 
17 18.728200 
18 18.665300 
19 18.595100 
20 18.518900 
21 18.438100 
22 18.354500 
23 18.270000 
24 18.187000 
25 18.107800 
26 18.035100 
27 17.971200 
28 17.918700 
29 17.879500 
30 17.855300 
31 17.847100 
32 17.843500 
33 17.833300 
34 17.817300 
35 17.797000 
36 17.774400 
37 17.751500 
38 17.730800 
39 17.714200 
40 17.703600 
41 17.699900 
42 17.739300 
43 17.852000 
44 18.022900 
45 18.230800 
46 18.452500 
47 18.666000 
48 18.852200 
49 18.996000 
50 19.086700 
51 19.117700 
52 19.110800 
53 19.090500 
54 19.056900 
55 19.010600 
56 18.952400 
57 18.883400 
58 18.804800 
59 18.718100 
60 18.624900 
61 18.527400 
62 18.427800 
63 18.328300 
64 18.231700 
65 18.140700 
66 18.057800 
67 17.985600 
68 17.926700 
69 17.883000 
70 17.856100 
71 17.847100 
72 17.855300 
73 17.879500 
74 17.918700 
75 17.971200 
76 18.035100 
77 18.107800 
78 18.187000 
79 18.270000 
80 18.354500 
81 18.438100 
82 18.518900 
83 18.595100 
84 18.665300 
85 18.728200 
86 18.782800 
87 18.828300 
88 18.864300 
89 18.890300 
90 18.906000 
91 18.911200 

1 17.561500 
2 17.598600 
3 17.705000 
4 17.866700 
5 18.063900 
6 18.274900 
7 18.478700 
8 18.656700 
9 18.794600 
10 18.881500 
11 18.911200 
12 18.906000 
13 18.890300 
14 18.864300 
15 18.828300 
16 18.782800 
17 18.728200 
18 18.665300 
19 18.595100 
20 18.518900 
21 18.438100 
22 18.354500 
23 18.270000 
24 18.187000 
25 18.107800 
26 18.035100 
27 17.971200 
28 17.918700 
29 17.879500 
30 17.855300 
31 17.847100 
32 17.843500 
33 17.833300 
34 17.817300 
35 17.797000 
36 17.774400 
37 17.751500 
38 17.730800 
39 17.714200 
40 17.703600 
41 17.699900 
42 17.696600 
43 17.686900 
44 17.671800 
45 17.652700 
46 17.631400 
47 17.609900 
48 17.590500 
49 17.574900 
50 17.564900 
51 17.561500 
52 17.563200 
53 17.568400 
54 17.576900 
55 17.588500 
56 17.603000 
57 17.619900 
58 17.638900 
59 17.659600 
60 17.681300 
61 17.703600 
62 17.726000 
63 17.747900 
64 17.768600 
65 17.787800 
66 17.805000 
67 17.819700 
68 17.831500 
69 17.840100 
70 17.845300 
71 17.847100 
72 17.855300 
73 17.879500 
74 17.918700 
75 17.971200 
76 18.035100 
77 18.107800 
78 18.187000 
79 18.270000 
80 18.354500 
81 18.438100 
82 18.518900 
83 18.595100 
84 18.665300 
85 18.728200 
86 18.782800 
87 18.828300 
88 18.864300 
89 18.890300 
90 18.906000 
91 18.911200 

1 2.374200 
2 2.350500 
3 2.280500 
4 2.166600 
5 2.013800 
6 1.829800 
7 1.626700 
8 1.422500 
9 1.242000 
10 1.115100 
11 1.069000 
12 1.073700 
13 1.084400 
14 1.092500 
15 1.087800 
16 1.062800 
17 1.014700 
18 0.948500 
19 0.879700 
20 0.837900 
21 0.866400 
22 1.007600 
23 1.272300 
24 1.627300 
25 2.021100 
26 2.408800 
27 2.758500 
28 3.048600 
29 3.265000 
30 3.398400 
31 3.443400 
32 3.384200 
33 3.218000 
34 2.972800 
35 2.679800 
36 2.361800 
37 2.033800 
38 1.711000 
39 1.419100 
40 1.203000 
41 1.120700 
42 1.049300 
43 0.873900 
44 0.676800 
45 0.543600 
46 1.064900 
47 1.517200 
48 1.884000 
49 2.153700 
50 2.318600 
51 2.374200 
52 2.346400 
53 2.264100 
54 2.130100 
55 1.950000 
56 1.734500 
57 1.504900 
58 1.307600 
59 1.224400 
60 1.297100 
61 1.473300 
62 1.702800 
63 1.960900 
64 2.232300 
65 2.503400 
66 2.760400 
67 2.990300 
68 3.181500 
69 3.324700 
70 3.413400 
71 3.443400 
72 3.398400 
73 3.265000 
74 3.048600 
75 2.758500 
76 2.408800 
77 2.021100 
78 1.627300 
79 1.272300 
80 1.007600 
81 0.866400 
82 0.837900 
83 0.879700 
84 0.948500 
85 1.014700 
86 1.062800 
87 1.087800 
88 1.092500 
89 1.084400 
90 1.073700 
91 1.069000 

1 -0.271000 
2 -0.391500 
3 -0.747300 
4 -1.323100 
5 -0.941700 
6 -0.350700 
7 0.148300 
8 0.545800 
9 0.834800 
10 1.010200 
11 1.069000 
12 1.040100 
13 0.953400 
14 0.810000 
15 0.611600 
16 0.360900 
17 0.062200 
18 -0.277000 
19 -0.641300 
20 -0.991100 
21 -1.206800 
22 -1.100500 
23 -0.764300 
24 -0.376700 
25 -0.004500 
26 0.328500 
27 0.611200 
28 0.836900 
29 1.001100 
30 1.100800 
31 1.134200 
32 1.117900 
33 1.069900 
34 0.993100 
35 0.892400 
36 0.775300 
37 0.651600 
38 0.533500 
39 0.434800 
40 0.368900 
41 0.345700 
42 0.281700 
43 0.059000 
44 -0.022700 
45 0.493900 
46 0.318000 
47 0.146000 
48 -0.014500 
49 -0.148700 
50 -0.239000 
51 -0.271000 
52 -0.254800 
53 -0.207000 
54 -0.129800 
55 -0.027900 
56 0.090700 
57 0.210400 
58 0.296300 
59 0.288700 
60 0.186300 
61 0.099400 
62 0.117700 
63 0.238700 
64 0.410400 
65 0.589300 
66 0.752300 
67 0.889200 
68 0.996500 
69 1.073100 
70 1.119000 
71 1.134200 
72 1.100800 
73 1.001100 
74 0.836900 
75 0.611200 
76 0.328500 
77 -0.004500 
78 -0.376700 
79 -0.764300 
80 -1.100500 
81 -1.206800 
82 -0.991100 
83 -0.641300 
84 -0.277000 
85 0.062200 
86 0.360900 
87 0.611600 
88 0.810000 
89 0.953400 
90 1.040100 
91 1.069000 

1 -3.441000 
2 -3.043600 
3 -2.333400 
4 -1.610800 
5 -0.941700 
6 -0.350700 
7 0.148300 
8 0.545800 
9 0.834800 
10 1.010200 
11 1.069000 
12 1.040100 
13 0.953400 
14 0.810000 
15 0.611600 
16 0.360900 
17 0.062200 
18 -0.277000 
19 -0.641300 
20 -0.991100 
21 -1.206800 
22 -1.100500 
23 -0.764300 
24 -0.376700 
25 -0.004500 
26 0.328500 
27 0.611200 
28 0.836900 
29 1.001100 
30 1.100800 
31 1.134200 
32 1.061300 
33 0.842100 
34 0.482200 
35 0.008300 
36 -0.515500 
37 -0.983600 
38 -1.283500 
39 -1.379900 
40 -1.353300 
41 -1.325200 
42 -1.093600 
43 -0.594700 
44 -0.381400 
45 -1.038600 
46 -1.854200 
47 -2.753900 
48 -3.276700 
49 -3.363300 
50 -3.420800 
51 -3.441000 
52 -3.444800 
53 -3.456600 
54 -3.477700 
55 -3.510200 
56 -3.556700 
57 -3.376800 
58 -2.902400 
59 -2.418000 
60 -1.936700 
61 -1.468800 
62 -1.022500 
63 -0.604700 
64 -0.221200 
65 0.122600 
66 0.422200 
67 0.673400 
68 0.872800 
69 1.017300 
70 1.104900 
71 1.134200 
72 1.100800 
73 1.001100 
74 0.836900 
75 0.611200 
76 0.328500 
77 -0.004500 
78 -0.376700 
79 -0.764300 
80 -1.100500 
81 -1.206800 
82 -0.991100 
83 -0.641300 
84 -0.277000 
85 0.062200 
86 0.360900 
87 0.611600 
88 0.810000 
89 0.953400 
90 1.040100 
91 1.069000 

1 -3.441000 
2 -3.043600 
3 -2.333400 
4 -1.610800 
5 -2.096200 
6 -3.039700 
7 -4.123700 
8 -5.314000 
9 -5.122600 
10 -4.808900 
11 -4.700500 
12 -4.782200 
13 -5.022800 
14 -5.409900 
15 -5.926100 
16 -5.401700 
17 -4.714800 
18 -4.061700 
19 -3.458800 
20 -2.945400 
21 -2.639300 
22 -2.725200 
23 -3.105600 
24 -3.482600 
25 -3.830200 
26 -4.271700 
27 -4.758100 
28 -5.238800 
29 -5.656100 
30 -5.945200 
31 -6.049500 
32 -5.894600 
33 -5.501700 
34 -4.997400 
35 -4.473100 
36 -3.981400 
37 -3.552200 
38 -3.203900 
39 -2.947900 
40 -2.791600 
41 -2.739000 
42 -2.753900 
43 -2.797400 
44 -2.866900 
45 -2.957500 
46 -3.062400 
47 -3.172500 
48 -3.641400 
49 -3.642800 
50 -3.491800 
51 -3.441000 
52 -3.452500 
53 -3.486900 
54 -3.543900 
55 -3.623200 
56 -3.724000 
57 -3.584400 
58 -3.199600 
59 -2.849600 
60 -2.591000 
61 -2.496100 
62 -2.614600 
63 -2.926000 
64 -3.365500 
65 -3.873100 
66 -4.402900 
67 -4.915700 
68 -5.372800 
69 -5.735400 
70 -5.968900 
71 -6.049500 
72 -5.945200 
73 -5.656100 
74 -5.238800 
75 -4.758100 
76 -4.271700 
77 -3.830200 
78 -3.482600 
79 -3.105600 
80 -2.725200 
81 -2.639300 
82 -2.945400 
83 -3.458800 
84 -4.061700 
85 -4.714800 
86 -5.401700 
87 -5.926100 
88 -5.409900 
89 -5.022800 
90 -4.782200 
91 -4.700500 

1 -5.000100 
2 -5.425800 
3 -6.214700 
4 -7.048400 
5 -7.834700 
6 -7.002400 
7 -6.249200 
8 -5.613300 
9 -6.565100 
10 -7.787300 
11 -8.532400 
12 -8.198400 
13 -7.549400 
14 -6.834400 
15 -6.112000 
16 -5.401700 
17 -4.714800 
18 -4.061700 
19 -3.458800 
20 -2.945400 
21 -2.639300 
22 -2.725200 
23 -3.105600 
24 -3.594000 
25 -4.112000 
26 -4.620300 
27 -5.088400 
28 -5.487800 
29 -5.793100 
30 -5.984400 
31 -6.049500 
32 -5.894600 
33 -5.501700 
34 -4.997400 
35 -4.473100 
36 -3.981400 
37 -3.552200 
38 -3.203900 
39 -2.947900 
40 -2.791600 
41 -2.739000 
42 -2.907800 
43 -3.234000 
44 -3.564600 
45 -3.869600 
46 -4.150900 
47 -4.222200 
48 -3.889000 
49 -4.384300 
50 -4.850200 
51 -5.000100 
52 -4.950700 
53 -4.802300 
54 -4.557200 
55 -4.225100 
56 -3.824500 
57 -3.619500 
58 -3.701400 
59 -3.804400 
60 -3.930400 
61 -4.080500 
62 -4.254900 
63 -4.453000 
64 -4.672900 
65 -4.911000 
66 -5.161100 
67 -5.413400 
68 -5.652700 
69 -5.857200 
70 -5.998500 
71 -6.049500 
72 -5.984400 
73 -5.793100 
74 -5.487800 
75 -5.088400 
76 -4.620300 
77 -4.112000 
78 -3.594000 
79 -3.105600 
80 -2.725200 
81 -2.639300 
82 -2.945400 
83 -3.458800 
84 -4.061700 
85 -4.714800 
86 -5.401700 
87 -6.112000 
88 -6.834400 
89 -7.549400 
90 -8.198400 
91 -8.532400 

1 -5.000100 
2 -5.425800 
3 -6.214700 
4 -7.048400 
5 -7.834700 
6 -8.387900 
7 -8.431700 
8 -8.471800 
9 -8.504200 
10 -8.525100 
11 -8.532400 
12 -8.198400 
13 -7.549400 
14 -6.834400 
15 -6.112000 
16 -6.549500 
17 -6.216300 
18 -5.387100 
19 -4.630600 
20 -3.993200 
21 -3.529200 
22 -3.287900 
23 -3.283400 
24 -3.594000 
25 -4.112000 
26 -4.620300 
27 -5.088400 
28 -5.487800 
29 -5.793100 
30 -5.984400 
31 -6.049500 
32 -6.058300 
33 -6.084000 
34 -6.124700 
35 -6.177000 
36 -6.236200 
37 -6.296900 
38 -6.353000 
39 -6.398500 
40 -6.428100 
41 -6.438300 
42 -6.317800 
43 -5.996300 
44 -5.559500 
45 -5.085400 
46 -4.628200 
47 -4.410200 
48 -4.641500 
49 -4.830000 
50 -4.955600 
51 -5.000100 
52 -4.953700 
53 -4.817300 
54 -4.598500 
55 -4.308700 
56 -3.963600 
57 -3.845300 
58 -3.986000 
59 -4.144600 
60 -4.319200 
61 -4.507300 
62 -4.705700 
63 -4.910800 
64 -5.118000 
65 -5.321500 
66 -5.514700 
67 -5.690000 
68 -5.838800 
69 -5.952900 
70 -6.024900 
71 -6.049500 
72 -5.984400 
73 -5.793100 
74 -5.487800 
75 -5.088400 
76 -4.620300 
77 -4.112000 
78 -3.594000 
79 -3.283400 
80 -3.287900 
81 -3.529200 
82 -3.993200 
83 -4.630600 
84 -5.387100 
85 -6.216300 
86 -6.549500 
87 -6.112000 
88 -6.834400 
89 -7.549400 
90 -8.198400 
91 -8.532400 

1 -8.251100 
2 -8.257700 
3 -8.276700 
4 -8.306600 
5 -7.849600 
6 -8.524500 
7 -9.090800 
8 -9.525800 
9 -9.832500 
10 -10.015200 
11 -10.076000 
12 -9.904800 
13 -9.432600 
14 -8.749900 
15 -7.945400 
16 -7.089400 
17 -7.273400 
18 -8.051300 
19 -8.855900 
20 -9.623400 
21 -10.252100 
22 -10.637200 
23 -10.773500 
24 -10.752400 
25 -10.661500 
26 -10.553200 
27 -10.455700 
28 -10.384600 
29 -10.345700 
30 -10.333500 
31 -10.332600 
32 -10.074600 
33 -9.467200 
34 -8.756700 
35 -8.098200 
36 -7.603800 
37 -7.387000 
38 -7.550400 
39 -8.106000 
40 -8.567700 
41 -8.481800 
42 -8.627000 
43 -9.039800 
44 -9.199600 
45 -9.011600 
46 -8.746300 
47 -8.452700 
48 -8.218300 
49 -8.129200 
50 -8.190700 
51 -8.251100 
52 -8.216200 
53 -8.133600 
54 -8.049700 
55 -8.001600 
56 -8.005500 
57 -8.062400 
58 -8.167000 
59 -8.312000 
60 -8.490300 
61 -8.695200 
62 -8.919500 
63 -9.155600 
64 -9.394200 
65 -9.624900 
66 -9.835900 
67 -10.016000 
68 -10.120300 
69 -10.217700 
70 -10.299500 
71 -10.332600 
72 -10.333500 
73 -10.345700 
74 -10.384600 
75 -10.455700 
76 -10.553200 
77 -10.661500 
78 -10.752400 
79 -10.773500 
80 -10.637200 
81 -10.252100 
82 -9.623400 
83 -8.855900 
84 -8.051300 
85 -7.273400 
86 -7.089400 
87 -7.945400 
88 -8.749900 
89 -9.432600 
90 -9.904800 
91 -10.076000 

1 -11.247700 
2 -10.680500 
3 -9.734500 
4 -8.769400 
5 -8.344900 
6 -8.524500 
7 -9.090800 
8 -9.525800 
9 -9.832500 
10 -10.015200 
11 -10.076000 
12 -10.409700 
13 -11.052800 
14 -11.738700 
22 -11.914400 
23 -11.622200 
24 -11.350700 
25 -11.103800 
26 -10.884500 
27 -10.696000 
28 -10.542100 
29 -10.427500 
30 -10.356600 
31 -10.332600 
32 -10.495300 
33 -10.904200 
34 -11.414700 
35 -11.267000 
36 -10.470000 
37 -9.787100 
38 -9.232600 
39 -8.821400 
40 -8.892500 
41 -9.378000 
42 -9.362400 
43 -9.309200 
44 -9.656400 
45 -10.381600 
46 -11.098000 
47 -11.480200 
48 -11.497000 
49 -11.514800 
50 -11.319100 
51 -11.247700 
52 -11.280700 
53 -11.279000 
54 -10.893200 
55 -10.454700 
56 -10.093600 
57 -9.823900 
58 -9.643800 
59 -9.544700 
60 -9.514300 
61 -9.538000 
62 -9.599700 
63 -9.683100 
64 -9.773200 
65 -9.860300 
66 -9.943300 
67 -10.027800 
68 -10.157300 
69 -10.256200 
70 -10.313800 
71 -10.332600 
72 -10.356600 
73 -10.427500 
74 -10.542100 
75 -10.696000 
76 -10.884500 
77 -11.103800 
78 -11.350700 
79 -11.622200 
80 -11.914400 
88 -11.738700 
89 -11.052800 
90 -10.409700 
91 -10.076000 

9 -11.604700 
10 -10.715100 
11 -10.076000 
12 -10.409700 
13 -11.052800 
14 -11.738700 
22 -11.914400 
23 -11.622200 
24 -11.350700 
25 -11.103800 
26 -10.884500 
27 -10.696000 
28 -10.542100 
29 -10.427500 
30 -10.356600 
31 -10.332600 
32 -10.495300 
33 -10.904200 
34 -11.414700 
35 -11.923800 
45 -11.917000 
46 -11.614500 
47 -11.691400 
48 -11.780100 
49 -11.672200 
53 -11.676900 
54 -11.721500 
55 -11.935600 
67 -11.499300 
68 -11.029200 
69 -10.658600 
70 -10.417100 
71 -10.332600 
72 -10.356600 
73 -10.427500 
74 -10.542100 
75 -10.696000 
76 -10.884500 
77 -11.103800 
78 -11.350700 
79 -11.622200 
80 -11.914400 
88 -11.738700 
89 -11.052800 
90 -10.409700 
91 -10.076000 

35 -11.923800 













