1 19.130100 
2 19.124500 
3 19.108000 
4 19.082200 
5 19.049300 
6 19.012500 
7 18.975200 
8 18.941200 
9 18.914000 
10 18.896400 
11 18.890300 
12 18.885800 
13 18.872500 
14 18.850100 
15 18.818700 
16 18.777800 
17 18.727500 
18 18.667600 
19 18.598200 
20 18.519900 
21 18.433300 
22 18.339800 
23 18.241400 
24 18.140400 
25 18.040400 
26 17.945000 
27 17.858400 
28 17.785100 
29 17.729300 
30 17.694200 
31 17.682300 
32 17.731300 
33 17.871100 
34 18.081400 
35 18.335200 
36 18.603600 
37 18.860200 
38 19.082600 
39 19.253600 
40 19.361100 
41 19.397700 
42 19.391400 
43 19.373100 
44 19.344500 
45 19.308000 
46 19.266900 
47 19.225300 
48 19.187300 
49 19.156700 
50 19.137000 
51 19.130100 
52 19.123700 
53 19.104300 
54 19.072100 
55 19.027200 
56 18.969800 
57 18.900400 
58 18.819400 
59 18.728000 
60 18.627300 
61 18.519200 
62 18.405600 
63 18.289400 
64 18.173600 
65 18.061600 
66 17.957400 
67 17.864900 
68 17.788100 
69 17.730300 
70 17.694500 
71 17.682300 
72 17.694200 
73 17.729300 
74 17.785100 
75 17.858400 
76 17.945000 
77 18.040400 
78 18.140400 
79 18.241400 
80 18.339800 
81 18.433300 
82 18.519900 
83 18.598200 
84 18.667600 
85 18.727500 
86 18.777800 
87 18.818700 
88 18.850100 
89 18.872500 
90 18.885800 
91 18.890300 

1 19.130100 
2 19.124500 
3 19.108000 
4 19.082200 
5 19.049300 
6 19.012500 
7 18.975200 
8 18.941200 
9 18.914000 
10 18.896400 
11 18.890300 
12 18.884500 
13 18.867000 
14 18.838100 
15 18.798100 
16 18.747200 
17 18.686100 
18 18.615700 
19 18.536900 
20 18.451100 
21 18.359700 
22 18.264900 
23 18.168800 
24 18.073900 
25 17.983300 
26 17.899600 
27 17.826000 
28 17.765300 
29 17.719900 
30 17.691800 
31 17.682300 
32 17.678200 
33 17.666300 
34 17.647700 
35 17.624000 
36 17.597700 
37 17.571100 
38 17.547000 
39 17.527700 
40 17.515200 
41 17.510900 
42 17.556500 
43 17.686800 
44 17.883600 
45 18.122000 
46 18.375200 
47 18.618300 
48 18.829700 
49 18.992600 
50 19.095200 
51 19.130100 
52 19.122500 
53 19.099600 
54 19.061900 
55 19.009900 
56 18.944500 
57 18.866700 
58 18.778000 
59 18.679900 
60 18.574400 
61 18.463700 
62 18.350200 
63 18.236700 
64 18.126100 
65 18.021500 
66 17.926000 
67 17.842800 
68 17.774700 
69 17.724000 
70 17.692800 
71 17.682300 
72 17.691800 
73 17.719900 
74 17.765300 
75 17.826000 
76 17.899600 
77 17.983300 
78 18.073900 
79 18.168800 
80 18.264900 
81 18.359700 
82 18.451100 
83 18.536900 
84 18.615700 
85 18.686100 
86 18.747200 
87 18.798100 
88 18.838100 
89 18.867000 
90 18.884500 
91 18.890300 

1 17.350200 
2 17.393200 
3 17.515800 
4 17.701700 
5 17.927500 
6 18.168300 
7 18.400100 
8 18.602200 
9 18.758300 
10 18.856700 
11 18.890300 
12 18.884500 
13 18.867000 
14 18.838100 
15 18.798100 
16 18.747200 
17 18.686100 
18 18.615700 
19 18.536900 
20 18.451100 
21 18.359700 
22 18.264900 
23 18.168800 
24 18.073900 
25 17.983300 
26 17.899600 
27 17.826000 
28 17.765300 
29 17.719900 
30 17.691800 
31 17.682300 
32 17.678200 
33 17.666300 
34 17.647700 
35 17.624000 
36 17.597700 
37 17.571100 
38 17.547000 
39 17.527700 
40 17.515200 
41 17.510900 
42 17.507100 
43 17.495900 
44 17.478400 
45 17.456300 
46 17.431500 
47 17.406700 
48 17.384000 
49 17.366000 
50 17.354300 
51 17.350200 
52 17.352300 
53 17.358300 
54 17.368200 
55 17.381800 
56 17.398600 
57 17.418300 
58 17.440400 
59 17.464400 
60 17.489700 
61 17.515700 
62 17.541700 
63 17.567000 
64 17.591200 
65 17.613500 
66 17.633400 
67 17.650400 
68 17.664100 
69 17.674100 
70 17.680200 
71 17.682300 
72 17.691800 
73 17.719900 
74 17.765300 
75 17.826000 
76 17.899600 
77 17.983300 
78 18.073900 
79 18.168800 
80 18.264900 
81 18.359700 
82 18.451100 
83 18.536900 
84 18.615700 
85 18.686100 
86 18.747200 
87 18.798100 
88 18.838100 
89 18.867000 
90 18.884500 
91 18.890300 

1 2.523300 
2 2.498600 
3 2.425300 
4 2.306200 
5 2.146100 
6 1.953100 
7 1.739700 
8 1.524700 
9 1.334100 
10 1.199900 
11 1.151100 
12 1.155300 
13 1.164500 
14 1.169300 
15 1.158600 
16 1.123900 
17 1.061600 
18 0.976000 
19 0.881400 
20 0.806700 
21 0.797000 
22 0.902100 
23 1.143700 
24 1.493700 
25 1.896400 
26 2.300300 
27 2.668400 
28 2.975600 
29 3.205600 
30 3.347700 
31 3.395700 
32 3.332700 
33 3.157700 
34 2.903700 
35 2.604900 
36 2.283400 
37 1.951800 
38 1.624200 
39 1.326600 
40 1.105300 
41 1.020800 
42 0.945500 
43 0.770600 
44 0.587300 
45 0.549000 
46 1.113100 
47 1.601000 
48 1.996000 
49 2.286300 
50 2.463700 
51 2.523300 
52 2.493500 
53 2.404800 
54 2.260100 
55 2.064600 
56 1.828100 
57 1.569700 
58 1.330900 
59 1.195300 
60 1.231000 
61 1.390600 
62 1.611600 
63 1.865300 
64 2.136400 
65 2.411600 
66 2.676400 
67 2.916200 
68 3.117600 
69 3.269400 
70 3.363700 
71 3.395700 
72 3.347700 
73 3.205600 
74 2.975600 
75 2.668400 
76 2.300300 
77 1.896400 
78 1.493700 
79 1.143700 
80 0.902100 
81 0.797000 
82 0.806700 
83 0.881400 
84 0.976000 
85 1.061600 
86 1.123900 
87 1.158600 
88 1.169300 
89 1.164500 
90 1.155300 
91 1.151100 

1 -0.365300 
2 -0.494600 
3 -0.876200 
4 -1.491900 
5 -0.986300 
6 -0.358600 
7 0.171700 
8 0.594300 
9 0.901700 
10 1.088500 
11 1.151100 
12 1.120500 
13 1.029100 
14 0.877800 
15 0.668300 
16 0.403300 
17 0.086900 
18 -0.273400 
19 -0.663100 
20 -1.045100 
21 -1.302400 
22 -1.217700 
23 -0.863000 
24 -0.445200 
25 -0.042300 
26 0.318800 
27 0.625800 
28 0.871400 
29 1.050400 
30 1.159000 
31 1.195500 
32 1.178300 
33 1.127600 
34 1.046400 
35 0.940000 
36 0.816000 
37 0.684800 
38 0.559300 
39 0.454400 
40 0.384100 
41 0.359200 
42 0.288900 
43 0.035900 
44 -0.067100 
45 0.415300 
46 0.242200 
47 0.067800 
48 -0.097600 
49 -0.237200 
50 -0.331700 
51 -0.365300 
52 -0.348300 
53 -0.298100 
54 -0.217000 
55 -0.109700 
56 0.016400 
57 0.147200 
58 0.252200 
59 0.269300 
60 0.171700 
61 0.070300 
62 0.079200 
63 0.207300 
64 0.397100 
65 0.596500 
66 0.777500 
67 0.928500 
68 1.045900 
69 1.129300 
70 1.179000 
71 1.195500 
72 1.159000 
73 1.050400 
74 0.871400 
75 0.625800 
76 0.318800 
77 -0.042300 
78 -0.445200 
79 -0.863000 
80 -1.217700 
81 -1.302400 
82 -1.045100 
83 -0.663100 
84 -0.273400 
85 0.086900 
86 0.403300 
87 0.668300 
88 0.877800 
89 1.029100 
90 1.120500 
91 1.151100 

1 -3.627800 
2 -3.212900 
3 -2.462800 
4 -1.696500 
5 -0.986300 
6 -0.358600 
7 0.171700 
8 0.594300 
9 0.901700 
10 1.088500 
11 1.151100 
12 1.120500 
13 1.029100 
14 0.877800 
15 0.668300 
16 0.403300 
17 0.086900 
18 -0.273400 
19 -0.663100 
20 -1.045100 
21 -1.302400 
22 -1.217700 
23 -0.863000 
24 -0.445200 
25 -0.042300 
26 0.318800 
27 0.625800 
28 0.871400 
29 1.050400 
30 1.159000 
31 1.195500 
32 1.115200 
33 0.873100 
34 0.473200 
35 -0.054900 
36 -0.638500 
37 -1.158700 
38 -1.489700 
39 -1.594200 
40 -1.564300 
41 -1.533700 
42 -1.259700 
43 -0.696500 
44 -0.464800 
45 -1.191600 
46 -2.075900 
47 -3.039800 
48 -3.450400 
49 -3.543800 
50 -3.605900 
51 -3.627800 
52 -3.631700 
53 -3.643900 
54 -3.666100 
55 -3.700200 
56 -3.749100 
57 -3.683400 
58 -3.177300 
59 -2.657800 
60 -2.139800 
61 -1.634800 
62 -1.152200 
63 -0.699400 
64 -0.283100 
65 0.090900 
66 0.417300 
67 0.691400 
68 0.909300 
69 1.067400 
70 1.163400 
71 1.195500 
72 1.159000 
73 1.050400 
74 0.871400 
75 0.625800 
76 0.318800 
77 -0.042300 
78 -0.445200 
79 -0.863000 
80 -1.217700 
81 -1.302400 
82 -1.045100 
83 -0.663100 
84 -0.273400 
85 0.086900 
86 0.403300 
87 0.668300 
88 0.877800 
89 1.029100 
90 1.120500 
91 1.151100 

1 -3.627800 
2 -3.212900 
3 -2.462800 
4 -1.696500 
5 -2.316200 
6 -3.318700 
7 -4.466600 
8 -5.697300 
9 -5.183400 
10 -4.854500 
11 -4.740700 
12 -4.826500 
13 -5.079100 
14 -5.485300 
15 -6.027200 
16 -5.800000 
17 -5.069000 
18 -4.371100 
19 -3.722200 
20 -3.159600 
21 -2.798800 
22 -2.854500 
23 -3.249200 
24 -3.692000 
25 -4.047500 
26 -4.510800 
27 -5.027400 
28 -5.542700 
29 -5.994000 
30 -6.309800 
31 -6.424400 
32 -6.254600 
33 -5.827400 
34 -5.284000 
35 -4.722200 
36 -4.197100 
37 -3.739600 
38 -3.368700 
39 -3.096300 
40 -2.930100 
41 -2.874200 
42 -2.890000 
43 -2.936500 
44 -3.010700 
45 -3.107600 
46 -3.220000 
47 -3.338100 
48 -3.978900 
49 -3.842600 
50 -3.681800 
51 -3.627800 
52 -3.639900 
53 -3.676300 
54 -3.736600 
55 -3.820400 
56 -3.927100 
57 -3.815500 
58 -3.495900 
59 -3.111500 
60 -2.812600 
61 -2.678300 
62 -2.772500 
63 -3.083000 
64 -3.540400 
65 -4.077000 
66 -4.641700 
67 -5.192000 
68 -5.685800 
69 -6.080300 
70 -6.335900 
71 -6.424400 
72 -6.309800 
73 -5.994000 
74 -5.542700 
75 -5.027400 
76 -4.510800 
77 -4.047500 
78 -3.692000 
79 -3.249200 
80 -2.854500 
81 -2.798800 
82 -3.159600 
83 -3.722200 
84 -4.371100 
85 -5.069000 
86 -5.800000 
87 -6.027200 
88 -5.485300 
89 -5.079100 
90 -4.826500 
91 -4.740700 

1 -5.351700 
2 -5.800000 
3 -6.643300 
4 -7.541700 
5 -8.037400 
6 -7.150500 
7 -6.362700 
8 -5.723500 
9 -7.041000 
10 -8.323500 
11 -9.097000 
12 -8.751600 
13 -8.071800 
14 -7.318000 
15 -6.553600 
16 -5.800000 
17 -5.069000 
18 -4.371100 
19 -3.722200 
20 -3.159600 
21 -2.798800 
22 -2.854500 
23 -3.249200 
24 -3.768600 
25 -4.322900 
26 -4.869600 
27 -5.375700 
28 -5.809800 
29 -6.143200 
30 -6.352900 
31 -6.424400 
32 -6.254600 
33 -5.827400 
34 -5.284000 
35 -4.722200 
36 -4.197100 
37 -3.739600 
38 -3.368700 
39 -3.096300 
40 -2.930100 
41 -2.874200 
42 -3.078900 
43 -3.451600 
44 -3.814600 
45 -4.143000 
46 -4.443100 
47 -4.460100 
48 -4.105000 
49 -4.747100 
50 -5.209100 
51 -5.351700 
52 -5.304300 
53 -5.159500 
54 -4.914800 
55 -4.575200 
56 -4.157000 
57 -3.906800 
58 -3.902300 
59 -4.011700 
60 -4.145700 
61 -4.305400 
62 -4.491300 
63 -4.702600 
64 -4.937500 
65 -5.192200 
66 -5.460500 
67 -5.732100 
68 -5.991100 
69 -6.213600 
70 -6.368300 
71 -6.424400 
72 -6.352900 
73 -6.143200 
74 -5.809800 
75 -5.375700 
76 -4.869600 
77 -4.322900 
78 -3.768600 
79 -3.249200 
80 -2.854500 
81 -2.798800 
82 -3.159600 
83 -3.722200 
84 -4.371100 
85 -5.069000 
86 -5.800000 
87 -6.553600 
88 -7.318000 
89 -8.071800 
90 -8.751600 
91 -9.097000 

1 -5.351700 
2 -5.800000 
3 -6.643300 
4 -7.541700 
5 -8.391800 
6 -8.938500 
7 -8.986500 
8 -9.030600 
9 -9.066100 
10 -9.089000 
11 -9.097000 
12 -8.751600 
13 -8.071800 
14 -7.318000 
15 -6.553600 
16 -6.684100 
17 -6.750400 
18 -5.871100 
19 -5.059300 
20 -4.363000 
21 -3.839000 
22 -3.544300 
23 -3.504500 
24 -3.768600 
25 -4.322900 
26 -4.869600 
27 -5.375700 
28 -5.809800 
29 -6.143200 
30 -6.352900 
31 -6.424400 
32 -6.433900 
33 -6.461900 
34 -6.506000 
35 -6.562800 
36 -6.627100 
37 -6.693300 
38 -6.754400 
39 -6.804000 
40 -6.836400 
41 -6.847700 
42 -6.715600 
43 -6.365500 
44 -5.893100 
45 -5.383400 
46 -4.893800 
47 -4.719400 
48 -4.966300 
49 -5.168500 
50 -5.303800 
51 -5.351700 
52 -5.305900 
53 -5.170600 
54 -4.951700 
55 -4.658300 
56 -4.303600 
57 -4.055700 
58 -4.205000 
59 -4.373400 
60 -4.559000 
61 -4.759300 
62 -4.971300 
63 -5.190900 
64 -5.413300 
65 -5.632500 
66 -5.841400 
67 -6.031600 
68 -6.193800 
69 -6.318500 
70 -6.397400 
71 -6.424400 
72 -6.352900 
73 -6.143200 
74 -5.809800 
75 -5.375700 
76 -4.869600 
77 -4.322900 
78 -3.768600 
79 -3.504500 
80 -3.544300 
81 -3.839000 
82 -4.363000 
83 -5.059300 
84 -5.871100 
85 -6.750400 
86 -6.684100 
87 -6.553600 
88 -7.318000 
89 -8.071800 
90 -8.751600 
91 -9.097000 

1 -8.788900 
2 -8.796000 
3 -8.816800 
4 -8.849500 
5 -8.391800 
6 -9.136000 
7 -9.742200 
8 -10.202900 
9 -10.524500 
10 -10.714900 
11 -10.778100 
12 -10.602600 
13 -10.116300 
14 -9.408800 
15 -8.569800 
16 -7.670100 
17 -7.444900 
18 -8.265200 
19 -9.121600 
20 -9.951400 
21 -10.651800 
22 -11.101500 
23 -11.274400 
24 -11.263800 
25 -11.169100 
26 -11.049300 
27 -10.935300 
28 -10.843500 
29 -10.781600 
30 -10.749200 
31 -10.739900 
32 -10.473800 
33 -9.845700 
34 -9.109300 
35 -8.426400 
36 -7.915800 
37 -7.701400 
38 -7.898000 
39 -8.521900 
40 -8.716100 
41 -8.626300 
42 -8.783100 
43 -9.228900 
44 -9.748500 
45 -9.513300 
46 -9.196400 
47 -8.865600 
48 -8.623400 
49 -8.568000 
50 -8.693300 
51 -8.788900 
52 -8.735200 
53 -8.607000 
54 -8.470500 
55 -8.376900 
56 -8.348100 
57 -8.384600 
58 -8.478500 
59 -8.620000 
60 -8.800100 
61 -9.010700 
62 -9.243900 
63 -9.491000 
64 -9.742500 
65 -9.986800 
66 -10.211100 
67 -10.403100 
68 -10.548200 
69 -10.636400 
70 -10.710100 
71 -10.739900 
72 -10.749200 
73 -10.781600 
74 -10.843500 
75 -10.935300 
76 -11.049300 
77 -11.169100 
78 -11.263800 
79 -11.274400 
80 -11.101500 
81 -10.651800 
82 -9.951400 
83 -9.121600 
84 -8.265200 
85 -7.444900 
86 -7.670100 
87 -8.569800 
88 -9.408800 
89 -10.116300 
90 -10.602600 
91 -10.778100 

1 -11.688600 
2 -11.039100 
3 -10.021900 
4 -9.002800 
5 -8.891300 
6 -9.136000 
7 -9.742200 
8 -10.202900 
9 -10.524500 
10 -10.714900 
11 -10.778100 
12 -11.122800 
13 -11.795000 
24 -11.846200 
25 -11.578400 
26 -11.340400 
27 -11.135600 
28 -10.968300 
29 -10.843500 
30 -10.766100 
31 -10.739900 
32 -10.914400 
33 -11.346600 
34 -11.875300 
35 -11.528200 
36 -10.699300 
37 -9.988200 
38 -9.410200 
39 -8.981100 
40 -9.408500 
41 -9.979700 
42 -9.959200 
43 -9.889700 
44 -9.895400 
45 -10.679800 
46 -11.453100 
49 -11.978300 
50 -11.766100 
51 -11.688600 
52 -11.725100 
53 -11.747300 
54 -11.361500 
55 -10.890500 
56 -10.498900 
57 -10.205700 
58 -10.010600 
59 -9.905100 
60 -9.875900 
61 -9.907600 
62 -9.982700 
63 -10.082600 
64 -10.189300 
65 -10.289400 
66 -10.378700 
67 -10.462300 
68 -10.553700 
69 -10.658900 
70 -10.720000 
71 -10.739900 
72 -10.766100 
73 -10.843500 
74 -10.968300 
75 -11.135600 
76 -11.340400 
77 -11.578400 
78 -11.846200 
89 -11.795000 
90 -11.122800 
91 -10.778100 

10 -11.444200 
11 -10.778100 
12 -11.122800 
13 -11.795000 
24 -11.846200 
25 -11.578400 
26 -11.340400 
27 -11.135600 
28 -10.968300 
29 -10.843500 
30 -10.766100 
31 -10.739900 
32 -10.914400 
33 -11.346600 
34 -11.875300 
67 -11.983200 
68 -11.484700 
69 -11.089600 
70 -10.830800 
71 -10.739900 
72 -10.766100 
73 -10.843500 
74 -10.968300 
75 -11.135600 
76 -11.340400 
77 -11.578400 
78 -11.846200 
89 -11.795000 
90 -11.122800 
91 -10.778100 














