1 19.072900 
2 19.069000 
3 19.057300 
4 19.039100 
5 19.016000 
6 18.990200 
7 18.964100 
8 18.940400 
9 18.921500 
10 18.909200 
11 18.905000 
12 18.901600 
13 18.891100 
14 18.873600 
15 18.849000 
16 18.817200 
17 18.778100 
18 18.732000 
19 18.678900 
20 18.619400 
21 18.554200 
22 18.484400 
23 18.411700 
24 18.337700 
25 18.265100 
26 18.196400 
27 18.134700 
28 18.082900 
29 18.043600 
30 18.019100 
31 18.010700 
32 18.045200 
33 18.143900 
34 18.293700 
35 18.476300 
36 18.671400 
37 18.859700 
38 19.024100 
39 19.151200 
40 19.231300 
41 19.258700 
42 19.254300 
43 19.241500 
44 19.221400 
45 19.195900 
46 19.167400 
47 19.138500 
48 19.112300 
49 19.091300 
50 19.077700 
51 19.072900 
52 19.068000 
53 19.053200 
54 19.028500 
55 18.994300 
56 18.950600 
57 18.898000 
58 18.837000 
59 18.768500 
60 18.693400 
61 18.613300 
62 18.529700 
63 18.444700 
64 18.360500 
65 18.279800 
66 18.205200 
67 18.139400 
68 18.085100 
69 18.044400 
70 18.019200 
71 18.010700 
72 18.019100 
73 18.043600 
74 18.082900 
75 18.134700 
76 18.196400 
77 18.265100 
78 18.337700 
79 18.411700 
80 18.484400 
81 18.554200 
82 18.619400 
83 18.678900 
84 18.732000 
85 18.778100 
86 18.817200 
87 18.849000 
88 18.873600 
89 18.891100 
90 18.901600 
91 18.905000 

1 19.072900 
2 19.069000 
3 19.057300 
4 19.039100 
5 19.016000 
6 18.990200 
7 18.964100 
8 18.940400 
9 18.921500 
10 18.909200 
11 18.905000 
12 18.900500 
13 18.887000 
14 18.864600 
15 18.833700 
16 18.794500 
17 18.747800 
18 18.694100 
19 18.634400 
20 18.569700 
21 18.501400 
22 18.431000 
23 18.360300 
24 18.291000 
25 18.225300 
26 18.165100 
27 18.112500 
28 18.069300 
29 18.037200 
30 18.017400 
31 18.010700 
32 18.007800 
33 17.999500 
34 17.986400 
35 17.969800 
36 17.951200 
37 17.932700 
38 17.915800 
39 17.902400 
40 17.893700 
41 17.890700 
42 17.923000 
43 18.015700 
44 18.156700 
45 18.329000 
46 18.513800 
47 18.692500 
48 18.849000 
49 18.970300 
50 19.046800 
51 19.072900 
52 19.067200 
53 19.049800 
54 19.021200 
55 18.981900 
56 18.932500 
57 18.873900 
58 18.807400 
59 18.734200 
60 18.655800 
61 18.574000 
62 18.490600 
63 18.407700 
64 18.327500 
65 18.252000 
66 18.183600 
67 18.124200 
68 18.075900 
69 18.040100 
70 18.018100 
71 18.010700 
72 18.017400 
73 18.037200 
74 18.069300 
75 18.112500 
76 18.165100 
77 18.225300 
78 18.291000 
79 18.360300 
80 18.431000 
81 18.501400 
82 18.569700 
83 18.634400 
84 18.694100 
85 18.747800 
86 18.794500 
87 18.833700 
88 18.864600 
89 18.887000 
90 18.900500 
91 18.905000 

1 17.777600 
2 17.808300 
3 17.896000 
4 18.029800 
5 18.193700 
6 18.369800 
7 18.540500 
8 18.690300 
9 18.806500 
10 18.880000 
11 18.905000 
12 18.900500 
13 18.887000 
14 18.864600 
15 18.833700 
16 18.794500 
17 18.747800 
18 18.694100 
19 18.634400 
20 18.569700 
21 18.501400 
22 18.431000 
23 18.360300 
24 18.291000 
25 18.225300 
26 18.165100 
27 18.112500 
28 18.069300 
29 18.037200 
30 18.017400 
31 18.010700 
32 18.007800 
33 17.999500 
34 17.986400 
35 17.969800 
36 17.951200 
37 17.932700 
38 17.915800 
39 17.902400 
40 17.893700 
41 17.890700 
42 17.888000 
43 17.880100 
44 17.867800 
45 17.852100 
46 17.834700 
47 17.817200 
48 17.801300 
49 17.788600 
50 17.780500 
51 17.777600 
52 17.779100 
53 17.783300 
54 17.790200 
55 17.799700 
56 17.811400 
57 17.825200 
58 17.840700 
59 17.857600 
60 17.875300 
61 17.893500 
62 17.911800 
63 17.929600 
64 17.946500 
65 17.962200 
66 17.976200 
67 17.988200 
68 17.997900 
69 18.004900 
70 18.009300 
71 18.010700 
72 18.017400 
73 18.037200 
74 18.069300 
75 18.112500 
76 18.165100 
77 18.225300 
78 18.291000 
79 18.360300 
80 18.431000 
81 18.501400 
82 18.569700 
83 18.634400 
84 18.694100 
85 18.747800 
86 18.794500 
87 18.833700 
88 18.864600 
89 18.887000 
90 18.900500 
91 18.905000 

1 2.123600 
2 2.101400 
3 2.035600 
4 1.928800 
5 1.785600 
6 1.613500 
7 1.424100 
8 1.234400 
9 1.067300 
10 0.950300 
11 0.907900 
12 0.912900 
13 0.924800 
14 0.935900 
15 0.937600 
16 0.923300 
17 0.891500 
18 0.848300 
19 0.810600 
20 0.808300 
21 0.881400 
22 1.062300 
23 1.349200 
24 1.705700 
25 2.086100 
26 2.452700 
27 2.779500 
28 3.048700 
29 3.248500 
30 3.371300 
31 3.412700 
32 3.358100 
33 3.203300 
34 2.970900 
35 2.688100 
36 2.377600 
37 2.056400 
38 1.741100 
39 1.457500 
40 1.248500 
41 1.169200 
42 1.103100 
43 0.932800 
44 0.726500 
45 0.531700 
46 0.939400 
47 1.347600 
48 1.679500 
49 1.923900 
50 2.073300 
51 2.123600 
52 2.098500 
53 2.024000 
54 1.903200 
55 1.742300 
56 1.553400 
57 1.361100 
58 1.218000 
59 1.197200 
60 1.309600 
61 1.503700 
62 1.740900 
63 2.000800 
64 2.268500 
65 2.531200 
66 2.776200 
67 2.992600 
68 3.170800 
69 3.303400 
70 3.385100 
71 3.412700 
72 3.371300 
73 3.248500 
74 3.048700 
75 2.779500 
76 2.452700 
77 2.086100 
78 1.705700 
79 1.349200 
80 1.062300 
81 0.881400 
82 0.808300 
83 0.810600 
84 0.848300 
85 0.891500 
86 0.923300 
87 0.937600 
88 0.935900 
89 0.924800 
90 0.912900 
91 0.907900 

1 -0.216800 
2 -0.326400 
3 -0.651100 
4 -1.177900 
5 -0.944100 
6 -0.399400 
7 0.060300 
8 0.426500 
9 0.692500 
10 0.853900 
11 0.907900 
12 0.880900 
13 0.800300 
14 0.666900 
15 0.482500 
16 0.249800 
17 -0.026800 
18 -0.339300 
19 -0.671400 
20 -0.980500 
21 -1.145800 
22 -1.018100 
23 -0.705400 
24 -0.354000 
25 -0.018800 
26 0.280400 
27 0.533800 
28 0.735900 
29 0.882700 
30 0.971700 
31 1.001600 
32 0.986400 
33 0.941800 
34 0.870400 
35 0.777100 
36 0.668700 
37 0.554500 
38 0.445700 
39 0.355100 
40 0.294700 
41 0.273500 
42 0.216700 
43 0.025000 
44 -0.034100 
45 0.470800 
46 0.351300 
47 0.181300 
48 0.026400 
49 -0.101300 
50 -0.186600 
51 -0.216800 
52 -0.201500 
53 -0.156500 
54 -0.084200 
55 0.011000 
56 0.119900 
57 0.224200 
58 0.283500 
59 0.246800 
60 0.142200 
61 0.071600 
62 0.098200 
63 0.209700 
64 0.361200 
65 0.517900 
66 0.661000 
67 0.782200 
68 0.877800 
69 0.946500 
70 0.987800 
71 1.001600 
72 0.971700 
73 0.882700 
74 0.735900 
75 0.533800 
76 0.280400 
77 -0.018800 
78 -0.354000 
79 -0.705400 
80 -1.018100 
81 -1.145800 
82 -0.980500 
83 -0.671400 
84 -0.339300 
85 -0.026800 
86 0.249800 
87 0.482500 
88 0.666900 
89 0.800300 
90 0.880900 
91 0.907900 

1 -3.259900 
2 -2.886400 
3 -2.228100 
4 -1.561000 
5 -0.944100 
6 -0.399400 
7 0.060300 
8 0.426500 
9 0.692500 
10 0.853900 
11 0.907900 
12 0.880900 
13 0.800300 
14 0.666900 
15 0.482500 
16 0.249800 
17 -0.026800 
18 -0.339300 
19 -0.671400 
20 -0.980500 
21 -1.145800 
22 -1.018100 
23 -0.705400 
24 -0.354000 
25 -0.018800 
26 0.280400 
27 0.533800 
28 0.735900 
29 0.882700 
30 0.971700 
31 1.001600 
32 0.937100 
33 0.744500 
34 0.430200 
35 0.018100 
36 -0.437000 
37 -0.845000 
38 -1.109200 
39 -1.196700 
40 -1.174400 
41 -1.149600 
42 -0.961700 
43 -0.536600 
44 -0.349900 
45 -0.923600 
46 -1.653900 
47 -2.473700 
48 -3.112100 
49 -3.190100 
50 -3.241700 
51 -3.259900 
52 -3.263500 
53 -3.274700 
54 -3.294800 
55 -3.325400 
56 -3.368800 
57 -3.067500 
58 -2.631600 
59 -2.189600 
60 -1.752700 
61 -1.329400 
62 -0.927000 
63 -0.551200 
64 -0.207300 
65 0.100400 
66 0.368000 
67 0.591900 
68 0.769300 
69 0.897800 
70 0.975600 
71 1.001600 
72 0.971700 
73 0.882700 
74 0.735900 
75 0.533800 
76 0.280400 
77 -0.018800 
78 -0.354000 
79 -0.705400 
80 -1.018100 
81 -1.145800 
82 -0.980500 
83 -0.671400 
84 -0.339300 
85 -0.026800 
86 0.249800 
87 0.482500 
88 0.666900 
89 0.800300 
90 0.880900 
91 0.907900 

1 -3.259900 
2 -2.886400 
3 -2.228100 
4 -1.561000 
5 -1.888200 
6 -2.758500 
7 -3.762400 
8 -4.868700 
9 -5.122100 
10 -4.828400 
11 -4.727000 
12 -4.803400 
13 -5.028400 
14 -5.390300 
15 -5.624200 
16 -4.968500 
17 -4.336800 
18 -3.739400 
19 -3.193600 
20 -2.740800 
21 -2.500100 
22 -2.616800 
23 -2.977200 
24 -3.282900 
25 -3.617100 
26 -4.029600 
27 -4.476800 
28 -4.913000 
29 -5.286700 
30 -5.542600 
31 -5.634000 
32 -5.497500 
33 -5.147200 
34 -4.692100 
35 -4.215000 
36 -3.765200 
37 -3.371300 
38 -3.051000 
39 -2.815500 
40 -2.671700 
41 -2.623300 
42 -2.636900 
43 -2.676700 
44 -2.740100 
45 -2.822700 
46 -2.918000 
47 -3.017900 
48 -3.296400 
49 -3.445300 
50 -3.306600 
51 -3.259900 
52 -3.270500 
53 -3.302400 
54 -3.355300 
55 -3.428700 
56 -3.483300 
57 -3.258200 
58 -2.907200 
59 -2.599700 
60 -2.389300 
61 -2.338200 
62 -2.480200 
63 -2.787700 
64 -3.202300 
65 -3.672400 
66 -4.157800 
67 -4.623100 
68 -5.034000 
69 -5.356900 
70 -5.563100 
71 -5.634000 
72 -5.542600 
73 -5.286700 
74 -4.913000 
75 -4.476800 
76 -4.029600 
77 -3.617100 
78 -3.282900 
79 -2.977200 
80 -2.616800 
81 -2.500100 
82 -2.740800 
83 -3.193600 
84 -3.739400 
85 -4.336800 
86 -4.968500 
87 -5.624200 
88 -5.390300 
89 -5.028400 
90 -4.803400 
91 -4.727000 

1 -4.628800 
2 -5.025000 
3 -5.746300 
4 -6.501900 
5 -7.213100 
6 -6.887700 
7 -6.179900 
8 -5.582400 
9 -6.035000 
10 -7.178100 
11 -7.881300 
12 -7.565200 
13 -6.958200 
14 -6.293400 
15 -5.624200 
16 -4.968500 
17 -4.336800 
18 -3.739400 
19 -3.193600 
20 -2.740800 
21 -2.500100 
22 -2.616800 
23 -2.977200 
24 -3.426800 
25 -3.899200 
26 -4.359600 
27 -4.780500 
28 -5.137100 
29 -5.408000 
30 -5.576700 
31 -5.634000 
32 -5.497500 
33 -5.147200 
34 -4.692100 
35 -4.215000 
36 -3.765200 
37 -3.371300 
38 -3.051000 
39 -2.815500 
40 -2.671700 
41 -2.623300 
42 -2.756200 
43 -3.030200 
44 -3.321400 
45 -3.597200 
46 -3.854300 
47 -3.977100 
48 -3.671500 
49 -4.005000 
50 -4.471500 
51 -4.628800 
52 -4.577500 
53 -4.425900 
54 -4.182300 
55 -3.861500 
56 -3.522000 
57 -3.427400 
58 -3.503400 
59 -3.598700 
60 -3.714900 
61 -3.853100 
62 -4.013300 
63 -4.195100 
64 -4.396300 
65 -4.613400 
66 -4.840500 
67 -5.068400 
68 -5.283100 
69 -5.464900 
70 -5.589300 
71 -5.634000 
72 -5.576700 
73 -5.408000 
74 -5.137100 
75 -4.780500 
76 -4.359600 
77 -3.899200 
78 -3.426800 
79 -2.977200 
80 -2.616800 
81 -2.500100 
82 -2.740800 
83 -3.193600 
84 -3.739400 
85 -4.336800 
86 -4.968500 
87 -5.624200 
88 -6.293400 
89 -6.958200 
90 -7.565200 
91 -7.881300 

1 -4.628800 
2 -5.025000 
3 -5.746300 
4 -6.501900 
5 -7.213100 
6 -7.753700 
7 -7.792400 
8 -7.827800 
9 -7.856300 
10 -7.874800 
11 -7.881300 
12 -7.565200 
13 -6.958200 
14 -6.293400 
15 -5.872800 
16 -6.396500 
17 -5.630400 
18 -4.865000 
19 -4.177400 
20 -3.612800 
21 -3.221400 
22 -3.041500 
23 -3.074200 
24 -3.426800 
25 -3.899200 
26 -4.359600 
27 -4.780500 
28 -5.137100 
29 -5.408000 
30 -5.576700 
31 -5.634000 
32 -5.641900 
33 -5.665000 
34 -5.701500 
35 -5.748400 
36 -5.801500 
37 -5.855700 
38 -5.905600 
39 -5.946000 
40 -5.972300 
41 -5.981400 
42 -5.874700 
43 -5.588100 
44 -5.195200 
45 -4.765500 
46 -4.348600 
47 -4.092100 
48 -4.303500 
49 -4.475000 
50 -4.588700 
51 -4.628800 
52 -4.582000 
53 -4.445100 
54 -4.227900 
55 -3.944600 
56 -3.613700 
57 -3.634100 
58 -3.764100 
59 -3.910200 
60 -4.070700 
61 -4.243200 
62 -4.424700 
63 -4.611700 
64 -4.799900 
65 -4.983900 
66 -5.157900 
67 -5.314800 
68 -5.447500 
69 -5.548700 
70 -5.612300 
71 -5.634000 
72 -5.576700 
73 -5.408000 
74 -5.137100 
75 -4.780500 
76 -4.359600 
77 -3.899200 
78 -3.426800 
79 -3.074200 
80 -3.041500 
81 -3.221400 
82 -3.612800 
83 -4.177400 
84 -4.865000 
85 -5.630400 
86 -6.396500 
87 -5.872800 
88 -6.293400 
89 -6.958200 
90 -7.565200 
91 -7.881300 

1 -7.632400 
2 -7.638100 
3 -7.655000 
4 -7.681600 
5 -7.683000 
6 -7.839100 
7 -8.358000 
8 -8.761400 
9 -9.048900 
10 -9.221500 
11 -9.279100 
12 -9.113600 
13 -8.659600 
14 -8.008600 
15 -7.247900 
16 -6.502800 
17 -7.130100 
18 -7.851500 
19 -8.588300 
20 -9.274300 
21 -9.811900 
22 -10.119200 
23 -10.213500 
24 -10.180900 
25 -10.095500 
26 -10.001600 
27 -9.924800 
28 -9.878900 
29 -9.867600 
30 -9.879000 
31 -9.887800 
32 -9.640400 
33 -9.059300 
34 -8.380900 
35 -7.751600 
36 -7.274700 
37 -7.051100 
38 -7.169100 
39 -7.635400 
40 -8.294300 
41 -8.358000 
42 -8.488900 
43 -8.632600 
44 -8.555100 
45 -8.417500 
46 -8.211700 
47 -7.965200 
48 -7.743500 
49 -7.618800 
50 -7.610300 
51 -7.632400 
52 -7.618000 
53 -7.587100 
54 -7.564500 
55 -7.570800 
56 -7.615600 
57 -7.699700 
58 -7.820000 
59 -7.971700 
60 -8.150200 
61 -8.350000 
62 -8.565300 
63 -8.789400 
64 -9.014000 
65 -9.229600 
66 -9.425900 
67 -9.550600 
68 -9.651700 
69 -9.760200 
70 -9.851100 
71 -9.887800 
72 -9.879000 
73 -9.867600 
74 -9.878900 
75 -9.924800 
76 -10.001600 
77 -10.095500 
78 -10.180900 
79 -10.213500 
80 -10.119200 
81 -9.811900 
82 -9.274300 
83 -8.588300 
84 -7.851500 
85 -7.130100 
86 -6.502800 
87 -7.247900 
88 -8.008600 
89 -8.659600 
90 -9.113600 
91 -9.279100 

1 -10.761800 
2 -10.289200 
3 -9.436700 
4 -8.543000 
5 -7.715600 
6 -7.839100 
7 -8.358000 
8 -8.761400 
9 -9.048900 
10 -9.221500 
11 -9.279100 
12 -9.595300 
13 -10.198900 
14 -10.841000 
15 -11.434900 
16 -11.902000 
20 -11.812900 
21 -11.551900 
22 -11.285400 
23 -11.028000 
24 -10.787800 
25 -10.569000 
26 -10.374700 
27 -10.208000 
28 -10.072200 
29 -9.971300 
30 -9.908900 
31 -9.887800 
32 -10.035800 
33 -10.414200 
34 -10.898900 
35 -10.993700 
36 -10.237600 
37 -9.590800 
38 -9.066400 
39 -8.678200 
40 -8.438900 
41 -8.680300 
42 -8.669600 
43 -8.860900 
44 -9.416400 
45 -10.070000 
46 -10.718300 
47 -10.819100 
48 -10.809500 
49 -10.976400 
50 -10.825900 
51 -10.761800 
52 -10.790000 
53 -10.743500 
54 -10.355500 
55 -9.960600 
56 -9.639300 
57 -9.399500 
58 -9.238100 
59 -9.146900 
60 -9.114700 
61 -9.128500 
62 -9.174500 
63 -9.239000 
64 -9.311100 
65 -9.385400 
66 -9.463200 
67 -9.593100 
68 -9.724200 
69 -9.816300 
70 -9.870200 
71 -9.887800 
72 -9.908900 
73 -9.971300 
74 -10.072200 
75 -10.208000 
76 -10.374700 
77 -10.569000 
78 -10.787800 
79 -11.028000 
80 -11.285400 
81 -11.551900 
82 -11.812900 
86 -11.902000 
87 -11.434900 
88 -10.841000 
89 -10.198900 
90 -9.595300 
91 -9.279100 

6 -11.913000 
7 -11.702600 
8 -11.315300 
9 -10.696800 
10 -9.878000 
11 -9.279100 
12 -9.595300 
13 -10.198900 
14 -10.841000 
15 -11.434900 
16 -11.902000 
20 -11.812900 
21 -11.551900 
22 -11.285400 
23 -11.028000 
24 -10.787800 
25 -10.569000 
26 -10.374700 
27 -10.208000 
28 -10.072200 
29 -9.971300 
30 -9.908900 
31 -9.887800 
32 -10.035800 
33 -10.414200 
34 -10.898900 
35 -11.394900 
36 -11.853700 
41 -11.548200 
42 -11.561400 
43 -11.597100 
44 -11.642200 
45 -11.343000 
46 -10.995500 
47 -11.263600 
48 -11.243600 
49 -11.002300 
50 -11.375800 
52 -11.498800 
53 -11.116300 
54 -11.205000 
55 -11.410700 
56 -11.619800 
57 -11.784600 
58 -11.877500 
59 -11.899000 
60 -11.874100 
61 -11.837000 
62 -11.819900 
63 -11.849800 
64 -11.947400 
66 -11.464100 
67 -10.958100 
68 -10.524000 
69 -10.184200 
70 -9.964300 
71 -9.887800 
72 -9.908900 
73 -9.971300 
74 -10.072200 
75 -10.208000 
76 -10.374700 
77 -10.569000 
78 -10.787800 
79 -11.028000 
80 -11.285400 
81 -11.551900 
82 -11.812900 
86 -11.902000 
87 -11.434900 
88 -10.841000 
89 -10.198900 
90 -9.595300 
91 -9.279100 

34 -11.847200 
35 -11.394900 
36 -11.853700 
44 -11.837000 
45 -11.667700 
46 -11.625900 
47 -11.477900 
48 -11.662900 
49 -11.924100 













