1 2.013600 
2 1.989200 
3 1.916800 
4 1.799200 
5 1.641600 
6 1.452100 
7 1.243800 
8 1.035000 
9 0.851200 
10 0.722600 
11 0.675900 
12 0.688500 
13 0.722900 
14 0.771400 
15 0.826100 
16 0.883500 
17 0.948700 
18 1.037700 
19 1.177500 
20 1.398300 
21 1.714900 
22 2.113100 
23 2.558600 
24 3.014500 
25 3.451200 
26 3.847200 
27 4.187600 
28 4.461900 
29 4.662600 
30 4.784900 
31 4.826000 
32 4.771500 
33 4.612700 
34 4.362400 
35 4.038700 
36 3.662600 
37 3.255700 
38 2.842800 
39 2.459200 
40 2.165200 
41 2.049500 
42 1.983400 
43 1.795800 
44 1.517200 
45 1.193000 
46 1.043100 
47 1.366800 
48 1.639100 
49 1.843900 
50 1.970700 
51 2.013600 
52 1.992200 
53 1.930300 
54 1.835100 
55 1.723800 
56 1.631700 
57 1.619800 
58 1.736900 
59 1.966100 
60 2.262700 
61 2.593400 
62 2.936600 
63 3.277100 
64 3.602700 
65 3.903600 
66 4.171600 
67 4.399900 
68 4.583200 
69 4.717100 
70 4.798600 
71 4.826000 
72 4.784900 
73 4.662600 
74 4.461900 
75 4.187600 
76 3.847200 
77 3.451200 
78 3.014500 
79 2.558600 
80 2.113100 
81 1.714900 
82 1.398300 
83 1.177500 
84 1.037700 
85 0.948700 
86 0.883500 
87 0.826100 
88 0.771400 
89 0.722900 
90 0.688500 
91 0.675900 

1 -0.036600 
2 -0.141100 
3 -0.451500 
4 -0.959200 
5 -1.103500 
6 -0.579300 
7 -0.137500 
8 0.214000 
9 0.469300 
10 0.624100 
11 0.675900 
12 0.648500 
13 0.566400 
14 0.431100 
15 0.244700 
16 0.011400 
17 -0.262200 
18 -0.563700 
19 -0.867100 
20 -1.111400 
21 -1.182400 
22 -1.029900 
23 -0.756800 
24 -0.456300 
25 -0.169000 
26 0.087500 
27 0.304600 
28 0.477300 
29 0.602600 
30 0.678400 
31 0.703800 
32 0.687500 
33 0.639600 
34 0.563100 
35 0.463100 
36 0.347200 
37 0.225400 
38 0.109700 
39 0.013600 
40 -0.050400 
41 -0.072900 
42 -0.121500 
43 0.040800 
44 0.343200 
45 0.691200 
46 0.868700 
47 0.574200 
48 0.324600 
49 0.130900 
50 0.006500 
51 -0.036600 
52 -0.014900 
53 0.048200 
54 0.146400 
55 0.264400 
56 0.369600 
57 0.406100 
58 0.335300 
59 0.192800 
60 0.052900 
61 -0.023100 
62 -0.013800 
63 0.061500 
64 0.171500 
65 0.291900 
66 0.407500 
67 0.509600 
68 0.592700 
69 0.653900 
70 0.691300 
71 0.703800 
72 0.678400 
73 0.602600 
74 0.477300 
75 0.304600 
76 0.087500 
77 -0.169000 
78 -0.456300 
79 -0.756800 
80 -1.029900 
81 -1.182400 
82 -1.111400 
83 -0.867100 
84 -0.563700 
85 -0.262200 
86 0.011400 
87 0.244700 
88 0.431100 
89 0.566400 
90 0.648500 
91 0.675900 

1 -3.658000 
2 -3.055100 
3 -2.356800 
4 -1.700300 
5 -1.103500 
6 -0.579300 
7 -0.137500 
8 0.214000 
9 0.469300 
10 0.624100 
11 0.675900 
12 0.648500 
13 0.566400 
14 0.431100 
15 0.244700 
16 0.011400 
17 -0.262200 
18 -0.563700 
19 -0.867100 
20 -1.111400 
21 -1.182400 
22 -1.029900 
23 -0.756800 
24 -0.456300 
25 -0.169000 
26 0.087500 
27 0.304600 
28 0.477300 
29 0.602600 
30 0.678400 
31 0.703800 
32 0.652700 
33 0.503800 
34 0.272300 
35 -0.009800 
36 -0.287000 
37 -0.484300 
38 -0.539500 
39 -0.454800 
40 -0.314100 
41 -0.244100 
42 -0.168700 
43 -0.272100 
44 -0.538800 
45 -0.938300 
46 -1.473400 
47 -2.112900 
48 -2.785300 
49 -3.386200 
50 -3.640100 
51 -3.658000 
52 -3.661300 
53 -3.671300 
54 -3.574600 
55 -3.311000 
56 -3.001400 
57 -2.660600 
58 -2.302100 
59 -1.937200 
60 -1.575200 
61 -1.223900 
62 -0.889500 
63 -0.577500 
64 -0.292200 
65 -0.037500 
66 0.183300 
67 0.367700 
68 0.513500 
69 0.618800 
70 0.682500 
71 0.703800 
72 0.678400 
73 0.602600 
74 0.477300 
75 0.304600 
76 0.087500 
77 -0.169000 
78 -0.456300 
79 -0.756800 
80 -1.029900 
81 -1.182400 
82 -1.111400 
83 -0.867100 
84 -0.563700 
85 -0.262200 
86 0.011400 
87 0.244700 
88 0.431100 
89 0.566400 
90 0.648500 
91 0.675900 

1 -3.658000 
2 -3.055100 
3 -2.356800 
4 -1.700300 
5 -1.650900 
6 -2.508900 
7 -3.511700 
8 -4.632800 
9 -5.837000 
10 -5.595400 
11 -5.485600 
12 -5.568300 
13 -5.811400 
14 -6.185400 
15 -5.526400 
16 -4.895900 
17 -4.302200 
18 -3.757600 
19 -3.287200 
20 -2.949300 
21 -2.854200 
22 -2.946200 
23 -3.137300 
24 -3.452600 
25 -3.856300 
26 -4.314500 
27 -4.791400 
28 -5.244900 
29 -5.624800 
30 -5.879700 
31 -5.969700 
32 -5.838900 
33 -5.500700 
34 -5.057100 
35 -4.588700 
36 -4.145100 
37 -3.755900 
38 -3.439000 
39 -3.205900 
40 -3.063400 
41 -3.015500 
42 -3.029400 
43 -3.070100 
44 -3.134900 
45 -3.219000 
46 -3.315700 
47 -3.416300 
48 -3.510900 
49 -3.588700 
50 -3.704300 
51 -3.658000 
52 -3.668900 
53 -3.701500 
54 -3.583000 
55 -3.342600 
56 -3.079700 
57 -2.819500 
58 -2.590000 
59 -2.426100 
60 -2.370500 
61 -2.462000 
62 -2.707800 
63 -3.077200 
64 -3.526400 
65 -4.016000 
66 -4.511500 
67 -4.979700 
68 -5.387300 
69 -5.702900 
70 -5.901800 
71 -5.969700 
72 -5.879700 
73 -5.624800 
74 -5.244900 
75 -4.791400 
76 -4.314500 
77 -3.856300 
78 -3.452600 
79 -3.137300 
80 -2.946200 
81 -2.854200 
82 -2.949300 
83 -3.287200 
84 -3.757600 
85 -4.302200 
86 -4.895900 
87 -5.526400 
88 -6.185400 
89 -5.811400 
90 -5.568300 
91 -5.485600 

1 -3.948500 
2 -4.560000 
3 -5.281700 
4 -5.971100 
5 -6.603800 
6 -7.162400 
7 -7.051600 
8 -6.410000 
9 -5.913200 
10 -7.071200 
11 -8.080500 
12 -7.552300 
13 -6.865300 
14 -6.185400 
15 -5.526400 
16 -4.895900 
17 -4.302200 
18 -3.757600 
19 -3.287200 
20 -2.949300 
21 -2.854200 
22 -3.046600 
23 -3.415300 
24 -3.856700 
25 -4.316600 
26 -4.761300 
27 -5.164300 
28 -5.502700 
29 -5.757800 
30 -5.916000 
31 -5.969700 
32 -5.838900 
33 -5.500700 
34 -5.057100 
35 -4.588700 
36 -4.145100 
37 -3.755900 
38 -3.439000 
39 -3.205900 
40 -3.063400 
41 -3.015500 
42 -3.035100 
43 -3.092400 
44 -3.183300 
45 -3.301600 
46 -3.439000 
47 -3.584500 
48 -3.724100 
49 -3.841600 
50 -3.801400 
51 -3.948500 
52 -3.904300 
53 -3.777100 
54 -3.689500 
55 -3.717500 
56 -3.757600 
57 -3.812200 
58 -3.883800 
59 -3.974500 
60 -4.086000 
61 -4.219400 
62 -4.375100 
63 -4.552600 
64 -4.749900 
65 -4.963600 
66 -5.187600 
67 -5.412600 
68 -5.624400 
69 -5.803500 
70 -5.925800 
71 -5.969700 
72 -5.916000 
73 -5.757800 
74 -5.502700 
75 -5.164300 
76 -4.761300 
77 -4.316600 
78 -3.856700 
79 -3.415300 
80 -3.046600 
81 -2.854200 
82 -2.949300 
83 -3.287200 
84 -3.757600 
85 -4.302200 
86 -4.895900 
87 -5.526400 
88 -6.185400 
89 -6.865300 
90 -7.552300 
91 -8.080500 

1 -3.948500 
2 -4.560000 
3 -5.281700 
4 -5.971100 
5 -6.603800 
6 -7.162400 
7 -7.634800 
8 -8.012800 
9 -8.058500 
10 -8.074900 
11 -8.080500 
12 -7.552300 
13 -6.865300 
14 -6.201000 
15 -6.285400 
16 -5.469900 
17 -4.694600 
18 -4.007300 
19 -3.456100 
20 -3.085100 
21 -2.918000 
22 -3.046600 
23 -3.415300 
24 -3.856700 
25 -4.316600 
26 -4.761300 
27 -5.164300 
28 -5.502700 
29 -5.757800 
30 -5.916000 
31 -5.969700 
32 -5.977200 
33 -5.999200 
34 -6.033800 
35 -6.078000 
36 -6.127900 
37 -6.178600 
38 -6.225200 
39 -6.262700 
40 -6.287100 
41 -6.295600 
42 -6.196300 
43 -5.927500 
44 -5.553100 
45 -5.137900 
46 -4.731300 
47 -4.366400 
48 -4.065200 
49 -3.841600 
50 -3.920600 
51 -3.948500 
52 -3.904800 
53 -3.777300 
54 -3.755500 
55 -3.830300 
56 -3.925000 
57 -4.038700 
58 -4.169800 
59 -4.316600 
60 -4.476900 
61 -4.648000 
62 -4.826600 
63 -5.009100 
64 -5.190800 
65 -5.366600 
66 -5.530900 
67 -5.677400 
68 -5.799900 
69 -5.892400 
70 -5.950000 
71 -5.969700 
72 -5.916000 
73 -5.757800 
74 -5.502700 
75 -5.164300 
76 -4.761300 
77 -4.316600 
78 -3.856700 
79 -3.415300 
80 -3.046600 
81 -2.918000 
82 -3.085100 
83 -3.456100 
84 -4.007300 
85 -4.694600 
86 -5.469900 
87 -6.285400 
88 -6.201000 
89 -6.865300 
90 -7.552300 
91 -8.080500 

1 -7.857900 
2 -7.863200 
3 -7.878500 
4 -7.902400 
5 -7.932900 
6 -7.805700 
7 -7.634800 
8 -8.012800 
9 -8.289500 
10 -8.458800 
11 -8.515900 
12 -8.321000 
13 -7.801900 
14 -7.087300 
15 -6.717200 
16 -7.336400 
17 -8.029800 
18 -8.758200 
19 -9.461500 
20 -10.050700 
21 -10.435400 
22 -10.597000 
23 -10.600200 
24 -10.524000 
25 -10.425000 
26 -10.339100 
27 -10.290100 
28 -10.293200 
29 -10.349000 
30 -10.428000 
31 -10.467500 
32 -10.176700 
33 -9.515000 
34 -8.765900 
35 -8.089200 
36 -7.591000 
37 -7.361200 
38 -7.454200 
39 -7.832900 
40 -8.318700 
41 -8.564200 
42 -8.562500 
43 -8.554900 
44 -8.533600 
45 -8.484700 
46 -8.392000 
47 -8.249700 
48 -8.083200 
49 -7.946000 
50 -7.875000 
51 -7.857900 
52 -7.865300 
53 -7.889300 
54 -7.933700 
55 -8.002400 
56 -8.097700 
57 -8.220100 
58 -8.368300 
59 -8.540200 
60 -8.732400 
61 -8.940800 
62 -9.160100 
63 -9.384200 
64 -9.605600 
65 -9.751400 
66 -9.839500 
67 -9.955700 
68 -10.102600 
69 -10.267300 
70 -10.409200 
71 -10.467500 
72 -10.428000 
73 -10.349000 
74 -10.293200 
75 -10.290100 
76 -10.339100 
77 -10.425000 
78 -10.524000 
79 -10.600200 
80 -10.597000 
81 -10.435400 
82 -10.050700 
83 -9.461500 
84 -8.758200 
85 -8.029800 
86 -7.336400 
87 -6.717200 
88 -7.087300 
89 -7.801900 
90 -8.321000 
91 -8.515900 

1 -11.124800 
2 -11.128300 
3 -10.395400 
4 -9.523600 
5 -8.641600 
6 -7.967200 
7 -8.001700 
8 -8.033200 
9 -8.289500 
10 -8.458800 
11 -8.515900 
12 -9.045800 
13 -9.734000 
14 -10.402700 
15 -11.016100 
16 -11.532100 
17 -11.904700 
21 -11.907500 
22 -11.717100 
23 -11.512800 
24 -11.308900 
25 -11.114600 
26 -10.936100 
27 -10.778900 
28 -10.648300 
29 -10.549900 
30 -10.488400 
31 -10.467500 
32 -10.619500 
33 -11.018400 
34 -11.554200 
36 -11.907400 
37 -11.202100 
38 -10.630800 
39 -10.208300 
40 -9.948100 
41 -9.860100 
42 -9.986700 
43 -10.344000 
44 -10.873200 
45 -11.493500 
46 -11.419300 
47 -11.027400 
48 -10.844100 
49 -10.857200 
50 -11.011700 
51 -11.124800 
52 -11.050700 
53 -10.838300 
54 -10.562000 
55 -10.286900 
56 -10.046700 
57 -9.855700 
58 -9.717700 
59 -9.630300 
60 -9.586800 
61 -9.578500 
62 -9.596400 
63 -9.633000 
64 -9.684400 
65 -9.816000 
66 -10.006800 
67 -10.170100 
68 -10.300000 
69 -10.393300 
70 -10.449000 
71 -10.467500 
72 -10.488400 
73 -10.549900 
74 -10.648300 
75 -10.778900 
76 -10.936100 
77 -11.114600 
78 -11.308900 
79 -11.512800 
80 -11.717100 
81 -11.907500 
85 -11.904700 
86 -11.532100 
87 -11.016100 
88 -10.402700 
89 -9.734000 
90 -9.045800 
91 -8.515900 

1 -11.462400 
2 -11.134900 
3 -11.136500 
4 -11.142400 
5 -11.132400 
6 -11.083300 
7 -10.954600 
8 -10.680900 
9 -10.174700 
10 -9.380400 
11 -8.515900 
12 -9.045800 
13 -9.734000 
14 -10.402700 
15 -11.016100 
16 -11.532100 
17 -11.904700 
21 -11.907500 
22 -11.717100 
23 -11.512800 
24 -11.308900 
25 -11.114600 
26 -10.936100 
27 -10.778900 
28 -10.648300 
29 -10.549900 
30 -10.488400 
31 -10.467500 
32 -10.619500 
33 -11.018400 
34 -11.554200 
45 -11.999600 
48 -11.937700 
49 -11.691500 
50 -11.522400 
51 -11.462400 
52 -11.501000 
53 -11.648200 
54 -11.891700 
67 -11.567400 
68 -11.119500 
69 -10.770400 
70 -10.545600 
71 -10.467500 
72 -10.488400 
73 -10.549900 
74 -10.648300 
75 -10.778900 
76 -10.936100 
77 -11.114600 
78 -11.308900 
79 -11.512800 
80 -11.717100 
81 -11.907500 
85 -11.904700 
86 -11.532100 
87 -11.016100 
88 -10.402700 
89 -9.734000 
90 -9.045800 
91 -8.515900 












