1 0.662900 
2 0.691900 
3 0.770900 
4 0.880900 
5 1.001900 
6 1.119900 
7 1.224900 
8 1.309900 
9 1.372900 
10 1.410900 
11 1.423900 
12 1.414900 
13 1.387900 
14 1.345900 
15 1.293900 
16 1.237900 
17 1.188900 
18 1.164900 
19 1.181900 
20 1.253900 
21 1.379900 
22 1.544900 
23 1.725900 
24 1.904900 
25 2.065900 
26 2.201900 
27 2.306900 
28 2.380900 
29 2.427900 
30 2.451900 
31 2.458900 
32 2.452900 
33 2.433900 
34 2.395900 
35 2.333900 
36 2.246900 
37 2.136900 
38 2.008900 
39 1.868900 
40 1.726900 
41 1.591900 
42 1.476900 
43 1.387900 
44 1.328900 
45 1.295900 
46 1.282900 
47 1.280900 
48 1.284900 
49 1.290900 
50 1.295900 
51 1.297900 
52 1.279900 
53 1.224900 
54 1.127900 
55 0.994900 
56 0.843900 
57 0.716900 
58 0.673900 
59 0.724900 
60 0.814900 
61 0.904900 
62 0.776900 
63 0.644900 
64 0.514900 
65 0.408900 
66 0.367900 
67 0.420900 
68 0.547900 
69 0.720900 
70 0.921900 
71 1.136900 
72 1.356900 
73 1.573900 
74 1.779900 
75 1.967900 
76 2.131900 
77 2.263900 
78 2.359900 
79 2.420900 
80 2.450900 
81 2.458900 
82 2.452900 
83 2.433900 
84 2.395900 
85 2.333900 
86 2.246900 
87 2.136900 
88 2.008900 
89 1.868900 
90 1.726900 
91 1.591900 
92 1.476900 
93 1.387900 
94 1.328900 
95 1.295900 
96 1.282900 
97 1.280900 
98 1.284900 
99 1.290900 
100 1.295900 
101 1.297900 

1 -0.216100 
2 0.024900 
3 0.239900 
4 0.425900 
5 0.583900 
6 0.712900 
7 0.814900 
8 0.890900 
9 0.943900 
10 0.973900 
11 0.983900 
12 0.975900 
13 0.952900 
14 0.913900 
15 0.858900 
16 0.789900 
17 0.704900 
18 0.605900 
19 0.492900 
20 0.366900 
21 0.229900 
22 0.083900 
23 -0.068100 
24 -0.222100 
25 -0.374100 
26 -0.518100 
27 -0.647100 
28 -0.757100 
29 -0.840100 
30 -0.892100 
31 -0.909100 
32 -0.898100 
33 -0.866100 
34 -0.817100 
35 -0.755100 
36 -0.685100 
37 -0.613100 
38 -0.547100 
39 -0.493100 
40 -0.463100 
41 -0.466100 
42 -0.511100 
43 -0.605100 
44 -0.747100 
45 -0.926100 
46 -0.887100 
47 -0.837100 
48 -0.798100 
49 -0.768100 
50 -0.750100 
51 -0.744100 
52 -0.710100 
53 -0.611100 
54 -0.465100 
55 -0.291100 
56 -0.115100 
57 0.035900 
58 0.139900 
59 0.222900 
60 0.319900 
61 0.423900 
62 0.275900 
63 0.147900 
64 0.054900 
65 -0.014100 
66 -0.094100 
67 -0.197100 
68 -0.134100 
69 -0.103100 
70 -0.101100 
71 -0.128100 
72 -0.181100 
73 -0.255100 
74 -0.347100 
75 -0.451100 
76 -0.561100 
77 -0.668100 
78 -0.764100 
79 -0.841100 
80 -0.891100 
81 -0.909100 
82 -0.898100 
83 -0.866100 
84 -0.817100 
85 -0.755100 
86 -0.685100 
87 -0.613100 
88 -0.547100 
89 -0.493100 
90 -0.463100 
91 -0.466100 
92 -0.511100 
93 -0.605100 
94 -0.747100 
95 -0.926100 
96 -0.887100 
97 -0.837100 
98 -0.798100 
99 -0.768100 
100 -0.750100 
101 -0.744100 

1 -0.216100 
2 -0.483100 
3 -0.773100 
4 -1.083100 
5 -1.409100 
6 -1.745100 
7 -2.079100 
8 -2.396100 
9 -2.670100 
10 -2.863100 
11 -2.934100 
12 -2.884100 
13 -2.742100 
14 -2.526100 
15 -2.264100 
16 -1.985100 
17 -1.717100 
18 -1.492100 
19 -1.337100 
20 -1.274100 
21 -1.306100 
22 -1.420100 
23 -1.594100 
24 -1.595100 
25 -1.406100 
26 -1.249100 
27 -1.122100 
28 -1.026100 
29 -0.959100 
30 -0.921100 
31 -0.909100 
32 -0.917100 
33 -0.941100 
34 -0.980100 
35 -1.030100 
36 -1.086100 
37 -1.140100 
38 -1.182100 
39 -1.204100 
40 -1.200100 
41 -1.171100 
42 -1.124100 
43 -1.067100 
44 -1.005100 
45 -0.943100 
46 -0.887100 
47 -0.837100 
48 -0.798100 
49 -0.768100 
50 -0.750100 
51 -0.744100 
52 -0.774100 
53 -0.863100 
54 -1.012100 
55 -1.220100 
56 -1.038100 
57 -0.890100 
58 -0.836100 
59 -0.908100 
60 -1.072100 
61 -1.260100 
62 -1.004100 
63 -0.778100 
64 -0.583100 
65 -0.422100 
66 -0.293100 
67 -0.219100 
68 -0.377100 
69 -0.547100 
70 -0.718100 
71 -0.878100 
72 -1.017100 
73 -1.124100 
74 -1.188100 
75 -1.202100 
76 -1.168100 
77 -1.095100 
78 -1.014100 
79 -0.956100 
80 -0.921100 
81 -0.909100 
82 -0.917100 
83 -0.941100 
84 -0.980100 
85 -1.030100 
86 -1.086100 
87 -1.140100 
88 -1.182100 
89 -1.204100 
90 -1.200100 
91 -1.171100 
92 -1.124100 
93 -1.067100 
94 -1.005100 
95 -0.943100 
96 -0.887100 
97 -0.837100 
98 -0.798100 
99 -0.768100 
100 -0.750100 
101 -0.744100 

1 -2.452100 
2 -2.515100 
3 -2.697100 
4 -2.974100 
5 -3.321100 
6 -3.714100 
7 -4.130100 
8 -4.544100 
9 -4.918100 
10 -5.194100 
11 -5.300100 
12 -5.281100 
13 -5.226100 
14 -5.137100 
15 -4.766100 
16 -4.280100 
17 -3.824100 
18 -3.404100 
19 -3.018100 
20 -2.667100 
21 -2.350100 
22 -2.067100 
23 -1.815100 
24 -1.595100 
25 -1.406100 
26 -1.249100 
27 -1.122100 
28 -1.026100 
29 -0.959100 
30 -0.921100 
31 -0.909100 
32 -0.917100 
33 -0.941100 
34 -0.980100 
35 -1.030100 
36 -1.086100 
37 -1.140100 
38 -1.182100 
39 -1.204100 
40 -1.200100 
41 -1.171100 
42 -1.124100 
43 -1.067100 
44 -1.005100 
45 -0.943100 
46 -1.127100 
47 -1.333100 
48 -1.524100 
49 -1.680100 
50 -1.782100 
51 -1.817100 
52 -1.767100 
53 -1.630100 
54 -1.441100 
55 -1.233100 
56 -1.484100 
57 -1.796100 
58 -2.144100 
59 -2.503100 
60 -2.838100 
61 -3.103100 
62 -2.794100 
63 -2.525100 
64 -2.299100 
65 -2.114100 
66 -1.972100 
67 -1.870100 
68 -1.810100 
69 -1.788100 
70 -1.803100 
71 -1.854100 
72 -1.870100 
73 -1.665100 
74 -1.486100 
75 -1.331100 
76 -1.201100 
77 -1.102100 
78 -1.028100 
79 -0.964100 
80 -0.923100 
81 -0.909100 
82 -0.917100 
83 -0.941100 
84 -0.980100 
85 -1.030100 
86 -1.086100 
87 -1.140100 
88 -1.182100 
89 -1.204100 
90 -1.200100 
91 -1.171100 
92 -1.124100 
93 -1.067100 
94 -1.005100 
95 -0.943100 
96 -1.127100 
97 -1.333100 
98 -1.524100 
99 -1.680100 
100 -1.782100 
101 -1.817100 

1 -6.442100 
2 -6.442100 
3 -6.440100 
4 -6.437100 
5 -6.434100 
6 -6.430100 
7 -6.426100 
8 -6.422100 
9 -6.419100 
10 -6.418100 
11 -6.417100 
12 -6.220100 
13 -5.782100 
14 -5.274100 
15 -4.766100 
16 -4.280100 
17 -3.824100 
18 -3.404100 
19 -3.018100 
20 -2.667100 
21 -2.350100 
22 -2.067100 
23 -1.815100 
24 -1.806100 
25 -2.037100 
26 -2.267100 
27 -2.481100 
28 -2.657100 
29 -2.593100 
30 -2.313100 
31 -2.219100 
32 -2.247100 
33 -2.330100 
34 -2.466100 
35 -2.641100 
36 -2.775100 
37 -2.800100 
38 -2.832100 
39 -2.903100 
40 -3.022100 
41 -3.190100 
42 -3.401100 
43 -3.646100 
44 -3.915100 
45 -4.198100 
46 -4.485100 
47 -4.762100 
48 -5.014100 
49 -5.221100 
50 -5.359100 
51 -5.408100 
52 -5.392100 
53 -5.348100 
54 -5.286100 
55 -5.214100 
56 -5.141100 
57 -5.075100 
58 -5.032100 
59 -5.032100 
60 -5.100100 
61 -5.260100 
62 -4.941100 
63 -4.606100 
64 -4.261100 
65 -3.915100 
66 -3.574100 
67 -3.243100 
68 -2.927100 
69 -2.629100 
70 -2.353100 
71 -2.099100 
72 -1.935100 
73 -2.044100 
74 -2.171100 
75 -2.306100 
76 -2.416100 
77 -2.396100 
78 -2.319100 
79 -2.262100 
80 -2.230100 
81 -2.219100 
82 -2.247100 
83 -2.330100 
84 -2.466100 
85 -2.641100 
86 -2.775100 
87 -2.800100 
88 -2.832100 
89 -2.903100 
90 -3.022100 
91 -3.190100 
92 -3.401100 
93 -3.646100 
94 -3.915100 
95 -4.198100 
96 -4.485100 
97 -4.762100 
98 -5.014100 
99 -5.221100 
100 -5.359100 
101 -5.408100 

1 -9.555100 
2 -9.346100 
3 -9.058100 
4 -8.708100 
5 -8.312100 
6 -7.891100 
7 -7.469100 
8 -7.072100 
9 -6.735100 
10 -6.502100 
11 -6.417100 
12 -6.220100 
13 -5.782100 
14 -5.274100 
15 -5.018100 
16 -4.874100 
17 -4.711100 
18 -4.533100 
19 -4.348100 
20 -4.160100 
21 -3.976100 
22 -3.798100 
23 -3.631100 
24 -3.478100 
25 -3.342100 
26 -3.224100 
27 -3.126100 
28 -3.048100 
29 -2.593100 
30 -2.313100 
31 -2.219100 
32 -2.247100 
33 -2.330100 
34 -2.466100 
35 -2.641100 
36 -2.775100 
37 -2.800100 
38 -2.832100 
39 -2.903100 
40 -3.022100 
41 -3.190100 
42 -3.401100 
43 -3.646100 
44 -3.915100 
45 -4.198100 
46 -4.485100 
47 -4.762100 
48 -5.014100 
49 -5.221100 
50 -5.359100 
51 -5.408100 
52 -5.493100 
53 -5.734100 
54 -6.095100 
55 -6.524100 
56 -6.971100 
57 -7.381100 
58 -7.701100 
59 -7.914100 
60 -8.059100 
61 -8.180100 
62 -8.036100 
63 -7.927100 
64 -7.848100 
65 -7.753100 
66 -7.564100 
67 -7.220100 
68 -6.730100 
69 -5.924100 
70 -5.143100 
71 -4.465100 
72 -3.897100 
73 -3.439100 
74 -3.081100 
75 -2.815100 
76 -2.651100 
77 -2.670100 
78 -2.774100 
79 -2.645100 
80 -2.325100 
81 -2.219100 
82 -2.247100 
83 -2.330100 
84 -2.466100 
85 -2.641100 
86 -2.775100 
87 -2.800100 
88 -2.832100 
89 -2.903100 
90 -3.022100 
91 -3.190100 
92 -3.401100 
93 -3.646100 
94 -3.915100 
95 -4.198100 
96 -4.485100 
97 -4.762100 
98 -5.014100 
99 -5.221100 
100 -5.359100 
101 -5.408100 

1 -9.555100 
2 -9.675100 
3 -9.701100 
4 -9.637100 
5 -9.493100 
6 -9.293100 
7 -9.063100 
8 -8.838100 
9 -8.647100 
10 -8.521100 
11 -8.477100 
12 -8.694100 
13 -9.186100 
14 -9.759100 
15 -10.307100 
16 -10.759100 
17 -11.046100 
18 -11.109100 
19 -10.905100 
20 -10.417100 
21 -9.667100 
22 -8.714100 
23 -7.638100 
24 -6.529100 
25 -5.467100 
26 -4.510100 
27 -3.699100 
28 -3.057100 
29 -2.608100 
30 -2.322100 
31 -2.219100 
32 -2.381100 
33 -2.861100 
34 -2.899100 
35 -2.885100 
36 -2.969100 
37 -3.225100 
38 -3.547100 
39 -3.908100 
40 -4.296100 
41 -4.699100 
42 -5.103100 
43 -5.493100 
44 -5.854100 
45 -6.169100 
46 -6.428100 
47 -6.623100 
48 -6.754100 
49 -6.829100 
50 -6.862100 
51 -6.871100 
52 -6.982100 
53 -7.302100 
54 -7.792100 
55 -8.399100 
56 -9.055100 
57 -9.683100 
58 -10.208100 
59 -10.556100 
60 -10.458100 
61 -10.045100 
62 -10.750100 
63 -10.512100 
64 -10.047100 
65 -9.383100 
66 -8.575100 
67 -7.687100 
68 -6.785100 
69 -6.150100 
70 -5.539100 
71 -4.945100 
72 -4.403100 
73 -3.936100 
74 -3.562100 
75 -3.290100 
76 -3.114100 
77 -3.016100 
78 -2.968100 
79 -2.866100 
80 -2.429100 
81 -2.219100 
82 -2.381100 
83 -2.861100 
84 -2.899100 
85 -2.885100 
86 -2.969100 
87 -3.225100 
88 -3.547100 
89 -3.908100 
90 -4.296100 
91 -4.699100 
92 -5.103100 
93 -5.493100 
94 -5.854100 
95 -6.169100 
96 -6.428100 
97 -6.623100 
98 -6.754100 
99 -6.829100 
100 -6.862100 
101 -6.871100 

1 -11.040100 
2 -10.977100 
3 -10.807100 
4 -10.563100 
5 -10.266100 
6 -9.930100 
7 -9.564100 
8 -9.190100 
9 -8.841100 
10 -8.578100 
11 -8.477100 
12 -8.694100 
13 -9.186100 
14 -9.759100 
15 -10.307100 
16 -10.759100 
17 -11.046100 
18 -11.109100 
19 -10.905100 
20 -10.417100 
21 -9.667100 
22 -8.714100 
23 -7.638100 
24 -6.529100 
25 -5.467100 
26 -4.510100 
27 -3.699100 
28 -3.057100 
29 -2.854100 
30 -2.919100 
31 -2.948100 
32 -2.941100 
33 -2.923100 
34 -2.899100 
35 -2.885100 
36 -2.969100 
37 -3.225100 
38 -3.547100 
39 -3.908100 
40 -4.296100 
41 -4.699100 
42 -5.103100 
43 -5.493100 
44 -5.854100 
45 -6.169100 
46 -6.428100 
47 -6.623100 
48 -6.754100 
49 -6.829100 
50 -6.862100 
51 -6.871100 
52 -7.183100 
53 -8.043100 
54 -9.221100 
55 -10.234100 
56 -10.525100 
57 -10.515100 
58 -10.520100 
59 -10.573100 
60 -10.753100 
61 -10.759100 
62 -10.877100 
63 -11.710100 
64 -12.056100 
65 -11.795100 
66 -11.664100 
67 -11.714100 
68 -11.907100 
69 -12.133100 
70 -12.257100 
71 -11.948100 
72 -10.592100 
73 -9.094100 
74 -7.587100 
75 -6.183100 
76 -4.959100 
77 -3.955100 
78 -3.185100 
79 -2.937100 
80 -2.927100 
81 -2.948100 
82 -2.941100 
83 -2.923100 
84 -2.899100 
85 -2.885100 
86 -2.969100 
87 -3.225100 
88 -3.547100 
89 -3.908100 
90 -4.296100 
91 -4.699100 
92 -5.103100 
93 -5.493100 
94 -5.854100 
95 -6.169100 
96 -6.428100 
97 -6.623100 
98 -6.754100 
99 -6.829100 
100 -6.862100 
101 -6.871100 

1 -12.304100 
2 -12.347100 
3 -12.452100 
4 -12.582100 
5 -12.709100 
6 -12.818100 
7 -12.903100 
8 -12.962100 
9 -12.998100 
10 -13.018100 
11 -13.024100 
12 -13.080100 
13 -13.231100 
14 -13.431100 
15 -13.610100 
16 -13.688100 
17 -13.583100 
18 -13.231100 
19 -12.598100 
20 -11.700100 
21 -10.591100 
22 -9.355100 
23 -8.082100 
24 -6.848100 
25 -5.709100 
26 -4.701100 
27 -3.847100 
28 -3.168100 
29 -2.993100 
30 -2.959100 
31 -2.948100 
32 -2.941100 
33 -2.923100 
34 -3.644100 
35 -4.707100 
36 -6.002100 
37 -7.456100 
38 -8.960100 
39 -10.390100 
40 -11.620100 
41 -12.560100 
42 -13.167100 
43 -13.451100 
44 -13.460100 
45 -13.267100 
46 -12.947100 
47 -12.574100 
48 -12.212100 
49 -11.912100 
50 -11.715100 
51 -11.646100 
52 -11.615100 
53 -11.534100 
54 -11.460100 
55 -11.626100 
56 -12.325100 
57 -12.960100 
58 -13.184100 
59 -13.057100 
60 -12.841100 
61 -12.821100 
62 -12.626100 
63 -12.357100 
64 -12.506100 
65 -13.214100 
66 -13.769100 
67 -14.094100 
68 -14.114100 
69 -13.769100 
70 -13.036100 
71 -12.153100 
72 -11.718100 
73 -10.906100 
74 -9.739100 
75 -8.315100 
76 -6.785100 
77 -5.311100 
78 -4.032100 
79 -3.063100 
80 -2.950100 
81 -2.948100 
82 -2.941100 
83 -2.923100 
84 -3.644100 
85 -4.707100 
86 -6.002100 
87 -7.456100 
88 -8.960100 
89 -10.390100 
90 -11.620100 
91 -12.560100 
92 -13.167100 
93 -13.451100 
94 -13.460100 
95 -13.267100 
96 -12.947100 
97 -12.574100 
98 -12.212100 
99 -11.912100 
100 -11.715100 
101 -11.646100 

