1 15.538100 
2 15.494100 
3 15.365100 
4 15.153100 
5 14.867100 
6 14.521100 
7 14.137100 
8 13.748100 
9 13.402100 
10 13.157100 
11 13.068100 
12 13.136100 
13 13.336100 
14 13.654100 
15 14.074100 
16 14.574100 
17 15.133100 
18 15.731100 
19 16.351100 
20 16.974100 
21 17.587100 
22 18.175100 
23 18.728100 
24 19.235100 
25 19.690100 
26 20.085100 
27 20.414100 
28 20.675100 
29 20.863100 
30 20.977100 
31 21.015100 
32 20.965100 
33 20.814100 
34 20.569100 
35 20.239100 
36 19.841100 
37 19.399100 
38 18.954100 
39 18.558100 
40 18.278100 
41 18.176100 
42 18.129100 
43 17.989100 
44 17.762100 
45 17.456100 
46 17.085100 
47 16.675100 
48 16.260100 
49 15.892100 
50 15.633100 
51 15.538100 
52 15.586100 
53 15.727100 
54 15.953100 
55 16.249100 
56 16.602100 
57 16.996100 
58 17.415100 
59 17.846100 
60 18.278100 
61 18.699100 
62 19.101100 
63 19.477100 
64 19.821100 
65 20.127100 
66 20.393100 
67 20.614100 
68 20.788100 
69 20.914100 
70 20.990100 
71 21.015100 
72 20.977100 
73 20.863100 
74 20.675100 
75 20.414100 
76 20.085100 
77 19.690100 
78 19.235100 
79 18.728100 
80 18.175100 
81 17.587100 
82 16.974100 
83 16.351100 
84 15.731100 
85 15.133100 
86 14.574100 
87 14.074100 
88 13.654100 
89 13.336100 
90 13.136100 
91 13.068100 

1 4.996100 
2 4.962100 
3 4.863100 
4 4.708100 
5 4.510100 
6 4.287100 
7 4.060100 
8 3.852100 
9 3.684100 
10 3.576100 
11 3.538100 
12 3.521100 
13 3.469100 
14 3.381100 
15 3.258100 
16 3.099100 
17 2.904100 
18 2.674100 
19 2.410100 
20 2.116100 
21 1.796100 
22 1.456100 
23 1.104100 
24 0.751100 
25 0.406100 
26 0.084100 
27 -0.203900 
28 -0.443900 
29 -0.624900 
30 -0.736900 
31 -0.774900 
32 -0.589900 
33 -0.057900 
34 0.762100 
35 1.783100 
36 2.910100 
37 4.045100 
38 5.090100 
39 5.945100 
40 6.512100 
41 6.712100 
42 6.673100 
43 6.557100 
44 6.374100 
45 6.141100 
46 5.878100 
47 5.611100 
48 5.366100 
49 5.168100 
50 5.040100 
51 4.996100 
52 4.966100 
53 4.878100 
54 4.733100 
55 4.533100 
56 4.280100 
57 3.978100 
58 3.631100 
59 3.247100 
60 2.830100 
61 2.391100 
62 1.938100 
63 1.483100 
64 1.037100 
65 0.613100 
66 0.224100 
67 -0.115900 
68 -0.394900 
69 -0.602900 
70 -0.731900 
71 -0.774900 
72 -0.736900 
73 -0.624900 
74 -0.443900 
75 -0.203900 
76 0.084100 
77 0.406100 
78 0.751100 
79 1.104100 
80 1.456100 
81 1.796100 
82 2.116100 
83 2.410100 
84 2.674100 
85 2.904100 
86 3.099100 
87 3.258100 
88 3.381100 
89 3.469100 
90 3.521100 
91 3.538100 

1 4.996100 
2 4.962100 
3 4.863100 
4 4.708100 
5 4.510100 
6 4.287100 
7 4.060100 
8 3.852100 
9 3.684100 
10 3.576100 
11 3.538100 
12 3.521100 
13 3.469100 
14 3.381100 
15 3.258100 
16 3.099100 
17 2.904100 
18 2.674100 
19 2.410100 
20 2.116100 
21 1.796100 
22 1.456100 
23 1.104100 
24 0.751100 
25 0.406100 
26 0.084100 
27 -0.203900 
28 -0.443900 
29 -0.624900 
30 -0.736900 
31 -0.774900 
32 -0.795900 
33 -0.855900 
34 -0.949900 
35 -1.069900 
36 -1.205900 
37 -1.342900 
38 -1.467900 
39 -1.568900 
40 -1.633900 
41 -1.656900 
42 -1.496900 
43 -1.034900 
44 -0.317900 
45 0.582100 
46 1.584100 
47 2.598100 
48 3.536100 
49 4.305100 
50 4.816100 
51 4.996100 
52 4.956100 
53 4.841100 
54 4.655100 
55 4.407100 
56 4.106100 
57 3.763100 
58 3.386100 
59 2.985100 
60 2.565100 
61 2.136100 
62 1.704100 
63 1.279100 
64 0.868100 
65 0.481100 
66 0.129100 
67 -0.178900 
68 -0.430900 
69 -0.619900 
70 -0.735900 
71 -0.774900 
72 -0.736900 
73 -0.624900 
74 -0.443900 
75 -0.203900 
76 0.084100 
77 0.406100 
78 0.751100 
79 1.104100 
80 1.456100 
81 1.796100 
82 2.116100 
83 2.410100 
84 2.674100 
85 2.904100 
86 3.099100 
87 3.258100 
88 3.381100 
89 3.469100 
90 3.521100 
91 3.538100 

1 -2.434900 
2 -2.293900 
3 -1.886900 
4 -1.253900 
5 -0.452900 
6 0.442100 
7 1.354100 
8 2.204100 
9 2.905100 
10 3.373100 
11 3.538100 
12 3.504100 
13 3.405100 
14 3.250100 
15 3.051100 
16 2.817100 
17 2.558100 
18 2.282100 
19 1.993100 
20 1.695100 
21 1.392100 
22 1.086100 
23 0.782100 
24 0.485100 
25 0.201100 
26 -0.063900 
27 -0.300900 
28 -0.498900 
29 -0.648900 
30 -0.742900 
31 -0.774900 
32 -0.795900 
33 -0.855900 
34 -0.949900 
35 -1.069900 
36 -1.205900 
37 -1.342900 
38 -1.467900 
39 -1.568900 
40 -1.633900 
41 -1.656900 
42 -1.674900 
43 -1.728900 
44 -1.813900 
45 -1.920900 
46 -2.040900 
47 -2.161900 
48 -2.270900 
49 -2.358900 
50 -2.414900 
51 -2.434900 
52 -2.424900 
53 -2.395900 
54 -2.347900 
55 -2.281900 
56 -2.198900 
57 -2.101900 
58 -1.991900 
59 -1.872900 
60 -1.745900 
61 -1.615900 
62 -1.484900 
63 -1.356900 
64 -1.234900 
65 -1.121900 
66 -1.021900 
67 -0.935900 
68 -0.866900 
69 -0.815900 
70 -0.785900 
71 -0.774900 
72 -0.742900 
73 -0.648900 
74 -0.498900 
75 -0.300900 
76 -0.063900 
77 0.201100 
78 0.485100 
79 0.782100 
80 1.086100 
81 1.392100 
82 1.695100 
83 1.993100 
84 2.282100 
85 2.558100 
86 2.817100 
87 3.051100 
88 3.250100 
89 3.405100 
90 3.504100 
91 3.538100 

