1 3.561200 
2 3.588200 
3 3.660200 
4 3.764200 
5 3.882200 
6 3.998200 
7 4.103200 
8 4.189200 
9 4.252200 
10 4.291200 
11 4.304200 
12 4.302200 
13 4.300200 
14 4.304200 
15 4.327200 
16 4.389200 
17 4.518200 
18 4.739200 
19 5.063200 
20 5.474200 
21 5.938200 
22 6.422200 
23 6.899200 
24 7.349200 
25 7.757200 
26 8.114200 
27 8.411200 
28 8.645200 
29 8.812200 
30 8.913200 
31 8.946200 
32 8.921200 
33 8.846200 
34 8.720200 
35 8.544200 
36 8.321200 
37 8.053200 
38 7.746200 
39 7.405200 
40 7.039200 
41 6.659200 
42 6.277200 
43 5.910200 
44 5.577200 
45 5.295200 
46 5.076200 
47 4.918200 
48 4.813200 
49 4.748200 
50 4.713200 
51 4.702200 
52 4.669200 
53 4.569200 
54 4.409200 
55 4.200200 
56 3.960200 
57 3.722200 
58 3.534200 
59 3.455200 
60 3.516200 
61 3.636200 
62 3.458200 
63 3.332200 
64 3.322200 
65 3.399200 
66 3.567200 
67 3.833200 
68 4.191200 
69 4.628200 
70 5.119200 
71 5.640200 
72 6.169200 
73 6.686200 
74 7.174200 
75 7.620200 
76 8.014200 
77 8.345200 
78 8.607200 
79 8.795200 
80 8.909200 
81 8.946200 
82 8.921200 
83 8.846200 
84 8.720200 
85 8.544200 
86 8.321200 
87 8.053200 
88 7.746200 
89 7.405200 
90 7.039200 
91 6.659200 
92 6.277200 
93 5.910200 
94 5.577200 
95 5.295200 
96 5.076200 
97 4.918200 
98 4.813200 
99 4.748200 
100 4.713200 
101 4.702200 

1 2.668200 
2 2.894200 
3 3.090200 
4 3.257200 
5 3.394200 
6 3.504200 
7 3.588200 
8 3.648200 
9 3.688200 
10 3.711200 
11 3.718200 
12 3.708200 
13 3.677200 
14 3.627200 
15 3.557200 
16 3.471200 
17 3.369200 
18 3.253200 
19 3.126200 
20 2.991200 
21 2.851200 
22 2.709200 
23 2.568200 
24 2.433200 
25 2.307200 
26 2.194200 
27 2.096200 
28 2.017200 
29 1.958200 
30 1.923200 
31 1.911200 
32 1.919200 
33 1.944200 
34 1.982200 
35 2.032200 
36 2.089200 
37 2.149200 
38 2.207200 
39 2.259200 
40 2.296200 
41 2.310200 
42 2.289200 
43 2.219200 
44 2.085200 
45 1.875200 
46 1.884200 
47 1.919200 
48 1.948200 
49 1.969200 
50 1.983200 
51 1.987200 
52 2.013200 
53 2.089200 
54 2.217200 
55 2.395200 
56 2.611200 
57 2.840200 
58 3.056200 
59 3.229200 
60 3.323200 
61 3.379200 
62 3.301200 
63 3.193200 
64 3.019200 
65 2.831200 
66 2.646200 
67 2.679200 
68 2.719200 
69 2.727200 
70 2.704200 
71 2.655200 
72 2.584200 
73 2.496200 
74 2.398200 
75 2.295200 
76 2.194200 
77 2.101200 
78 2.022200 
79 1.961200 
80 1.923200 
81 1.911200 
82 1.919200 
83 1.944200 
84 1.982200 
85 2.032200 
86 2.089200 
87 2.149200 
88 2.207200 
89 2.259200 
90 2.296200 
91 2.310200 
92 2.289200 
93 2.219200 
94 2.085200 
95 1.875200 
96 1.884200 
97 1.919200 
98 1.948200 
99 1.969200 
100 1.983200 
101 1.987200 

1 2.668200 
2 2.412200 
3 2.125200 
4 1.810200 
5 1.467200 
6 1.097200 
7 0.703200 
8 0.293200 
9 -0.119800 
10 -0.283800 
11 -0.305800 
12 -0.299800 
13 -0.280800 
14 -0.250800 
15 -0.209800 
16 0.191200 
17 0.689200 
18 1.069200 
19 1.311200 
20 1.426200 
21 1.443200 
22 1.394200 
23 1.306200 
24 1.440200 
25 1.569200 
26 1.676200 
27 1.763200 
28 1.829200 
29 1.875200 
30 1.902200 
31 1.911200 
32 1.904200 
33 1.886200 
34 1.856200 
35 1.819200 
36 1.778200 
37 1.738200 
38 1.705200 
39 1.687200 
40 1.684200 
41 1.698200 
42 1.726200 
43 1.762200 
44 1.802200 
45 1.844200 
46 1.884200 
47 1.919200 
48 1.948200 
49 1.969200 
50 1.983200 
51 1.987200 
52 1.965200 
53 1.900200 
54 1.793200 
55 1.647200 
56 1.861200 
57 2.009200 
58 2.058200 
59 1.992200 
60 1.831200 
61 1.634200 
62 1.907200 
63 2.141200 
64 2.334200 
65 2.488200 
66 2.602200 
67 2.468200 
68 2.301200 
69 2.147200 
70 2.008200 
71 1.889200 
72 1.794200 
73 1.726200 
74 1.691200 
75 1.692200 
76 1.723200 
77 1.773200 
78 1.827200 
79 1.873200 
80 1.901200 
81 1.911200 
82 1.904200 
83 1.886200 
84 1.856200 
85 1.819200 
86 1.778200 
87 1.738200 
88 1.705200 
89 1.687200 
90 1.684200 
91 1.698200 
92 1.726200 
93 1.762200 
94 1.802200 
95 1.844200 
96 1.884200 
97 1.919200 
98 1.948200 
99 1.969200 
100 1.983200 
101 1.987200 

1 0.777200 
2 0.743200 
3 0.648200 
4 0.508200 
5 0.344200 
6 0.176200 
7 0.018200 
8 -0.116800 
9 -0.219800 
10 -0.486800 
11 -0.661800 
12 -0.634800 
13 -0.557800 
14 -0.434800 
15 -0.275800 
16 -0.090800 
17 0.112200 
18 0.323200 
19 0.536200 
20 0.743200 
21 0.940200 
22 1.124200 
23 1.291200 
24 1.440200 
25 1.569200 
26 1.676200 
27 1.763200 
28 1.829200 
29 1.875200 
30 1.902200 
31 1.911200 
32 1.904200 
33 1.886200 
34 1.856200 
35 1.819200 
36 1.778200 
37 1.738200 
38 1.705200 
39 1.687200 
40 1.684200 
41 1.698200 
42 1.726200 
43 1.762200 
44 1.802200 
45 1.844200 
46 1.589200 
47 1.244200 
48 0.875200 
49 0.533200 
50 0.283200 
51 0.191200 
52 0.496200 
53 0.927200 
54 1.312200 
55 1.627200 
56 1.466200 
57 1.260200 
58 1.040200 
59 0.823200 
60 0.631200 
61 0.489200 
62 0.654200 
63 0.806200 
64 0.940200 
65 1.052200 
66 1.138200 
67 1.199200 
68 1.234200 
69 1.244200 
70 1.232200 
71 1.199200 
72 1.226200 
73 1.358200 
74 1.479200 
75 1.588200 
76 1.684200 
77 1.764200 
78 1.827200 
79 1.872200 
80 1.901200 
81 1.911200 
82 1.904200 
83 1.886200 
84 1.856200 
85 1.819200 
86 1.778200 
87 1.738200 
88 1.705200 
89 1.687200 
90 1.684200 
91 1.698200 
92 1.726200 
93 1.762200 
94 1.802200 
95 1.844200 
96 1.589200 
97 1.244200 
98 0.875200 
99 0.533200 
100 0.283200 
101 0.191200 

1 -0.662800 
2 -0.662800 
3 -0.662800 
4 -0.662800 
5 -0.661800 
6 -0.661800 
7 -0.661800 
8 -0.661800 
9 -0.661800 
10 -0.661800 
11 -0.661800 
12 -0.634800 
13 -0.557800 
14 -0.434800 
15 -0.275800 
16 -0.090800 
17 0.112200 
18 0.323200 
19 0.536200 
20 0.743200 
21 0.940200 
22 1.124200 
23 1.291200 
24 1.196200 
25 1.080200 
26 0.967200 
27 0.865200 
28 0.779200 
29 0.715200 
30 0.676200 
31 0.663200 
32 0.665200 
33 0.673200 
34 0.685200 
35 0.697200 
36 0.705200 
37 0.704200 
38 0.687200 
39 0.648200 
40 0.586200 
41 0.501200 
42 0.398200 
43 0.283200 
44 0.162200 
45 0.042200 
46 -0.069800 
47 -0.170800 
48 -0.254800 
49 -0.317800 
50 -0.356800 
51 -0.370800 
52 -0.365800 
53 -0.353800 
54 -0.334800 
55 -0.310800 
56 -0.283800 
57 -0.258800 
58 -0.240800 
59 -0.235800 
60 -0.255800 
61 -0.307800 
62 -0.199800 
63 -0.079800 
64 0.050200 
65 0.189200 
66 0.334200 
67 0.483200 
68 0.636200 
69 0.788200 
70 0.939200 
71 1.085200 
72 1.150200 
73 1.089200 
74 1.019200 
75 0.945200 
76 0.872200 
77 0.804200 
78 0.745200 
79 0.701200 
80 0.672200 
81 0.663200 
82 0.665200 
83 0.673200 
84 0.685200 
85 0.697200 
86 0.705200 
87 0.704200 
88 0.687200 
89 0.648200 
90 0.586200 
91 0.501200 
92 0.398200 
93 0.283200 
94 0.162200 
95 0.042200 
96 -0.069800 
97 -0.170800 
98 -0.254800 
99 -0.317800 
100 -0.356800 
101 -0.370800 

1 -7.383800 
2 -6.792800 
3 -6.185800 
4 -5.569800 
5 -4.953800 
6 -4.342800 
7 -3.746800 
8 -3.174800 
9 -2.645800 
10 -2.207800 
11 -2.008800 
12 -1.868800 
13 -1.491800 
14 -0.965800 
15 -0.379800 
16 -0.158800 
17 -0.098800 
18 -0.032800 
19 0.038200 
20 0.113200 
21 0.189200 
22 0.264200 
23 0.338200 
24 0.407200 
25 0.470200 
26 0.526200 
27 0.574200 
28 0.612200 
29 0.640200 
30 0.657200 
31 0.663200 
32 0.665200 
33 0.673200 
34 0.685200 
35 0.697200 
36 0.705200 
37 0.704200 
38 0.687200 
39 0.648200 
40 0.586200 
41 0.501200 
42 0.398200 
43 0.283200 
44 0.162200 
45 0.042200 
46 -0.069800 
47 -0.170800 
48 -0.254800 
49 -0.317800 
50 -0.356800 
51 -0.370800 
52 -0.723800 
53 -1.300800 
54 -1.934800 
55 -2.607800 
56 -3.306800 
57 -4.020800 
58 -4.732800 
59 -5.413800 
60 -5.960800 
61 -5.829800 
62 -5.959800 
63 -5.112800 
64 -4.294800 
65 -3.527800 
66 -2.829800 
67 -2.208800 
68 -1.666800 
69 -1.197800 
70 -0.792800 
71 -0.440800 
72 -0.138800 
73 0.114200 
74 0.315200 
75 0.463200 
76 0.560200 
77 0.616200 
78 0.644200 
79 0.657200 
80 0.661200 
81 0.663200 
82 0.665200 
83 0.673200 
84 0.685200 
85 0.697200 
86 0.705200 
87 0.704200 
88 0.687200 
89 0.648200 
90 0.586200 
91 0.501200 
92 0.398200 
93 0.283200 
94 0.162200 
95 0.042200 
96 -0.069800 
97 -0.170800 
98 -0.254800 
99 -0.317800 
100 -0.356800 
101 -0.370800 

1 -7.383800 
2 -7.949800 
3 -8.482800 
4 -8.972800 
5 -9.232800 
6 -9.339800 
7 -9.454800 
8 -9.564800 
9 -9.657800 
10 -9.721800 
11 -9.743800 
12 -9.916800 
13 -10.392800 
14 -11.075800 
15 -11.394800 
16 -11.752800 
17 -12.150800 
18 -12.569800 
19 -12.990800 
20 -13.393800 
21 -13.760800 
22 -14.073800 
23 -14.318800 
24 -14.483800 
25 -14.565800 
26 -14.569800 
27 -14.509800 
28 -14.412800 
29 -14.308800 
30 -14.229800 
31 -14.200800 
32 -14.221800 
33 -14.280800 
34 -14.338800 
35 -14.351800 
36 -14.282800 
37 -14.108800 
38 -13.816800 
39 -13.407800 
40 -12.887800 
41 -12.271800 
42 -11.575800 
43 -10.819800 
44 -10.023800 
45 -9.212800 
46 -8.409800 
47 -7.643800 
48 -6.953800 
49 -6.386800 
50 -6.003800 
51 -5.867800 
52 -5.870800 
53 -5.883800 
54 -5.905800 
55 -5.942800 
56 -5.998800 
57 -6.079800 
58 -6.186800 
59 -6.297800 
60 -6.392800 
61 -6.809800 
62 -6.578800 
63 -7.343800 
64 -8.117800 
65 -8.895800 
66 -9.670800 
67 -10.433800 
68 -11.121800 
69 -11.574800 
70 -12.062800 
71 -12.560800 
72 -13.044800 
73 -13.485800 
74 -13.860800 
75 -14.147800 
76 -14.330800 
77 -14.407800 
78 -14.390800 
79 -14.315800 
80 -14.229800 
81 -14.200800 
82 -14.221800 
83 -14.280800 
84 -14.338800 
85 -14.351800 
86 -14.282800 
87 -14.108800 
88 -13.816800 
89 -13.407800 
90 -12.887800 
91 -12.271800 
92 -11.575800 
93 -10.819800 
94 -10.023800 
95 -9.212800 
96 -8.409800 
97 -7.643800 
98 -6.953800 
99 -6.386800 
100 -6.003800 
101 -5.867800 

1 -9.011800 
2 -9.026800 
3 -9.070800 
4 -9.140800 
5 -9.411800 
6 -9.792800 
7 -10.107800 
8 -10.354800 
9 -10.531800 
10 -10.636800 
11 -10.671800 
12 -10.720800 
13 -10.863800 
14 -11.092800 
15 -11.394800 
16 -11.752800 
17 -12.150800 
18 -12.569800 
19 -12.990800 
20 -13.393800 
21 -13.760800 
22 -14.073800 
23 -14.318800 
24 -14.483800 
25 -14.565800 
26 -14.569800 
27 -14.509800 
28 -14.412800 
29 -14.308800 
30 -14.229800 
31 -14.200800 
32 -14.221800 
33 -14.280800 
34 -14.373800 
35 -14.491800 
36 -14.625800 
37 -14.764800 
38 -14.898800 
39 -15.017800 
40 -15.114800 
41 -15.186800 
42 -15.229800 
43 -15.246800 
44 -15.239800 
45 -15.213800 
46 -15.175800 
47 -15.131800 
48 -15.088800 
49 -15.053800 
50 -15.030800 
51 -15.022800 
52 -14.988800 
53 -14.862800 
54 -14.586800 
55 -14.118800 
56 -13.452800 
57 -12.622800 
58 -11.692800 
59 -10.771800 
60 -10.045800 
61 -9.771800 
62 -9.782800 
63 -9.839800 
64 -9.954800 
65 -10.136800 
66 -10.392800 
67 -10.723800 
68 -11.173800 
69 -11.879800 
70 -12.536800 
71 -13.128800 
72 -13.635800 
73 -14.042800 
74 -14.334800 
75 -14.506800 
76 -14.563800 
77 -14.527800 
78 -14.432800 
79 -14.315800 
80 -14.233800 
81 -14.200800 
82 -14.221800 
83 -14.280800 
84 -14.373800 
85 -14.491800 
86 -14.625800 
87 -14.764800 
88 -14.898800 
89 -15.017800 
90 -15.114800 
91 -15.186800 
92 -15.229800 
93 -15.246800 
94 -15.239800 
95 -15.213800 
96 -15.175800 
97 -15.131800 
98 -15.088800 
99 -15.053800 
100 -15.030800 
101 -15.022800 

1 -10.600800 
2 -10.602800 
3 -10.611800 
4 -10.623800 
5 -10.637800 
6 -10.651800 
7 -10.663800 
8 -10.670800 
9 -10.672800 
10 -10.672800 
11 -10.671800 
12 -10.720800 
13 -10.863800 
14 -11.092800 
15 -11.863800 
16 -12.675800 
17 -13.444800 
18 -14.118800 
19 -14.658800 
20 -15.043800 
21 -15.269800 
22 -15.349800 
23 -15.309800 
24 -15.183800 
25 -15.004800 
26 -14.806800 
27 -14.612800 
28 -14.442800 
29 -14.311800 
30 -14.229800 
31 -14.200800 
32 -14.224800 
33 -14.282800 
34 -14.373800 
35 -14.491800 
36 -14.625800 
37 -14.764800 
38 -14.898800 
39 -15.017800 
40 -15.114800 
41 -15.186800 
42 -15.229800 
43 -15.246800 
44 -15.239800 
45 -15.213800 
46 -15.175800 
47 -15.131800 
48 -15.088800 
49 -15.053800 
50 -15.030800 
51 -15.022800 
52 -15.001800 
53 -14.933800 
54 -14.812800 
55 -14.630800 
56 -14.384800 
57 -14.080800 
58 -13.730800 
59 -13.354800 
60 -12.979800 
61 -12.633800 
62 -13.124800 
63 -13.616800 
64 -14.093800 
65 -14.536800 
66 -14.930800 
67 -15.259800 
68 -15.510800 
69 -15.675800 
70 -15.749800 
71 -15.737800 
72 -15.645800 
73 -15.491800 
74 -15.292800 
75 -15.069800 
76 -14.843800 
77 -14.632800 
78 -14.452800 
79 -14.320800 
80 -14.234800 
81 -14.200800 
82 -14.224800 
83 -14.282800 
84 -14.373800 
85 -14.491800 
86 -14.625800 
87 -14.764800 
88 -14.898800 
89 -15.017800 
90 -15.114800 
91 -15.186800 
92 -15.229800 
93 -15.246800 
94 -15.239800 
95 -15.213800 
96 -15.175800 
97 -15.131800 
98 -15.088800 
99 -15.053800 
100 -15.030800 
101 -15.022800 

