1 1.580000 
2 1.624000 
3 1.745000 
4 1.914000 
5 2.103000 
6 2.290000 
7 2.457000 
8 2.595000 
9 2.697000 
10 2.760000 
11 2.781000 
12 2.780000 
13 2.782000 
14 2.794000 
15 2.830000 
16 2.907000 
17 3.040000 
18 3.235000 
19 3.486000 
20 3.776000 
21 4.086000 
22 4.401000 
23 4.705000 
24 4.988000 
25 5.243000 
26 5.465000 
27 5.650000 
28 5.795000 
29 5.900000 
30 5.962000 
31 5.983000 
32 5.968000 
33 5.920000 
34 5.842000 
35 5.733000 
36 5.593000 
37 5.426000 
38 5.232000 
39 5.016000 
40 4.781000 
41 4.534000 
42 4.282000 
43 4.032000 
44 3.794000 
45 3.578000 
46 3.392000 
47 3.241000 
48 3.128000 
49 3.050000 
50 3.005000 
51 2.991000 
52 2.956000 
53 2.853000 
54 2.684000 
55 2.458000 
56 2.190000 
57 1.910000 
58 1.673000 
59 1.581000 
60 1.687000 
61 1.849000 
62 1.595000 
63 1.384000 
64 1.495000 
65 1.710000 
66 1.993000 
67 2.327000 
68 2.692000 
69 3.074000 
70 3.461000 
71 3.841000 
72 4.207000 
73 4.552000 
74 4.869000 
75 5.154000 
76 5.401000 
77 5.608000 
78 5.772000 
79 5.889000 
80 5.960000 
81 5.983000 
82 5.968000 
83 5.920000 
84 5.842000 
85 5.733000 
86 5.593000 
87 5.426000 
88 5.232000 
89 5.016000 
90 4.781000 
91 4.534000 
92 4.282000 
93 4.032000 
94 3.794000 
95 3.578000 
96 3.392000 
97 3.241000 
98 3.128000 
99 3.050000 
100 3.005000 
101 2.991000 

1 0.422000 
2 0.656000 
3 0.868000 
4 1.058000 
5 1.222000 
6 1.362000 
7 1.476000 
8 1.564000 
9 1.627000 
10 1.664000 
11 1.677000 
12 1.664000 
13 1.624000 
14 1.559000 
15 1.467000 
16 1.350000 
17 1.210000 
18 1.046000 
19 0.861000 
20 0.657000 
21 0.437000 
22 0.206000 
23 -0.031000 
24 -0.268000 
25 -0.498000 
26 -0.713000 
27 -0.904000 
28 -1.063000 
29 -1.183000 
30 -1.258000 
31 -1.283000 
32 -1.267000 
33 -1.218000 
34 -1.139000 
35 -1.034000 
36 -0.909000 
37 -0.769000 
38 -0.622000 
39 -0.475000 
40 -0.333000 
41 -0.205000 
42 -0.096000 
43 -0.012000 
44 0.040000 
45 0.060000 
46 0.047000 
47 0.007000 
48 -0.048000 
49 -0.104000 
50 -0.145000 
51 -0.160000 
52 -0.115000 
53 0.011000 
54 0.199000 
55 0.423000 
56 0.664000 
57 0.903000 
58 1.118000 
59 1.251000 
60 1.270000 
61 1.284000 
62 1.275000 
63 1.274000 
64 1.016000 
65 0.718000 
66 0.410000 
67 0.308000 
68 0.315000 
69 0.283000 
70 0.214000 
71 0.110000 
72 -0.024000 
73 -0.183000 
74 -0.361000 
75 -0.548000 
76 -0.735000 
77 -0.911000 
78 -1.064000 
79 -1.182000 
80 -1.258000 
81 -1.283000 
82 -1.267000 
83 -1.218000 
84 -1.139000 
85 -1.034000 
86 -0.909000 
87 -0.769000 
88 -0.622000 
89 -0.475000 
90 -0.333000 
91 -0.205000 
92 -0.096000 
93 -0.012000 
94 0.040000 
95 0.060000 
96 0.047000 
97 0.007000 
98 -0.048000 
99 -0.104000 
100 -0.145000 
101 -0.160000 

1 0.422000 
2 0.170000 
3 -0.096000 
4 -0.370000 
5 -0.646000 
6 -0.915000 
7 -1.164000 
8 -1.381000 
9 -1.551000 
10 -1.660000 
11 -1.698000 
12 -1.656000 
13 -1.541000 
14 -1.379000 
15 -1.204000 
16 -1.057000 
17 -0.973000 
18 -0.976000 
19 -1.069000 
20 -1.245000 
21 -1.487000 
22 -1.779000 
23 -2.103000 
24 -2.096000 
25 -1.878000 
26 -1.695000 
27 -1.546000 
28 -1.431000 
29 -1.349000 
30 -1.300000 
31 -1.283000 
32 -1.294000 
33 -1.327000 
34 -1.378000 
35 -1.443000 
36 -1.515000 
37 -1.583000 
38 -1.636000 
39 -1.662000 
40 -1.655000 
41 -1.616000 
42 -1.553000 
43 -1.474000 
44 -1.389000 
45 -1.304000 
46 -1.226000 
47 -1.157000 
48 -1.101000 
49 -1.060000 
50 -1.034000 
51 -1.026000 
52 -1.000000 
53 -0.923000 
54 -0.798000 
55 -0.639000 
56 -0.468000 
57 -0.317000 
58 -0.229000 
59 -0.241000 
60 -0.353000 
61 -0.507000 
62 -0.292000 
63 -0.103000 
64 0.055000 
65 0.177000 
66 0.262000 
67 0.099000 
68 -0.209000 
69 -0.509000 
70 -0.792000 
71 -1.050000 
72 -1.270000 
73 -1.442000 
74 -1.553000 
75 -1.596000 
76 -1.576000 
77 -1.511000 
78 -1.425000 
79 -1.346000 
80 -1.299000 
81 -1.283000 
82 -1.294000 
83 -1.327000 
84 -1.378000 
85 -1.443000 
86 -1.515000 
87 -1.583000 
88 -1.636000 
89 -1.662000 
90 -1.655000 
91 -1.616000 
92 -1.553000 
93 -1.474000 
94 -1.389000 
95 -1.304000 
96 -1.226000 
97 -1.157000 
98 -1.101000 
99 -1.060000 
100 -1.034000 
101 -1.026000 

1 -2.736000 
2 -2.819000 
3 -3.054000 
4 -3.412000 
5 -3.858000 
6 -4.362000 
7 -4.901000 
8 -5.456000 
9 -6.007000 
10 -6.516000 
11 -6.803000 
12 -6.781000 
13 -6.665000 
14 -6.115000 
15 -5.581000 
16 -5.069000 
17 -4.583000 
18 -4.128000 
19 -3.704000 
20 -3.314000 
21 -2.957000 
22 -2.635000 
23 -2.348000 
24 -2.096000 
25 -1.878000 
26 -1.695000 
27 -1.546000 
28 -1.431000 
29 -1.349000 
30 -1.300000 
31 -1.283000 
32 -1.294000 
33 -1.327000 
34 -1.378000 
35 -1.443000 
36 -1.515000 
37 -1.583000 
38 -1.636000 
39 -1.662000 
40 -1.655000 
41 -1.616000 
42 -1.553000 
43 -1.474000 
44 -1.389000 
45 -1.304000 
46 -1.226000 
47 -1.157000 
48 -1.101000 
49 -1.060000 
50 -1.034000 
51 -1.026000 
52 -1.063000 
53 -1.175000 
54 -1.360000 
55 -1.615000 
56 -1.933000 
57 -2.305000 
58 -2.710000 
59 -3.121000 
60 -3.498000 
61 -3.798000 
62 -3.444000 
63 -3.139000 
64 -2.883000 
65 -2.679000 
66 -2.527000 
67 -2.425000 
68 -2.374000 
69 -2.372000 
70 -2.416000 
71 -2.502000 
72 -2.555000 
73 -2.290000 
74 -2.055000 
75 -1.851000 
76 -1.677000 
77 -1.536000 
78 -1.429000 
79 -1.353000 
80 -1.302000 
81 -1.283000 
82 -1.294000 
83 -1.327000 
84 -1.378000 
85 -1.443000 
86 -1.515000 
87 -1.583000 
88 -1.636000 
89 -1.662000 
90 -1.655000 
91 -1.616000 
92 -1.553000 
93 -1.474000 
94 -1.389000 
95 -1.304000 
96 -1.226000 
97 -1.157000 
98 -1.101000 
99 -1.060000 
100 -1.034000 
101 -1.026000 

1 -8.065000 
2 -8.065000 
3 -8.065000 
4 -8.064000 
5 -8.063000 
6 -8.061000 
7 -7.956000 
8 -7.813000 
9 -7.703000 
10 -7.634000 
11 -7.610000 
12 -7.215000 
13 -6.665000 
14 -6.115000 
15 -5.581000 
16 -5.069000 
17 -4.583000 
18 -4.128000 
19 -3.704000 
20 -3.314000 
21 -2.957000 
22 -2.635000 
23 -2.348000 
24 -2.442000 
25 -2.782000 
26 -3.105000 
27 -3.399000 
28 -3.647000 
29 -3.837000 
30 -3.958000 
31 -3.999000 
32 -3.989000 
33 -3.959000 
34 -3.916000 
35 -3.869000 
36 -3.828000 
37 -3.809000 
38 -3.829000 
39 -3.902000 
40 -4.038000 
41 -4.237000 
42 -4.490000 
43 -4.788000 
44 -5.118000 
45 -5.468000 
46 -5.823000 
47 -6.168000 
48 -6.481000 
49 -6.738000 
50 -6.909000 
51 -6.970000 
52 -6.948000 
53 -6.885000 
54 -6.792000 
55 -6.684000 
56 -6.575000 
57 -6.481000 
58 -6.421000 
59 -6.420000 
60 -6.504000 
61 -6.694000 
62 -6.317000 
63 -5.918000 
64 -5.507000 
65 -5.092000 
66 -4.679000 
67 -4.276000 
68 -3.887000 
69 -3.518000 
70 -3.171000 
71 -2.849000 
72 -2.628000 
73 -2.786000 
74 -2.968000 
75 -3.167000 
76 -3.370000 
77 -3.566000 
78 -3.740000 
79 -3.879000 
80 -3.968000 
81 -3.999000 
82 -3.989000 
83 -3.959000 
84 -3.916000 
85 -3.869000 
86 -3.828000 
87 -3.809000 
88 -3.829000 
89 -3.902000 
90 -4.038000 
91 -4.237000 
92 -4.490000 
93 -4.788000 
94 -5.118000 
95 -5.468000 
96 -5.823000 
97 -6.168000 
98 -6.481000 
99 -6.738000 
100 -6.909000 
101 -6.970000 

1 -8.816000 
2 -8.734000 
3 -8.613000 
4 -8.462000 
5 -8.293000 
6 -8.120000 
7 -8.060000 
8 -8.059000 
9 -8.058000 
10 -7.881000 
11 -7.610000 
12 -7.215000 
13 -6.715000 
14 -6.610000 
15 -6.469000 
16 -6.298000 
17 -6.103000 
18 -5.892000 
19 -5.672000 
20 -5.449000 
21 -5.229000 
22 -5.017000 
23 -4.818000 
24 -4.635000 
25 -4.472000 
26 -4.331000 
27 -4.213000 
28 -4.120000 
29 -4.053000 
30 -4.013000 
31 -3.999000 
32 -3.989000 
33 -3.959000 
34 -3.916000 
35 -3.869000 
36 -3.828000 
37 -3.809000 
38 -3.829000 
39 -3.902000 
40 -4.038000 
41 -4.237000 
42 -4.490000 
43 -4.788000 
44 -5.118000 
45 -5.468000 
46 -5.823000 
47 -6.168000 
48 -6.481000 
49 -6.738000 
50 -6.909000 
51 -6.970000 
52 -7.008000 
53 -7.117000 
54 -7.279000 
55 -7.465000 
56 -7.632000 
57 -7.736000 
58 -7.755000 
59 -7.707000 
60 -7.640000 
61 -7.592000 
62 -7.688000 
63 -7.862000 
64 -8.104000 
65 -8.353000 
66 -8.485000 
67 -8.356000 
68 -7.956000 
69 -7.394000 
70 -6.773000 
71 -6.155000 
72 -5.581000 
73 -5.081000 
74 -4.675000 
75 -4.376000 
76 -4.181000 
77 -4.071000 
78 -4.021000 
79 -4.003000 
80 -3.999000 
81 -3.999000 
82 -3.989000 
83 -3.959000 
84 -3.916000 
85 -3.869000 
86 -3.828000 
87 -3.809000 
88 -3.829000 
89 -3.902000 
90 -4.038000 
91 -4.237000 
92 -4.490000 
93 -4.788000 
94 -5.118000 
95 -5.468000 
96 -5.823000 
97 -6.168000 
98 -6.481000 
99 -6.738000 
100 -6.909000 
101 -6.970000 

1 -8.816000 
2 -8.852000 
3 -8.841000 
4 -8.783000 
5 -8.686000 
6 -8.560000 
7 -8.419000 
8 -8.281000 
9 -8.164000 
10 -8.057000 
11 -8.057000 
12 -8.449000 
13 -8.988000 
14 -9.515000 
15 -10.005000 
16 -10.442000 
17 -10.809000 
18 -11.092000 
19 -11.277000 
20 -11.355000 
21 -11.322000 
22 -11.181000 
23 -10.942000 
24 -10.623000 
25 -10.250000 
26 -9.854000 
27 -9.468000 
28 -9.126000 
29 -8.857000 
30 -8.686000 
31 -8.627000 
32 -8.656000 
33 -8.743000 
34 -8.882000 
35 -9.065000 
36 -9.283000 
37 -9.524000 
38 -9.774000 
39 -10.022000 
40 -10.254000 
41 -10.457000 
42 -10.621000 
43 -10.737000 
44 -10.801000 
45 -10.812000 
46 -10.774000 
47 -10.695000 
48 -10.592000 
49 -10.486000 
50 -10.406000 
51 -10.376000 
52 -10.417000 
53 -10.534000 
54 -10.702000 
55 -10.891000 
56 -11.066000 
57 -10.890000 
58 -10.755000 
59 -10.636000 
60 -10.457000 
61 -10.180000 
62 -10.646000 
63 -11.090000 
64 -11.497000 
65 -11.783000 
66 -11.554000 
67 -11.589000 
68 -11.642000 
69 -11.441000 
70 -11.188000 
71 -10.898000 
72 -10.584000 
73 -10.262000 
74 -9.944000 
75 -9.641000 
76 -9.362000 
77 -9.116000 
78 -8.911000 
79 -8.757000 
80 -8.660000 
81 -8.627000 
82 -8.656000 
83 -8.743000 
84 -8.882000 
85 -9.065000 
86 -9.283000 
87 -9.524000 
88 -9.774000 
89 -10.022000 
90 -10.254000 
91 -10.457000 
92 -10.621000 
93 -10.737000 
94 -10.801000 
95 -10.812000 
96 -10.774000 
97 -10.695000 
98 -10.592000 
99 -10.486000 
100 -10.406000 
101 -10.376000 

1 -11.456000 
2 -11.318000 
3 -11.005000 
4 -10.620000 
5 -10.199000 
6 -9.756000 
7 -9.297000 
8 -8.824000 
9 -8.344000 
10 -8.085000 
11 -8.057000 
12 -8.449000 
13 -8.988000 
14 -9.515000 
15 -10.005000 
16 -10.442000 
17 -10.809000 
18 -11.092000 
19 -11.277000 
20 -11.355000 
21 -11.322000 
22 -11.181000 
23 -10.942000 
24 -10.623000 
25 -10.250000 
26 -9.854000 
27 -9.468000 
28 -9.126000 
29 -8.857000 
30 -8.686000 
31 -8.627000 
32 -8.656000 
33 -8.743000 
34 -8.882000 
35 -9.065000 
36 -9.283000 
37 -9.524000 
38 -9.774000 
39 -10.022000 
40 -10.254000 
41 -10.457000 
42 -10.621000 
43 -10.737000 
44 -10.801000 
45 -10.812000 
46 -10.774000 
47 -10.695000 
48 -10.592000 
49 -10.486000 
50 -10.406000 
51 -10.376000 
52 -10.488000 
53 -10.796000 
54 -11.190000 
55 -11.277000 
56 -11.078000 
57 -11.195000 
58 -11.249000 
59 -11.210000 
60 -11.071000 
61 -10.842000 
62 -11.206000 
63 -11.492000 
64 -11.695000 
65 -11.809000 
66 -11.835000 
67 -11.777000 
68 -11.877000 
69 -12.282000 
70 -12.352000 
71 -12.147000 
72 -11.846000 
73 -11.461000 
74 -11.015000 
75 -10.533000 
76 -10.047000 
77 -9.590000 
78 -9.193000 
79 -8.887000 
80 -8.693000 
81 -8.627000 
82 -8.656000 
83 -8.743000 
84 -8.882000 
85 -9.065000 
86 -9.283000 
87 -9.524000 
88 -9.774000 
89 -10.022000 
90 -10.254000 
91 -10.457000 
92 -10.621000 
93 -10.737000 
94 -10.801000 
95 -10.812000 
96 -10.774000 
97 -10.695000 
98 -10.592000 
99 -10.486000 
100 -10.406000 
101 -10.376000 

1 -12.493000 
2 -12.601000 
3 -12.826000 
4 -13.066000 
5 -13.281000 
6 -13.460000 
7 -13.599000 
8 -13.701000 
9 -13.769000 
10 -13.808000 
11 -13.820000 
12 -13.875000 
13 -14.028000 
14 -14.254000 
15 -14.514000 
16 -14.764000 
17 -14.960000 
18 -15.061000 
19 -15.035000 
20 -14.857000 
21 -14.516000 
22 -14.016000 
23 -13.375000 
24 -12.627000 
25 -11.819000 
26 -11.003000 
27 -10.237000 
28 -9.574000 
29 -9.061000 
30 -8.738000 
31 -8.627000 
32 -8.739000 
33 -9.063000 
34 -9.563000 
35 -10.186000 
36 -10.868000 
37 -11.549000 
38 -12.173000 
39 -12.698000 
40 -13.095000 
41 -13.353000 
42 -13.472000 
43 -13.464000 
44 -13.351000 
45 -13.159000 
46 -12.920000 
47 -12.664000 
48 -12.424000 
49 -12.228000 
50 -12.101000 
51 -12.056000 
52 -12.009000 
53 -11.879000 
54 -11.726000 
55 -11.883000 
56 -12.285000 
57 -12.612000 
58 -12.818000 
59 -12.931000 
60 -13.021000 
61 -13.153000 
62 -12.874000 
63 -12.532000 
64 -12.148000 
65 -11.851000 
66 -12.135000 
67 -12.337000 
68 -12.446000 
69 -12.452000 
70 -12.673000 
71 -12.960000 
72 -13.080000 
73 -12.991000 
74 -12.676000 
75 -12.150000 
76 -11.455000 
77 -10.669000 
78 -9.890000 
79 -9.228000 
80 -8.784000 
81 -8.627000 
82 -8.739000 
83 -9.063000 
84 -9.563000 
85 -10.186000 
86 -10.868000 
87 -11.549000 
88 -12.173000 
89 -12.698000 
90 -13.095000 
91 -13.353000 
92 -13.472000 
93 -13.464000 
94 -13.351000 
95 -13.159000 
96 -12.920000 
97 -12.664000 
98 -12.424000 
99 -12.228000 
100 -12.101000 
101 -12.056000 

