1 1.800900 
2 1.856800 
3 2.007800 
4 2.216900 
5 2.447600 
6 2.672500 
7 2.873600 
8 3.039100 
9 3.161700 
10 3.236900 
11 3.262200 
12 3.259600 
13 3.254600 
14 3.256600 
15 3.281400 
16 3.350200 
17 3.484500 
18 3.697700 
19 3.986800 
20 4.334900 
21 4.718100 
22 5.113700 
23 5.503000 
24 5.871600 
25 6.208600 
26 6.505500 
27 6.756200 
28 6.955800 
29 7.100800 
30 7.188800 
31 7.218300 
32 7.196100 
33 7.130200 
34 7.021500 
35 6.871900 
36 6.684100 
37 6.461700 
38 6.209200 
39 5.932100 
40 5.637300 
41 5.333100 
42 5.029300 
43 4.736900 
44 4.467300 
45 4.230800 
46 4.034800 
47 3.881900 
48 3.770700 
49 3.696700 
50 3.654800 
51 3.641300 
52 3.595100 
53 3.459100 
54 3.240300 
55 2.952600 
56 2.620700 
57 2.289200 
58 2.038600 
59 1.971900 
60 2.076000 
61 2.237600 
62 1.986300 
63 1.764500 
64 1.714200 
65 1.899000 
66 2.213000 
67 2.602600 
68 3.038300 
69 3.499000 
70 3.969200 
71 4.436800 
72 4.891900 
73 5.326000 
74 5.731100 
75 6.100100 
76 6.426100 
77 6.702800 
78 6.924500 
79 7.086400 
80 7.185100 
81 7.218300 
82 7.196100 
83 7.130200 
84 7.021500 
85 6.871900 
86 6.684100 
87 6.461700 
88 6.209200 
89 5.932100 
90 5.637300 
91 5.333100 
92 5.029300 
93 4.736900 
94 4.467300 
95 4.230800 
96 4.034800 
97 3.881900 
98 3.770700 
99 3.696700 
100 3.654800 
101 3.641300 

1 0.406200 
2 0.714600 
3 0.998600 
4 1.255500 
5 1.482800 
6 1.678600 
7 1.841100 
8 1.968900 
9 2.061000 
10 2.116600 
11 2.135100 
12 2.120500 
13 2.076700 
14 2.004000 
15 1.902800 
16 1.773700 
17 1.617700 
18 1.435900 
19 1.229800 
20 1.001500 
21 0.753400 
22 0.488900 
23 0.212300 
24 -0.070900 
25 -0.353500 
26 -0.626600 
27 -0.878900 
28 -1.097500 
29 -1.267900 
30 -1.376900 
31 -1.414400 
32 -1.389900 
33 -1.318300 
34 -1.206000 
35 -1.062300 
36 -0.897400 
37 -0.721900 
38 -0.545700 
39 -0.378400 
40 -0.228400 
41 -0.104100 
42 -0.013200 
43 0.037300 
44 0.042400 
45 0.000200 
46 -0.084600 
47 -0.200600 
48 -0.328500 
49 -0.445000 
50 -0.526400 
51 -0.555700 
52 -0.475600 
53 -0.267100 
54 0.015300 
55 0.330000 
56 0.647000 
57 0.939800 
58 1.173700 
59 1.305600 
60 1.370000 
61 1.438300 
62 1.354600 
63 1.316000 
64 1.199300 
65 0.939400 
66 0.625900 
67 0.338800 
68 0.384100 
69 0.384100 
70 0.339600 
71 0.252200 
72 0.124800 
73 -0.038600 
74 -0.231900 
75 -0.447100 
76 -0.673500 
77 -0.897200 
78 -1.101400 
79 -1.267300 
80 -1.376400 
81 -1.414400 
82 -1.389900 
83 -1.318300 
84 -1.206000 
85 -1.062300 
86 -0.897400 
87 -0.721900 
88 -0.545700 
89 -0.378400 
90 -0.228400 
91 -0.104100 
92 -0.013200 
93 0.037300 
94 0.042400 
95 0.000200 
96 -0.084600 
97 -0.200600 
98 -0.328500 
99 -0.445000 
100 -0.526400 
101 -0.555700 

1 0.406200 
2 0.077000 
3 -0.269000 
4 -0.626600 
5 -0.989000 
6 -1.347100 
7 -1.688600 
8 -1.996200 
9 -2.247000 
10 -2.414100 
11 -2.473200 
12 -2.398100 
13 -2.191700 
14 -1.901200 
15 -1.585900 
16 -1.303200 
17 -1.101700 
18 -1.013100 
19 -1.046600 
20 -1.191700 
21 -1.428000 
22 -1.732300 
23 -2.082700 
24 -2.235500 
25 -2.018100 
26 -1.833900 
27 -1.683000 
28 -1.565500 
29 -1.481600 
30 -1.431300 
31 -1.414400 
32 -1.425200 
33 -1.456700 
34 -1.506500 
35 -1.570200 
36 -1.641400 
37 -1.710500 
38 -1.766100 
39 -1.796800 
40 -1.795600 
41 -1.762600 
42 -1.704000 
43 -1.629100 
44 -1.546800 
45 -1.464500 
46 -1.387600 
47 -1.320200 
48 -1.265200 
49 -1.224600 
50 -1.199800 
51 -1.191400 
52 -1.174300 
53 -1.105900 
54 -0.973700 
55 -0.793700 
56 -0.600600 
57 -0.438700 
58 -0.362000 
59 -0.419300 
60 -0.600300 
61 -0.816000 
62 -0.532500 
63 -0.279800 
64 -0.063200 
65 0.113800 
66 0.248400 
67 0.292100 
68 -0.050000 
69 -0.391300 
70 -0.722000 
71 -1.030300 
72 -1.301600 
73 -1.518500 
74 -1.663800 
75 -1.726800 
76 -1.713600 
77 -1.648700 
78 -1.547600 
79 -1.473800 
80 -1.429300 
81 -1.414400 
82 -1.425200 
83 -1.456700 
84 -1.506500 
85 -1.570200 
86 -1.641400 
87 -1.710500 
88 -1.766100 
89 -1.796800 
90 -1.795600 
91 -1.762600 
92 -1.704000 
93 -1.629100 
94 -1.546800 
95 -1.464500 
96 -1.387600 
97 -1.320200 
98 -1.265200 
99 -1.224600 
100 -1.199800 
101 -1.191400 

1 -2.428000 
2 -2.526900 
3 -2.805900 
4 -3.224100 
5 -3.737700 
6 -4.307100 
7 -4.893900 
8 -5.453600 
9 -5.928800 
10 -6.252300 
11 -6.367500 
12 -6.350300 
13 -6.299700 
14 -6.040800 
15 -5.569600 
16 -5.099800 
17 -4.645200 
18 -4.213100 
19 -3.807400 
20 -3.430400 
21 -3.083900 
22 -2.768800 
23 -2.485900 
24 -2.235500 
25 -2.018100 
26 -1.833900 
27 -1.683000 
28 -1.565500 
29 -1.481600 
30 -1.431300 
31 -1.414400 
32 -1.425200 
33 -1.456700 
34 -1.506500 
35 -1.570200 
36 -1.641400 
37 -1.710500 
38 -1.766100 
39 -1.796800 
40 -1.795600 
41 -1.762600 
42 -1.704000 
43 -1.629100 
44 -1.546800 
45 -1.464500 
46 -1.387600 
47 -1.320200 
48 -1.265200 
49 -1.224600 
50 -1.199800 
51 -1.191400 
52 -1.229500 
53 -1.342800 
54 -1.529200 
55 -1.784500 
56 -2.102100 
57 -2.471700 
58 -2.877100 
59 -3.292300 
60 -3.676500 
61 -3.978300 
62 -3.629800 
63 -3.324800 
64 -3.066300 
65 -2.856200 
66 -2.695900 
67 -2.585600 
68 -2.525200 
69 -2.513700 
70 -2.549600 
71 -2.630200 
72 -2.571600 
73 -2.336800 
74 -2.125900 
75 -1.940500 
76 -1.781700 
77 -1.650400 
78 -1.563900 
79 -1.486100 
80 -1.433100 
81 -1.414400 
82 -1.425200 
83 -1.456700 
84 -1.506500 
85 -1.570200 
86 -1.641400 
87 -1.710500 
88 -1.766100 
89 -1.796800 
90 -1.795600 
91 -1.762600 
92 -1.704000 
93 -1.629100 
94 -1.546800 
95 -1.464500 
96 -1.387600 
97 -1.320200 
98 -1.265200 
99 -1.224600 
100 -1.199800 
101 -1.191400 

1 -6.990400 
2 -6.990100 
3 -6.989400 
4 -6.988200 
5 -6.986800 
6 -6.985200 
7 -6.983500 
8 -6.982000 
9 -6.980800 
10 -6.980100 
11 -6.979800 
12 -6.836300 
13 -6.484500 
14 -6.040800 
15 -5.569600 
16 -5.099800 
17 -4.645200 
18 -4.213100 
19 -3.807400 
20 -3.430400 
21 -3.083900 
22 -2.768800 
23 -2.485900 
24 -2.458700 
25 -2.840600 
26 -3.208900 
27 -3.544100 
28 -3.827700 
29 -4.043400 
30 -4.178400 
31 -4.224200 
32 -4.211100 
33 -4.173300 
34 -4.116500 
35 -4.049400 
36 -3.984100 
37 -3.935100 
38 -3.918600 
39 -3.949900 
40 -4.038900 
41 -4.186700 
42 -4.387100 
43 -4.629000 
44 -4.899900 
45 -5.186700 
46 -5.475000 
47 -5.749300 
48 -5.992100 
49 -6.184700 
50 -6.309300 
51 -6.352500 
52 -6.335200 
53 -6.285200 
54 -6.207900 
55 -6.111600 
56 -6.006900 
57 -5.906200 
58 -5.825000 
59 -5.784700 
60 -5.814900 
61 -5.946200 
62 -5.654900 
63 -5.344600 
64 -5.021500 
65 -4.691300 
66 -4.359500 
67 -4.031000 
68 -3.710100 
69 -3.400500 
70 -3.105800 
71 -2.828700 
72 -2.751800 
73 -2.909500 
74 -3.096700 
75 -3.304600 
76 -3.522400 
77 -3.736300 
78 -3.930200 
79 -4.086500 
80 -4.188700 
81 -4.224200 
82 -4.211100 
83 -4.173300 
84 -4.116500 
85 -4.049400 
86 -3.984100 
87 -3.935100 
88 -3.918600 
89 -3.949900 
90 -4.038900 
91 -4.186700 
92 -4.387100 
93 -4.629000 
94 -4.899900 
95 -5.186700 
96 -5.475000 
97 -5.749300 
98 -5.992100 
99 -6.184700 
100 -6.309300 
101 -6.352500 

1 -9.015200 
2 -9.014400 
3 -8.986100 
4 -8.709200 
5 -8.401400 
6 -8.076800 
7 -7.753500 
8 -7.454100 
9 -7.205900 
10 -7.039100 
11 -6.979800 
12 -6.836300 
13 -6.484500 
14 -6.218200 
15 -6.109500 
16 -5.978300 
17 -5.829900 
18 -5.669600 
19 -5.502500 
20 -5.333400 
21 -5.166500 
22 -5.005800 
23 -4.854300 
24 -4.714800 
25 -4.589800 
26 -4.481100 
27 -4.390100 
28 -4.318200 
29 -4.266200 
30 -4.234800 
31 -4.224200 
32 -4.211100 
33 -4.173300 
34 -4.116500 
35 -4.049400 
36 -3.984100 
37 -3.935100 
38 -3.918600 
39 -3.949900 
40 -4.038900 
41 -4.186700 
42 -4.387100 
43 -4.629000 
44 -4.899900 
45 -5.186700 
46 -5.475000 
47 -5.749300 
48 -5.992100 
49 -6.184700 
50 -6.309300 
51 -6.352500 
52 -6.401200 
53 -6.541100 
54 -6.744300 
55 -6.941100 
56 -7.014900 
57 -6.905900 
58 -6.699200 
59 -6.507200 
60 -6.415300 
61 -6.491700 
62 -6.308400 
63 -6.303500 
64 -6.474200 
65 -6.777300 
66 -7.112500 
67 -7.309200 
68 -7.215400 
69 -6.863100 
70 -6.383200 
71 -5.872600 
72 -5.388300 
73 -4.966900 
74 -4.634700 
75 -4.405400 
76 -4.274100 
77 -4.217500 
78 -4.204800 
79 -4.211100 
80 -4.220400 
81 -4.224200 
82 -4.211100 
83 -4.173300 
84 -4.116500 
85 -4.049400 
86 -3.984100 
87 -3.935100 
88 -3.918600 
89 -3.949900 
90 -4.038900 
91 -4.186700 
92 -4.387100 
93 -4.629000 
94 -4.899900 
95 -5.186700 
96 -5.475000 
97 -5.749300 
98 -5.992100 
99 -6.184700 
100 -6.309300 
101 -6.352500 

1 -9.408600 
2 -9.221300 
3 -9.013000 
4 -9.013500 
5 -9.020600 
6 -9.041400 
7 -9.087000 
8 -9.173000 
9 -9.315200 
10 -9.501500 
11 -9.610800 
12 -9.781800 
13 -10.215300 
14 -10.793100 
15 -11.447300 
27 -11.592700 
28 -11.156800 
29 -10.830500 
30 -10.627800 
31 -10.558900 
32 -10.610500 
33 -10.761900 
34 -11.002300 
35 -11.311200 
36 -11.644100 
37 -11.874100 
38 -11.799300 
39 -11.514300 
40 -11.180800 
41 -10.852200 
42 -10.545800 
43 -10.269000 
44 -10.026000 
45 -9.820400 
46 -9.655000 
47 -9.533000 
48 -9.456900 
49 -9.426600 
50 -9.431300 
51 -9.440700 
52 -9.380100 
53 -9.215400 
54 -8.997600 
55 -8.816600 
56 -8.801900 
57 -9.019600 
58 -9.384300 
59 -9.764500 
60 -9.985800 
61 -9.797500 
62 -10.452100 
63 -11.125400 
64 -11.396500 
65 -11.025100 
66 -10.721500 
67 -10.637300 
68 -10.893400 
69 -11.387000 
70 -11.850300 
77 -11.673500 
78 -11.215600 
79 -10.861200 
80 -10.636200 
81 -10.558900 
82 -10.610500 
83 -10.761900 
84 -11.002300 
85 -11.311200 
86 -11.644100 
87 -11.874100 
88 -11.799300 
89 -11.514300 
90 -11.180800 
91 -10.852200 
92 -10.545800 
93 -10.269000 
94 -10.026000 
95 -9.820400 
96 -9.655000 
97 -9.533000 
98 -9.456900 
99 -9.426600 
100 -9.431300 
101 -9.440700 

1 -9.408600 
2 -9.545800 
3 -9.635700 
4 -9.684600 
5 -9.701200 
6 -9.695300 
7 -9.676400 
8 -9.652700 
9 -9.631000 
10 -9.616100 
11 -9.610800 
12 -9.781800 
13 -10.215300 
14 -10.793100 
15 -11.447300 
47 -11.663100 
48 -11.132700 
49 -10.705000 
50 -10.414400 
51 -10.307600 
52 -10.433900 
53 -10.796700 
54 -11.354800 
63 -11.747500 
64 -11.809800 
97 -11.663100 
98 -11.132700 
99 -10.705000 
100 -10.414400 
101 -10.307600 

9 -11.630400 
10 -11.170500 
11 -10.961100 
12 -11.088700 
13 -11.455400 














