1 23.511500 
2 23.513400 
3 23.517600 
4 23.521300 
5 23.522500 
6 23.519800 
7 23.512800 
8 23.501100 
9 23.485200 
10 23.465800 
11 23.443700 
12 23.420300 
13 23.396900 
14 23.375000 
15 23.355700 
16 23.339800 
17 23.327700 
18 23.319000 
19 23.313300 
20 23.310100 
21 23.309100 
22 23.337200 
23 23.364900 
24 23.392100 
25 23.418700 
26 23.444400 
27 23.469200 
28 23.493000 
29 23.515500 
30 23.536600 
31 23.556300 
32 23.574500 
33 23.591000 
34 23.605700 
35 23.618700 
36 23.629700 
37 23.638900 
38 23.646000 
39 23.651200 
40 23.654300 
41 23.655300 
42 23.653500 
43 23.648300 
44 23.639800 
45 23.628000 
46 23.613100 
47 23.595400 
48 23.575200 
49 23.552700 
50 23.528300 
51 23.502300 
52 23.475100 
53 23.447100 
54 23.418800 
55 23.421300 
56 23.438000 
57 23.449100 
58 23.455000 
59 23.456600 
60 23.455600 
61 23.454500 
62 23.455000 
63 23.456500 
64 23.459200 
65 23.462900 
66 23.467600 
67 23.472800 
68 23.478500 
69 23.484200 
70 23.489900 
71 23.495500 
72 23.500700 
73 23.505600 
74 23.510000 
75 23.514000 
76 23.517400 
77 23.520200 
78 23.522400 
79 23.524000 
80 23.525000 
81 23.525300 
82 23.522800 
83 23.515100 
84 23.502400 
85 23.485200 
86 23.463700 
87 23.447900 
88 23.470500 
89 23.493300 
90 23.515600 
91 23.537200 
92 23.557700 
93 23.576800 
94 23.594300 
95 23.609900 
96 23.623400 
97 23.634700 
98 23.643600 
99 23.650100 
100 23.654000 
101 23.655300 
102 23.652900 
103 23.646000 
104 23.634800 
105 23.619800 
106 23.601600 
107 23.581300 
108 23.560100 
109 23.539900 
110 23.523100 
111 23.512300 
112 23.509500 
113 23.514800 
114 23.526200 
115 23.540700 
116 23.555800 
117 23.569400 
118 23.580100 
119 23.586800 
120 23.588800 
121 23.585600 

1 23.511500 
2 23.513400 
3 23.517600 
4 23.521300 
5 23.522500 
6 23.519800 
7 23.512800 
8 23.501100 
9 23.485200 
10 23.465800 
11 23.443700 
12 23.420300 
13 23.396900 
14 23.375000 
15 23.355700 
16 23.339800 
17 23.327700 
18 23.319000 
19 23.313300 
20 23.310100 
21 23.309100 
22 23.280900 
23 23.252700 
24 23.224700 
25 23.197100 
26 23.170000 
27 23.143600 
28 23.118100 
29 23.093700 
30 23.083600 
31 23.086800 
32 23.089800 
33 23.092500 
34 23.095000 
35 23.097100 
36 23.099000 
37 23.100500 
38 23.101700 
39 23.102500 
40 23.103000 
41 23.103200 
42 23.106600 
43 23.116700 
44 23.132600 
45 23.153500 
46 23.178200 
47 23.205600 
48 23.234400 
49 23.263400 
50 23.291400 
51 23.317100 
52 23.340300 
53 23.371900 
54 23.399200 
55 23.390300 
56 23.382500 
57 23.380000 
58 23.372900 
59 23.362400 
60 23.350800 
61 23.341700 
62 23.343900 
63 23.344000 
64 23.341900 
65 23.342800 
66 23.346700 
67 23.351300 
68 23.356400 
69 23.361700 
70 23.367000 
71 23.372100 
72 23.377000 
73 23.381500 
74 23.385600 
75 23.389300 
76 23.392500 
77 23.395100 
78 23.397200 
79 23.398700 
80 23.399600 
81 23.399900 
82 23.397600 
83 23.390700 
84 23.387300 
85 23.405400 
86 23.426000 
87 23.438500 
88 23.410200 
89 23.379600 
90 23.347300 
91 23.314200 
92 23.281100 
93 23.248800 
94 23.218200 
95 23.190000 
96 23.164800 
97 23.143400 
98 23.126100 
99 23.113500 
100 23.105800 
101 23.103200 
102 23.105600 
103 23.112800 
104 23.124300 
105 23.139800 
106 23.158600 
107 23.179700 
108 23.202200 
109 23.225900 
110 23.254100 
111 23.291900 
112 23.334400 
113 23.376900 
114 23.417600 
115 23.455400 
116 23.489400 
117 23.518900 
118 23.543600 
119 23.563100 
120 23.577100 
121 23.585600 

1 23.336300 
2 23.331900 
3 23.320100 
4 23.303300 
5 23.283500 
6 23.262100 
7 23.240100 
8 23.218200 
9 23.196900 
10 23.176800 
11 23.158000 
12 23.140800 
13 23.125300 
14 23.111200 
15 23.098300 
16 23.085800 
17 23.074000 
18 23.063300 
19 23.054700 
20 23.049100 
21 23.047100 
22 23.051500 
23 23.055900 
24 23.060300 
25 23.064500 
26 23.068700 
27 23.072700 
28 23.076500 
29 23.080200 
30 23.083600 
31 23.086800 
32 23.089800 
33 23.092500 
34 23.095000 
35 23.097100 
36 23.099000 
37 23.100500 
38 23.101700 
39 23.102500 
40 23.103000 
41 23.103200 
42 23.104400 
43 23.108300 
44 23.115200 
45 23.125900 
46 23.142100 
47 23.165400 
48 23.195800 
49 23.231000 
50 23.268200 
51 23.305200 
52 23.339600 
53 23.357900 
54 23.371500 
55 23.379700 
56 23.362200 
57 23.334600 
58 23.308100 
59 23.316400 
60 23.331700 
61 23.341700 
62 23.339300 
63 23.338800 
64 23.340000 
65 23.337700 
66 23.332000 
67 23.324900 
68 23.316900 
69 23.311500 
70 23.318900 
71 23.325700 
72 23.332000 
73 23.337700 
74 23.342800 
75 23.347300 
76 23.351100 
77 23.354200 
78 23.356600 
79 23.358400 
80 23.359400 
81 23.359800 
82 23.363200 
83 23.372700 
84 23.379300 
85 23.363800 
86 23.344300 
87 23.321300 
88 23.295300 
89 23.266700 
90 23.236300 
91 23.204600 
92 23.172500 
93 23.152600 
94 23.142600 
95 23.133200 
96 23.124700 
97 23.117300 
98 23.111300 
99 23.106900 
100 23.104100 
101 23.103200 
102 23.104000 
103 23.106200 
104 23.109700 
105 23.114400 
106 23.119900 
107 23.126100 
108 23.144900 
109 23.184100 
110 23.216900 
111 23.234500 
112 23.238500 
113 23.232400 
114 23.219100 
115 23.201800 
116 23.183100 
117 23.165000 
118 23.162000 
119 23.158100 
120 23.152700 
121 23.146000 

1 23.336300 
2 23.331900 
3 23.320100 
4 23.303300 
5 23.283500 
6 23.262100 
7 23.240100 
8 23.218200 
9 23.196900 
10 23.176800 
11 23.158000 
12 23.140800 
13 23.125300 
14 23.111200 
15 23.098300 
16 23.085800 
17 23.074000 
18 23.063300 
19 23.054700 
20 23.049100 
21 23.047100 
22 23.051500 
23 23.055900 
24 23.060300 
25 23.064500 
26 23.068700 
27 23.072700 
28 23.076500 
29 23.080200 
30 23.070500 
31 23.048800 
32 23.028600 
33 23.010100 
34 22.998800 
35 22.996600 
36 22.994800 
37 22.993200 
38 22.992000 
39 22.991100 
40 22.990600 
41 22.990400 
42 22.994100 
43 23.004900 
44 23.021800 
45 23.043100 
46 23.066200 
47 23.088100 
48 23.107600 
49 23.125200 
50 23.142400 
51 23.159800 
52 23.177900 
53 23.196800 
54 23.216500 
55 23.236800 
56 23.257500 
57 23.278100 
58 23.298000 
59 23.282700 
60 23.258800 
61 23.236500 
62 23.247100 
63 23.257400 
64 23.267400 
65 23.277000 
66 23.286300 
67 23.295100 
68 23.303500 
69 23.308400 
70 23.299500 
71 23.290700 
72 23.282000 
73 23.273700 
74 23.266000 
75 23.259000 
76 23.252800 
77 23.247700 
78 23.243500 
79 23.240500 
80 23.238700 
81 23.238100 
82 23.237300 
83 23.235000 
84 23.231200 
85 23.226100 
86 23.219600 
87 23.212000 
88 23.203300 
89 23.193900 
90 23.183900 
91 23.173500 
92 23.163000 
93 23.140700 
94 23.110000 
95 23.081300 
96 23.055400 
97 23.033000 
98 23.014800 
99 23.001400 
100 22.993200 
101 22.990400 
102 22.993400 
103 23.002700 
104 23.018800 
105 23.041900 
106 23.071500 
107 23.106400 
108 23.132600 
109 23.139100 
110 23.145400 
111 23.151200 
112 23.156300 
113 23.160400 
114 23.163400 
115 23.165200 
116 23.165500 
117 23.164500 
118 23.148600 
119 23.134800 
120 23.138100 
121 23.146000 

1 23.058100 
2 23.058600 
3 23.060000 
4 23.062100 
5 23.065000 
6 23.068300 
7 23.072000 
8 23.075700 
9 23.079100 
10 23.081900 
11 23.083500 
12 23.083500 
13 23.081500 
14 23.077500 
15 23.071900 
16 23.065600 
17 23.059500 
18 23.054300 
19 23.050400 
20 23.047900 
21 23.047100 
22 23.042700 
23 23.038300 
24 23.033900 
25 23.029700 
26 23.025500 
27 23.021500 
28 23.017600 
29 23.013900 
30 23.010400 
31 23.007100 
32 23.004100 
33 23.001300 
34 22.998800 
35 22.996600 
36 22.994800 
37 22.993200 
38 22.992000 
39 22.991100 
40 22.990600 
41 22.990400 
42 22.990900 
43 22.992200 
44 22.994800 
45 22.998800 
46 23.004500 
47 23.011900 
48 23.021100 
49 23.032000 
50 23.044500 
51 23.058600 
52 23.074000 
53 23.090700 
54 23.108400 
55 23.126900 
56 23.145700 
57 23.164400 
58 23.182200 
59 23.198000 
60 23.214700 
61 23.236500 
62 23.226000 
63 23.216000 
64 23.206500 
65 23.197500 
66 23.189000 
67 23.181000 
68 23.173600 
69 23.166700 
70 23.160300 
71 23.154500 
72 23.149200 
73 23.144500 
74 23.140300 
75 23.136700 
76 23.133700 
77 23.131200 
78 23.129200 
79 23.127800 
80 23.127000 
81 23.126700 
82 23.124000 
83 23.116400 
84 23.105000 
85 23.091200 
86 23.076100 
87 23.060500 
88 23.045000 
89 23.029900 
90 23.023900 
91 23.018900 
92 23.014100 
93 23.009500 
94 23.005200 
95 23.001400 
96 22.998100 
97 22.995300 
98 22.993200 
99 22.991700 
100 22.990700 
101 22.990400 
102 22.990900 
103 22.992400 
104 22.994800 
105 22.998300 
106 23.002900 
107 23.008600 
108 23.015500 
109 23.023300 
110 23.032200 
111 23.041900 
112 23.052300 
113 23.063300 
114 23.074700 
115 23.086200 
116 23.097600 
117 23.108700 
118 23.119300 
119 23.129100 
120 23.123400 
121 23.114300 

1 23.058100 
2 23.058600 
3 23.060000 
4 23.062100 
5 23.065000 
6 23.068300 
7 23.072000 
8 23.075700 
9 23.079100 
10 23.081900 
11 23.083500 
12 23.083500 
13 23.081500 
14 23.077500 
15 23.071900 
16 23.065600 
17 23.059500 
18 23.054300 
19 23.050400 
20 23.047900 
21 23.047100 
22 23.042700 
23 23.038300 
24 23.033900 
25 23.029700 
26 23.025500 
27 23.021500 
28 23.017600 
29 23.013900 
30 23.010400 
31 23.007100 
32 23.004100 
33 23.001300 
34 22.993400 
35 22.978700 
36 22.966000 
37 22.955600 
38 22.947300 
39 22.941400 
40 22.937800 
41 22.936600 
42 22.937500 
43 22.940200 
44 22.944600 
45 22.950800 
46 22.958700 
47 22.968400 
48 22.979800 
49 22.992900 
50 23.007700 
51 23.024000 
52 23.041700 
53 23.060800 
54 23.081000 
55 23.102200 
56 23.124200 
57 23.146700 
58 23.169500 
59 23.192300 
60 23.209800 
61 23.214500 
62 23.213200 
63 23.209100 
64 23.202500 
65 23.193700 
66 23.183200 
67 23.171600 
68 23.159300 
69 23.146700 
70 23.134000 
71 23.121600 
72 23.109700 
73 23.098500 
74 23.088200 
75 23.079000 
76 23.070900 
77 23.064200 
78 23.058800 
79 23.054900 
80 23.052600 
81 23.051800 
82 23.051400 
83 23.050100 
84 23.048100 
85 23.045300 
86 23.041900 
87 23.037900 
88 23.033500 
89 23.028800 
90 23.015600 
91 23.002300 
92 22.990000 
93 22.978900 
94 22.969100 
95 22.960500 
96 22.953200 
97 22.947200 
98 22.942600 
99 22.939300 
100 22.937300 
101 22.936600 
102 22.938400 
103 22.943400 
104 22.950600 
105 22.959000 
106 22.968200 
107 22.978100 
108 22.988600 
109 22.999700 
110 23.011200 
111 23.022800 
112 23.034400 
113 23.045700 
114 23.056600 
115 23.066700 
116 23.076100 
117 23.084600 
118 23.092300 
119 23.099500 
120 23.106600 
121 23.114300 

1 0.564700 
2 0.688500 
3 0.858500 
4 1.022700 
5 1.179800 
6 1.332700 
7 1.485600 
8 1.642900 
9 1.808300 
10 1.983300 
11 2.167500 
12 2.357600 
13 2.549000 
14 2.736100 
15 2.912700 
16 3.073100 
17 3.211900 
18 3.324800 
19 3.408100 
20 3.459100 
21 3.476300 
22 3.605300 
23 3.733400 
24 3.859600 
25 3.982900 
26 4.102400 
27 4.217500 
28 4.327300 
29 4.431300 
30 4.529000 
31 4.619700 
32 4.703100 
33 4.778800 
34 4.846400 
35 4.905600 
36 4.956100 
37 4.997700 
38 5.030300 
39 5.053600 
40 5.067700 
41 5.072300 
42 5.052800 
43 4.994300 
44 4.898000 
45 4.765400 
46 4.598500 
47 4.400000 
48 4.172800 
49 3.920200 
50 3.645800 
51 3.353500 
52 3.047400 
53 2.732300 
54 2.413300 
55 2.096900 
56 1.790700 
57 1.504200 
58 1.248300 
59 1.033000 
60 0.870800 
61 0.873700 
62 0.873200 
63 0.872100 
64 0.928900 
65 1.004400 
66 1.082800 
67 1.163200 
68 1.244500 
69 1.325400 
70 1.404700 
71 1.481300 
72 1.554000 
73 1.621900 
74 1.683900 
75 1.739400 
76 1.787500 
77 1.827700 
78 1.859400 
79 1.882400 
80 1.896300 
81 1.900900 
82 1.937800 
83 2.038200 
84 2.185200 
85 2.366600 
86 2.573800 
87 2.799400 
88 3.036400 
89 3.278600 
90 3.520300 
91 3.756300 
92 3.982100 
93 4.194000 
94 4.388500 
95 4.562700 
96 4.714200 
97 4.840900 
98 4.941200 
99 5.013800 
100 5.057700 
101 5.072300 
102 5.053000 
103 4.995200 
104 4.899800 
105 4.768500 
106 4.603500 
107 4.407600 
108 4.184700 
109 3.939400 
110 3.677600 
111 3.406300 
112 3.134600 
113 2.873000 
114 2.633300 
115 2.426800 
116 2.260900 
117 2.136400 
118 2.046700 
119 1.981200 
120 1.929500 
121 1.883600 

1 0.564700 
2 0.688500 
3 0.858500 
4 1.022700 
5 1.179800 
6 1.332700 
7 1.485600 
8 1.642900 
9 1.808300 
10 1.983300 
11 2.167500 
12 2.357600 
13 2.549000 
14 2.736100 
15 2.912700 
16 3.073100 
17 3.211900 
18 3.324800 
19 3.408100 
20 3.459100 
21 3.476300 
22 3.347500 
23 3.220100 
24 3.095400 
25 2.974600 
26 2.859300 
27 2.750500 
28 2.649500 
29 2.557200 
30 2.474300 
31 2.401200 
32 2.337900 
33 2.284000 
34 2.239200 
35 2.202600 
36 2.173500 
37 2.151000 
38 2.134300 
39 2.122900 
40 2.116300 
41 2.114100 
42 2.095100 
43 2.038800 
44 1.947100 
45 1.823100 
46 1.671200 
47 1.497200 
48 1.308400 
49 1.113600 
50 0.923400 
51 0.749900 
52 0.605500 
53 0.499100 
54 0.576200 
55 0.670000 
56 0.744100 
57 0.799100 
58 0.836900 
59 0.859800 
60 0.862000 
61 0.728800 
62 0.790500 
63 0.857400 
64 0.870900 
65 0.869800 
66 0.869200 
67 0.869300 
68 0.870200 
69 0.872100 
70 0.874700 
71 0.938100 
72 1.010100 
73 1.078700 
74 1.142400 
75 1.199900 
76 1.250300 
77 1.292500 
78 1.326100 
79 1.350400 
80 1.365100 
81 1.370000 
82 1.351200 
83 1.304100 
84 1.243000 
85 1.176500 
86 1.110200 
87 1.050700 
88 1.007700 
89 0.994100 
90 1.022500 
91 1.097300 
92 1.211200 
93 1.349500 
94 1.497500 
95 1.643000 
96 1.777200 
97 1.893700 
98 1.988100 
99 2.057500 
100 2.099800 
101 2.114100 
102 2.102000 
103 2.066200 
104 2.007900 
105 1.929000 
106 1.833000 
107 1.724600 
108 1.611000 
109 1.502700 
110 1.414200 
111 1.362500 
112 1.359000 
113 1.398900 
114 1.464800 
115 1.539600 
116 1.612600 
117 1.679100 
118 1.738000 
119 1.790500 
120 1.838300 
121 1.883600 

1 0.394200 
2 0.270600 
3 0.109800 
4 -0.019200 
5 -0.097600 
6 -0.128800 
7 -0.134100 
8 -0.132700 
9 -0.137300 
10 -0.155700 
11 -0.192600 
12 -0.249900 
13 -0.327100 
14 -0.421600 
15 -0.529000 
16 -0.643800 
17 -0.758900 
18 -0.865900 
19 -0.954700 
20 -1.014400 
21 -1.035700 
22 -0.975400 
23 -0.923100 
24 -0.879800 
25 -0.846300 
26 -0.823500 
27 -0.812200 
28 -0.812500 
29 -0.824600 
30 -0.848000 
31 -0.881800 
32 -0.924400 
33 -0.973900 
34 -1.027700 
35 -1.083200 
36 -1.137200 
37 -1.186700 
38 -1.228800 
39 -1.260900 
40 -1.281000 
41 -1.287900 
42 -1.262700 
43 -1.188800 
44 -1.071600 
45 -0.919800 
46 -0.744000 
47 -0.554700 
48 -0.361400 
49 -0.171400 
50 0.009600 
51 0.177400 
52 0.329000 
53 0.462400 
54 0.433600 
55 0.425400 
56 0.469300 
57 0.488100 
58 0.483000 
59 0.537300 
60 0.621900 
61 0.728800 
62 0.673100 
63 0.624300 
64 0.586600 
65 0.575700 
66 0.604300 
67 0.656700 
68 0.720800 
69 0.791100 
70 0.864400 
71 0.878100 
72 0.882000 
73 0.886300 
74 0.890700 
75 0.895000 
76 0.899100 
77 0.902700 
78 0.905700 
79 0.907900 
80 0.909300 
81 0.909800 
82 0.899700 
83 0.869600 
84 0.819800 
85 0.750700 
86 0.663100 
87 0.557700 
88 0.435800 
89 0.298900 
90 0.148600 
91 -0.012600 
92 -0.182000 
93 -0.356200 
94 -0.531000 
95 -0.701200 
96 -0.861000 
97 -1.003900 
98 -1.123200 
99 -1.213100 
100 -1.269000 
101 -1.287900 
102 -1.262000 
103 -1.183900 
104 -1.055300 
105 -0.882800 
106 -0.679700 
107 -0.462400 
108 -0.247300 
109 -0.049800 
110 0.114900 
111 0.233000 
112 0.298200 
113 0.317700 
114 0.305300 
115 0.269600 
116 0.215100 
117 0.149000 
118 0.081200 
119 0.020500 
120 -0.030500 
121 -0.073400 

1 0.394200 
2 0.270600 
3 0.109800 
4 -0.019200 
5 -0.097600 
6 -0.128800 
7 -0.134100 
8 -0.132700 
9 -0.137300 
10 -0.155700 
11 -0.192600 
12 -0.249900 
13 -0.327100 
14 -0.421600 
15 -0.529000 
16 -0.643800 
17 -0.758900 
18 -0.865900 
19 -0.954700 
20 -1.014400 
21 -1.035700 
22 -1.102700 
23 -1.175500 
24 -1.253000 
25 -1.333900 
26 -1.417300 
27 -1.502000 
28 -1.586900 
29 -1.593100 
30 -1.601500 
31 -1.613900 
32 -1.630000 
33 -1.649200 
34 -1.670900 
35 -1.694200 
36 -1.718100 
37 -1.741200 
38 -1.761800 
39 -1.778200 
40 -1.788900 
41 -1.792600 
42 -1.725500 
43 -1.572000 
44 -1.381200 
45 -1.172900 
46 -0.957600 
47 -0.742900 
48 -0.535000 
49 -0.338800 
50 -0.158200 
51 0.003600 
52 0.144400 
53 0.262300 
54 0.356300 
55 0.404800 
56 0.405500 
57 0.429500 
58 0.473500 
59 0.459000 
60 0.429000 
61 0.414100 
62 0.418700 
63 0.431800 
64 0.448900 
65 0.452700 
66 0.429100 
67 0.391400 
68 0.349800 
69 0.307500 
70 0.265900 
71 0.225700 
72 0.187400 
73 0.151600 
74 0.118600 
75 0.089000 
76 0.063200 
77 0.041500 
78 0.024300 
79 0.011800 
80 0.004200 
81 0.001700 
82 -0.001700 
83 -0.012200 
84 -0.029800 
85 -0.053800 
86 -0.082900 
87 -0.115200 
88 -0.150000 
89 -0.191800 
90 -0.250200 
91 -0.335000 
92 -0.449700 
93 -0.590900 
94 -0.752200 
95 -0.926500 
96 -1.107300 
97 -1.288000 
98 -1.461400 
99 -1.618200 
100 -1.741100 
101 -1.792600 
102 -1.738100 
103 -1.611000 
104 -1.454300 
105 -1.287000 
106 -1.118600 
107 -0.955500 
108 -0.803100 
109 -0.666600 
110 -0.551400 
111 -0.461700 
112 -0.398700 
113 -0.356700 
114 -0.323500 
115 -0.288400 
116 -0.250000 
117 -0.212100 
118 -0.177200 
119 -0.144300 
120 -0.110600 
121 -0.073400 

1 -0.542200 
2 -0.538800 
3 -0.537100 
4 -0.553900 
5 -0.604500 
6 -0.684700 
7 -0.775400 
8 -0.863400 
9 -0.946300 
10 -1.027200 
11 -1.109800 
12 -1.196100 
13 -1.285500 
14 -1.375200 
15 -1.460800 
16 -1.537200 
17 -1.599400 
18 -1.644100 
19 -1.671300 
20 -1.684000 
21 -1.687400 
22 -1.659700 
23 -1.636500 
24 -1.617700 
25 -1.603600 
26 -1.594100 
27 -1.589200 
28 -1.588900 
29 -1.593100 
30 -1.601500 
31 -1.613900 
32 -1.630000 
33 -1.649200 
34 -1.670900 
35 -1.694200 
36 -1.718100 
37 -1.741200 
38 -1.761800 
39 -1.778200 
40 -1.788900 
41 -1.792600 
42 -1.810900 
43 -1.865900 
44 -1.957100 
45 -2.076800 
46 -2.014400 
47 -1.866100 
48 -1.724300 
49 -1.601700 
50 -1.509200 
51 -1.457900 
52 -1.375400 
53 -1.274200 
54 -1.194200 
55 -1.135600 
56 -1.097900 
57 -1.080400 
58 -1.081600 
59 -1.099700 
60 -1.132300 
61 -1.176700 
62 -1.155000 
63 -1.139300 
64 -1.130000 
65 -1.127000 
66 -1.130200 
67 -1.139500 
68 -1.154300 
69 -1.174200 
70 -1.198400 
71 -1.226000 
72 -1.256000 
73 -1.287200 
74 -1.318500 
75 -1.348800 
76 -1.376800 
77 -1.401500 
78 -1.421800 
79 -1.437000 
80 -1.446300 
81 -1.449500 
82 -1.455700 
83 -1.474100 
84 -1.504700 
85 -1.547200 
86 -1.601300 
87 -1.666600 
88 -1.633400 
89 -1.559600 
90 -1.536600 
91 -1.563700 
92 -1.632700 
93 -1.732700 
94 -1.852900 
95 -1.983500 
96 -2.115500 
97 -2.011100 
98 -1.915800 
99 -1.847400 
100 -1.806300 
101 -1.792600 
102 -1.802500 
103 -1.831500 
104 -1.877100 
105 -1.934400 
106 -1.994800 
107 -1.994000 
108 -1.831800 
109 -1.665700 
110 -1.507800 
111 -1.368800 
112 -1.261100 
113 -1.198200 
114 -1.190300 
115 -1.234900 
116 -1.313000 
117 -1.395400 
118 -1.458400 
119 -1.508000 
120 -1.557700 
121 -1.601300 

1 -0.542200 
2 -0.538800 
3 -0.537100 
4 -0.553900 
5 -0.604500 
6 -0.684700 
7 -0.775400 
8 -0.863400 
9 -0.946300 
10 -1.027200 
11 -1.109800 
12 -1.196100 
13 -1.285500 
14 -1.375200 
15 -1.460800 
16 -1.537200 
17 -1.599400 
18 -1.644100 
19 -1.671300 
20 -1.684000 
21 -1.687400 
22 -1.659700 
23 -1.636500 
24 -1.617700 
25 -1.603600 
26 -1.594100 
27 -1.589200 
28 -1.588900 
29 -1.670800 
30 -1.752700 
31 -1.831600 
32 -1.906300 
33 -1.976000 
34 -2.039700 
35 -2.096600 
36 -2.146000 
37 -2.187300 
38 -2.219900 
39 -2.243500 
40 -2.257800 
41 -2.262600 
42 -2.315500 
43 -2.414900 
44 -2.307900 
45 -2.183700 
46 -2.265500 
47 -2.146700 
48 -1.966500 
49 -1.795400 
50 -1.637900 
51 -1.497100 
52 -1.457500 
53 -1.513800 
54 -1.624600 
55 -1.754500 
56 -1.635800 
57 -1.520700 
58 -1.413200 
59 -1.317200 
60 -1.237100 
61 -1.176700 
62 -1.202400 
63 -1.229900 
64 -1.258700 
65 -1.288500 
66 -1.318800 
67 -1.349100 
68 -1.379200 
69 -1.408500 
70 -1.436800 
71 -1.463700 
72 -1.488800 
73 -1.512000 
74 -1.532900 
75 -1.551400 
76 -1.567300 
77 -1.580500 
78 -1.590800 
79 -1.598300 
80 -1.602800 
81 -1.604300 
82 -1.608700 
83 -1.621800 
84 -1.643600 
85 -1.674100 
86 -1.713300 
87 -1.747300 
88 -1.742500 
89 -1.828400 
90 -1.923300 
91 -2.026100 
92 -2.119500 
93 -2.213200 
94 -2.313100 
95 -2.280900 
96 -2.133000 
97 -2.240100 
98 -2.348200 
99 -2.391800 
100 -2.303500 
101 -2.262600 
102 -2.297100 
103 -2.353600 
104 -2.335200 
105 -2.244300 
106 -2.135700 
107 -2.047000 
108 -2.070900 
109 -2.011600 
110 -1.954100 
111 -1.895200 
112 -1.832800 
113 -1.766900 
114 -1.700200 
115 -1.639000 
116 -1.593100 
117 -1.575300 
118 -1.592000 
119 -1.618900 
120 -1.624600 
121 -1.601300 

1 -2.956100 
2 -2.938500 
3 -2.884200 
4 -2.806100 
5 -2.726100 
6 -2.663100 
7 -2.627200 
8 -2.617300 
9 -2.621000 
10 -2.618200 
11 -2.587800 
12 -2.517900 
13 -2.411300 
14 -2.281900 
15 -2.146000 
16 -2.016600 
17 -1.902900 
18 -1.810400 
19 -1.742500 
20 -1.701300 
21 -1.687400 
22 -1.719400 
23 -1.755300 
24 -1.795200 
25 -1.838500 
26 -1.885100 
27 -1.934400 
28 -1.986100 
29 -2.039500 
30 -2.094100 
31 -2.149200 
32 -2.204000 
33 -2.257400 
34 -2.308600 
35 -2.356500 
36 -2.399800 
37 -2.437300 
38 -2.468000 
39 -2.490800 
40 -2.504800 
41 -2.509500 
42 -2.485100 
43 -2.427200 
44 -2.548200 
45 -2.508000 
46 -2.329900 
47 -2.468900 
48 -2.468400 
49 -2.386500 
50 -2.298400 
51 -2.202700 
52 -2.099400 
53 -1.989000 
54 -1.873200 
55 -1.779000 
56 -1.960200 
57 -2.148400 
58 -2.322200 
59 -2.459200 
60 -2.542200 
61 -2.567600 
62 -2.562500 
63 -2.548900 
64 -2.529600 
65 -2.507100 
66 -2.483400 
67 -2.459700 
68 -2.437200 
69 -2.416200 
70 -2.397200 
71 -2.380100 
72 -2.365000 
73 -2.351700 
74 -2.340200 
75 -2.330300 
76 -2.322100 
77 -2.315400 
78 -2.310200 
79 -2.306500 
80 -2.304200 
81 -2.303500 
82 -2.284900 
83 -2.229400 
84 -2.138900 
85 -2.019300 
86 -1.882900 
87 -1.760900 
88 -1.816900 
89 -1.881000 
90 -1.953000 
91 -2.032600 
92 -2.135400 
93 -2.249500 
94 -2.366100 
95 -2.418600 
96 -2.528000 
97 -2.634300 
98 -2.513600 
99 -2.442100 
100 -2.491200 
101 -2.509500 
102 -2.486800 
103 -2.426600 
104 -2.372800 
105 -2.311400 
106 -2.218100 
107 -2.137100 
108 -2.081200 
109 -2.097700 
110 -2.105400 
111 -2.114100 
112 -2.130900 
113 -2.160000 
114 -2.204000 
115 -2.264200 
116 -2.340900 
117 -2.433800 
118 -2.542100 
119 -2.664100 
120 -2.797300 
121 -2.938300 

1 -2.956100 
2 -2.938500 
3 -2.884200 
4 -2.806100 
5 -2.726100 
6 -2.663100 
7 -2.627200 
8 -2.617300 
9 -2.621000 
10 -2.618200 
11 -2.587800 
12 -2.517900 
13 -2.411300 
14 -2.281900 
15 -2.146000 
16 -2.016600 
17 -1.902900 
18 -1.810400 
19 -1.742500 
20 -1.701300 
21 -1.687400 
22 -1.719400 
23 -1.755300 
24 -1.795200 
25 -1.838500 
26 -1.885100 
27 -1.934400 
28 -1.986100 
29 -2.039500 
30 -2.094100 
31 -2.149200 
32 -2.204000 
33 -2.257400 
34 -2.308600 
35 -2.356500 
36 -2.399800 
37 -2.437300 
38 -2.468000 
39 -2.490800 
40 -2.504800 
41 -2.509500 
42 -2.526900 
43 -2.580900 
44 -2.670200 
45 -2.662100 
46 -2.622500 
47 -2.546200 
48 -2.712300 
49 -2.991800 
50 -3.302600 
51 -3.474100 
52 -3.641600 
53 -3.817000 
54 -3.998800 
55 -4.185600 
56 -4.375100 
57 -4.564800 
58 -4.751800 
59 -4.932500 
60 -4.982500 
61 -5.082100 
62 -5.032500 
63 -5.008600 
64 -5.011100 
65 -5.038000 
66 -5.039400 
67 -5.036800 
68 -5.046900 
69 -5.069600 
70 -5.104800 
71 -5.152200 
72 -5.211400 
73 -5.281900 
74 -5.363100 
75 -5.454100 
76 -5.552100 
77 -5.559100 
78 -5.563300 
79 -5.565800 
80 -5.567100 
81 -5.567500 
82 -5.524600 
83 -5.395300 
84 -5.181400 
85 -4.902400 
86 -4.592500 
87 -4.275600 
88 -3.964100 
89 -3.664800 
90 -3.381500 
91 -3.117000 
92 -2.873300 
93 -2.652000 
94 -2.454200 
95 -2.482400 
96 -2.594900 
97 -2.638400 
98 -2.626000 
99 -2.561400 
100 -2.522500 
101 -2.509500 
102 -2.517600 
103 -2.540100 
104 -2.570800 
105 -2.599200 
106 -2.622800 
107 -2.657700 
108 -2.723600 
109 -2.825500 
110 -2.955000 
111 -3.098600 
112 -3.241900 
113 -3.369400 
114 -3.464700 
115 -3.512700 
116 -3.505800 
117 -3.446800 
118 -3.347300 
119 -3.221600 
120 -3.082000 
121 -2.938300 

1 -4.836200 
2 -4.878500 
3 -4.996500 
4 -5.153000 
5 -5.292600 
6 -5.361500 
7 -5.324500 
8 -5.184900 
9 -4.990800 
10 -4.802000 
11 -4.658900 
12 -4.578700 
13 -4.557600 
14 -4.578900 
15 -4.623300 
16 -4.675400 
17 -4.725000 
18 -4.766100 
19 -4.795800 
20 -4.813300 
21 -4.819100 
22 -4.708900 
23 -4.593200 
24 -4.473400 
25 -4.350700 
26 -4.226400 
27 -4.101700 
28 -3.977600 
29 -3.855200 
30 -3.735500 
31 -3.619400 
32 -3.508000 
33 -3.402200 
34 -3.303000 
35 -3.211900 
36 -3.130200 
37 -3.059500 
38 -3.001500 
39 -2.958300 
40 -2.931600 
41 -2.922500 
42 -2.891300 
43 -2.802900 
44 -2.678300 
45 -2.699300 
46 -2.776000 
47 -2.896800 
48 -3.026700 
49 -3.166300 
50 -3.315500 
51 -3.636700 
52 -3.980100 
53 -4.310300 
54 -4.595600 
55 -4.802400 
56 -4.914900 
57 -4.949000 
58 -4.943300 
59 -4.941800 
60 -5.097900 
61 -5.082100 
62 -5.132200 
63 -5.117500 
64 -5.082000 
65 -5.054700 
66 -5.085500 
67 -5.148900 
68 -5.221600 
69 -5.296300 
70 -5.365500 
71 -5.423700 
72 -5.468900 
73 -5.502000 
74 -5.525400 
75 -5.541500 
76 -5.553900 
77 -5.660700 
78 -5.772200 
79 -5.882900 
80 -5.979500 
81 -6.024100 
82 -5.939200 
83 -5.726100 
84 -5.374400 
85 -5.047100 
86 -4.745400 
87 -4.468100 
88 -4.212900 
89 -3.977800 
90 -3.760700 
91 -3.560300 
92 -3.375100 
93 -3.204200 
94 -3.046200 
95 -2.899600 
96 -2.762800 
97 -2.699200 
98 -2.744000 
99 -2.835400 
100 -2.899300 
101 -2.922500 
102 -2.909400 
103 -2.888000 
104 -2.892100 
105 -2.909900 
106 -2.971300 
107 -3.075500 
108 -3.214000 
109 -3.380600 
110 -3.571600 
111 -3.784100 
112 -4.015400 
113 -4.214300 
114 -4.405800 
115 -4.613500 
116 -4.839000 
117 -5.079500 
118 -5.325800 
119 -5.557400 
120 -5.735800 
121 -5.808200 

1 -4.836200 
2 -4.878500 
3 -4.996500 
4 -5.153000 
5 -5.292600 
6 -5.361500 
7 -5.324500 
8 -5.184900 
9 -4.990800 
10 -4.802000 
11 -4.658900 
12 -4.578700 
13 -4.557600 
14 -4.578900 
15 -4.623300 
16 -4.675400 
17 -4.725000 
18 -4.766100 
19 -4.795800 
20 -4.813300 
21 -4.819100 
22 -4.708900 
23 -4.593200 
24 -4.473400 
25 -4.350700 
26 -4.226400 
27 -4.101700 
28 -3.977600 
29 -3.855200 
30 -3.735500 
31 -3.619400 
32 -3.508000 
33 -3.402200 
34 -3.303000 
35 -3.211900 
36 -3.130200 
37 -3.059500 
38 -3.001500 
39 -2.958300 
40 -2.931600 
41 -2.922500 
42 -2.902000 
43 -2.848100 
44 -2.776300 
45 -2.824700 
46 -3.011900 
47 -3.233600 
48 -3.488000 
49 -3.773600 
50 -4.087800 
51 -4.426300 
52 -4.783000 
53 -5.148800 
54 -5.511100 
55 -5.850700 
56 -5.857500 
57 -5.836900 
58 -5.814400 
59 -5.588000 
60 -5.298600 
61 -5.281900 
62 -5.238800 
63 -5.290400 
64 -5.389800 
65 -5.505100 
66 -5.622500 
67 -5.688200 
68 -5.758100 
69 -5.836500 
70 -5.927500 
71 -5.966900 
72 -6.006400 
73 -6.047600 
74 -6.089300 
75 -6.130300 
76 -6.169100 
77 -6.204000 
78 -6.233400 
79 -6.255600 
80 -6.269600 
81 -6.274300 
82 -6.093500 
83 -5.735000 
84 -5.491200 
85 -5.243400 
86 -4.991700 
87 -4.734700 
88 -4.475800 
89 -4.220100 
90 -3.972300 
91 -3.736500 
92 -3.515900 
93 -3.313200 
94 -3.130300 
95 -2.969000 
96 -2.830500 
97 -2.715900 
98 -2.789900 
99 -2.861000 
100 -2.906700 
101 -2.922500 
102 -2.916100 
103 -2.901300 
104 -2.901700 
105 -2.975700 
106 -3.092600 
107 -3.231300 
108 -3.381700 
109 -3.538600 
110 -3.699900 
111 -3.865100 
112 -4.035500 
113 -4.261900 
114 -4.519100 
115 -4.780800 
116 -5.038600 
117 -5.281800 
118 -5.496800 
119 -5.668200 
120 -5.781500 
121 -5.808200 

1 -7.581900 
2 -7.491700 
3 -7.271700 
4 -6.989300 
5 -6.682800 
6 -6.380800 
7 -6.112100 
8 -5.894600 
9 -5.716900 
10 -5.558200 
11 -5.409800 
12 -5.271800 
13 -5.147400 
14 -5.040100 
15 -4.952900 
16 -4.888100 
17 -4.845800 
18 -4.823800 
19 -4.817000 
20 -4.817700 
21 -4.819100 
22 -4.922100 
23 -5.016800 
24 -5.101800 
25 -5.175700 
26 -5.237600 
27 -5.286800 
28 -5.323000 
29 -5.346500 
30 -5.357800 
31 -5.358100 
32 -5.349000 
33 -5.332200 
34 -5.309900 
35 -5.284300 
36 -5.257600 
37 -5.232200 
38 -5.210000 
39 -5.192800 
40 -5.181900 
41 -5.178200 
42 -5.197400 
43 -5.250800 
44 -5.327600 
45 -5.416200 
46 -5.506800 
47 -5.593100 
48 -5.670900 
49 -5.737900 
50 -5.792400 
51 -5.833800 
52 -5.862000 
53 -5.877100 
54 -5.880200 
55 -5.872900 
56 -6.131400 
57 -6.225600 
58 -5.949900 
59 -5.721300 
60 -5.465500 
61 -5.281900 
62 -5.353100 
63 -5.423700 
64 -5.491800 
65 -5.557700 
66 -5.629600 
67 -5.759700 
68 -5.866400 
69 -5.896300 
70 -5.930000 
71 -6.032800 
72 -6.149600 
73 -6.270500 
74 -6.384700 
75 -6.480500 
76 -6.551300 
77 -6.598500 
78 -6.586400 
79 -6.501100 
80 -6.414800 
81 -6.372600 
82 -6.271400 
83 -6.262500 
84 -6.247400 
85 -6.225600 
86 -6.196700 
87 -6.160200 
88 -6.115400 
89 -6.061900 
90 -5.999400 
91 -5.927900 
92 -5.847800 
93 -5.760100 
94 -5.666600 
95 -5.569800 
96 -5.473100 
97 -5.381300 
98 -5.299700 
99 -5.234900 
100 -5.192800 
101 -5.178200 
102 -5.196400 
103 -5.248200 
104 -5.325200 
105 -5.416100 
106 -5.508500 
107 -5.590500 
108 -5.651800 
109 -5.685200 
110 -5.688000 
111 -5.663100 
112 -5.619200 
113 -5.570600 
114 -5.534500 
115 -5.527300 
116 -5.556900 
117 -5.618300 
118 -5.695700 
119 -5.769200 
120 -5.800700 
121 -5.829300 

1 -7.581900 
2 -7.491700 
3 -7.271700 
4 -6.989300 
5 -6.682800 
6 -6.380800 
7 -6.112100 
8 -5.894600 
9 -5.716900 
10 -5.558200 
11 -5.409800 
12 -5.271800 
13 -5.147400 
14 -5.040100 
15 -4.952900 
16 -4.888100 
17 -4.845800 
18 -4.823800 
19 -4.817000 
20 -4.817700 
21 -4.819100 
22 -4.922100 
23 -5.016800 
24 -5.101800 
25 -5.175700 
26 -5.237600 
27 -5.286800 
28 -5.323000 
29 -5.346500 
30 -5.357800 
31 -5.358100 
32 -5.349000 
33 -5.332200 
34 -5.309900 
35 -5.284300 
36 -5.257600 
37 -5.232200 
38 -5.210000 
39 -5.192800 
40 -5.181900 
41 -5.178200 
42 -5.234100 
43 -5.392200 
44 -5.630900 
45 -5.927900 
46 -6.265600 
47 -6.631600 
48 -7.016800 
49 -7.414900 
50 -7.798800 
51 -7.655600 
52 -7.516300 
53 -7.394500 
54 -7.282200 
55 -7.107000 
56 -6.794900 
57 -6.412500 
58 -6.041900 
59 -5.793700 
60 -5.778700 
61 -5.772900 
62 -5.774500 
63 -5.779700 
64 -5.788600 
65 -5.801700 
66 -5.818900 
67 -5.840600 
68 -5.892600 
69 -6.025700 
70 -6.156100 
71 -6.281200 
72 -6.397400 
73 -6.500400 
74 -6.584900 
75 -6.643000 
76 -6.665700 
77 -6.646100 
78 -6.628000 
79 -6.645600 
80 -6.654900 
81 -6.657800 
82 -6.948300 
83 -7.326300 
84 -7.253400 
85 -7.226100 
86 -7.250700 
87 -7.321300 
88 -7.426800 
89 -7.554400 
90 -7.690400 
91 -7.507500 
92 -7.204000 
93 -6.897300 
94 -6.592600 
95 -6.295400 
96 -6.012200 
97 -5.751000 
98 -5.522300 
99 -5.339900 
100 -5.220200 
101 -5.178200 
102 -5.223300 
103 -5.346200 
104 -5.518100 
105 -5.709500 
106 -5.897700 
107 -6.067200 
108 -6.208400 
109 -6.315200 
110 -6.383900 
111 -6.410800 
112 -6.391700 
113 -6.325100 
114 -6.219000 
115 -6.091700 
116 -5.966600 
117 -5.866000 
118 -5.805700 
119 -5.789100 
120 -5.819500 
121 -5.829300 

1 -8.228800 
2 -8.264700 
3 -8.337000 
4 -8.422500 
5 -8.546200 
6 -8.737900 
7 -8.998300 
8 -9.286300 
9 -9.539100 
10 -9.718800 
11 -9.836000 
12 -9.917400 
13 -9.973800 
14 -9.985400 
15 -9.899200 
16 -9.691200 
17 -9.419200 
18 -9.152400 
19 -8.935200 
20 -8.794300 
21 -8.745500 
22 -8.650400 
23 -8.565500 
24 -8.491600 
25 -8.429100 
26 -8.378600 
27 -8.340500 
28 -8.315300 
29 -8.303200 
30 -8.304500 
31 -8.319300 
32 -8.347400 
33 -8.388500 
34 -8.441600 
35 -8.457700 
36 -8.299600 
37 -8.165500 
38 -8.058100 
39 -7.979600 
40 -7.931800 
41 -7.915700 
42 -7.933200 
43 -7.979800 
44 -8.039600 
45 -8.091300 
46 -8.114600 
47 -8.096200 
48 -8.032600 
49 -7.929600 
50 -7.820600 
51 -8.229700 
52 -8.638200 
53 -8.933400 
54 -8.334300 
55 -7.744900 
56 -7.202700 
57 -6.836100 
58 -6.833400 
59 -6.925300 
60 -6.983100 
61 -6.999800 
62 -6.996600 
63 -6.988300 
64 -6.976900 
65 -6.964000 
66 -6.951200 
67 -6.939800 
68 -6.931000 
69 -6.926100 
70 -6.926200 
71 -6.933200 
72 -6.949900 
73 -6.980600 
74 -7.032000 
75 -7.110900 
76 -7.219400 
77 -7.350500 
78 -7.488600 
79 -7.470800 
80 -7.465700 
81 -7.464800 
82 -7.418800 
83 -7.351500 
84 -7.763000 
85 -8.178000 
86 -8.594400 
87 -8.576100 
88 -8.343700 
89 -8.083300 
90 -7.802500 
91 -7.822500 
92 -7.939000 
93 -8.030200 
94 -8.089200 
95 -8.112500 
96 -8.102100 
97 -8.065600 
98 -8.015200 
99 -7.965200 
100 -7.928900 
101 -7.915700 
102 -7.945100 
103 -8.030300 
104 -8.162100 
105 -8.323300 
106 -8.485600 
107 -8.608900 
108 -8.651100 
109 -8.598400 
110 -8.481000 
111 -8.347000 
112 -8.236800 
113 -8.173400 
114 -8.157200 
115 -8.165000 
116 -8.158900 
117 -8.102400 
118 -7.983700 
119 -7.830200 
120 -7.704300 
121 -7.685500 

1 -8.228800 
2 -8.264700 
3 -8.337000 
4 -8.422500 
5 -8.546200 
6 -8.737900 
7 -8.998300 
8 -9.286300 
9 -9.539100 
10 -9.718800 
11 -9.836000 
12 -9.917400 
13 -9.973800 
14 -9.985400 
15 -9.899200 
16 -9.691200 
17 -9.419200 
18 -9.152400 
19 -8.935200 
20 -8.794300 
21 -8.745500 
22 -8.850200 
23 -8.963500 
24 -9.084200 
25 -9.210000 
26 -9.336800 
27 -9.455500 
28 -9.543000 
29 -9.547900 
30 -9.433700 
31 -9.247200 
32 -9.039200 
33 -8.832300 
34 -8.636600 
35 -8.505400 
36 -8.577200 
37 -8.653400 
38 -8.728200 
39 -8.793500 
40 -8.839200 
41 -8.855700 
42 -8.909800 
43 -9.069100 
44 -9.325300 
45 -9.665600 
46 -10.072300 
47 -10.514900 
48 -10.903600 
49 -10.943900 
50 -10.580300 
51 -10.077800 
52 -9.520600 
53 -9.015300 
54 -8.560500 
55 -8.309200 
56 -8.367200 
57 -8.667300 
58 -9.104600 
59 -9.609200 
60 -10.123300 
61 -10.464800 
62 -10.359200 
63 -10.160000 
64 -9.940500 
65 -9.716300 
66 -9.491800 
67 -9.269000 
68 -9.049200 
69 -8.833400 
70 -8.622800 
71 -8.418800 
72 -8.223500 
73 -8.039600 
74 -7.871400 
75 -7.725400 
76 -7.609900 
77 -7.531500 
78 -7.490900 
79 -7.623300 
80 -7.724000 
81 -7.763100 
82 -7.864200 
83 -8.121100 
84 -8.462200 
85 -8.844800 
86 -8.770500 
87 -9.011000 
88 -9.426000 
89 -9.835900 
90 -10.232700 
91 -10.496900 
92 -10.727800 
93 -10.835500 
94 -10.531900 
95 -10.155600 
96 -9.793400 
97 -9.473800 
98 -9.211500 
99 -9.016500 
100 -8.896300 
101 -8.855700 
102 -8.879700 
103 -8.953900 
104 -9.082300 
105 -9.267900 
106 -9.509300 
107 -9.801000 
108 -10.132400 
109 -10.486300 
110 -10.831900 
111 -11.112100 
112 -11.255400 
113 -11.124400 
114 -10.674800 
115 -10.127100 
116 -9.564400 
117 -9.024400 
118 -8.534100 
119 -8.122900 
120 -7.827200 
121 -7.685500 

1 -9.732400 
2 -9.775800 
3 -9.903100 
4 -10.095700 
5 -10.323000 
6 -10.556100 
7 -10.781100 
8 -11.018000 
9 -11.317600 
10 -11.700500 
11 -11.990300 
12 -11.862900 
13 -11.613600 
14 -11.354500 
15 -11.199300 
16 -11.211900 
17 -11.359100 
18 -11.586600 
19 -11.858900 
23 -11.761600 
24 -11.459900 
25 -11.163700 
26 -10.879400 
27 -10.617700 
28 -10.403300 
29 -10.288600 
30 -10.311000 
31 -10.424900 
32 -10.580200 
33 -10.754700 
34 -10.938700 
35 -11.126100 
36 -11.144000 
37 -10.937800 
38 -10.760700 
39 -10.621700 
40 -10.531600 
41 -10.500200 
42 -10.531100 
43 -10.621400 
44 -10.764700 
45 -10.950500 
46 -11.164300 
47 -11.389500 
48 -11.471800 
49 -11.199800 
50 -10.666900 
51 -10.111500 
52 -9.551500 
53 -9.042000 
54 -9.436100 
55 -9.814200 
56 -10.168400 
57 -10.490100 
58 -10.773600 
59 -10.959600 
60 -10.943800 
61 -10.923500 
62 -10.901500 
63 -10.867800 
64 -10.820800 
65 -10.759600 
66 -10.684400 
67 -10.595500 
68 -10.493900 
69 -10.345300 
70 -10.171700 
71 -10.001100 
72 -9.837100 
73 -9.682400 
74 -9.539800 
75 -9.411400 
76 -9.299200 
77 -9.184500 
78 -9.027500 
79 -8.887600 
80 -8.783800 
81 -8.744000 
82 -8.868400 
83 -9.028000 
84 -8.997400 
85 -8.914300 
86 -9.247900 
87 -9.660100 
88 -9.895600 
89 -10.073800 
90 -10.275900 
91 -10.596200 
92 -10.857300 
93 -10.947600 
94 -11.102300 
95 -11.110800 
96 -10.994200 
97 -10.841400 
98 -10.700600 
99 -10.591600 
100 -10.523400 
101 -10.500200 
102 -10.554800 
103 -10.713000 
104 -10.958100 
105 -11.231600 
106 -11.142000 
107 -10.958700 
108 -10.879400 
109 -10.928600 
110 -11.071900 
111 -11.241000 
112 -11.325400 
113 -11.288300 
114 -11.248600 
115 -11.189000 
116 -11.138000 
117 -11.134500 
118 -11.206100 
119 -11.301300 
120 -11.325100 
121 -11.420200 

1 -9.732400 
2 -9.775800 
3 -9.903100 
4 -10.095700 
5 -10.323000 
6 -10.556100 
7 -10.781100 
8 -11.018000 
9 -11.317600 
10 -11.700500 
11 -11.990300 
12 -11.862900 
13 -11.613600 
14 -11.354500 
15 -11.199300 
16 -11.211900 
17 -11.359100 
18 -11.586600 
19 -11.858900 
33 -11.873200 
34 -11.616900 
35 -11.372200 
36 -11.311200 
37 -11.487500 
38 -11.646300 
39 -11.775800 
40 -11.862200 
41 -11.892800 
42 -11.908100 
43 -11.956400 
47 -11.765600 
48 -11.608800 
49 -11.227700 
50 -11.034900 
51 -10.894200 
52 -10.805900 
53 -10.769700 
54 -10.784800 
55 -10.849800 
56 -10.962700 
57 -11.118500 
58 -11.007700 
59 -11.015500 
60 -11.197600 
61 -10.923500 
62 -11.040800 
63 -11.193800 
64 -11.103000 
65 -10.984000 
66 -10.842900 
67 -10.685700 
68 -10.518100 
69 -10.380500 
70 -10.256400 
71 -10.122600 
72 -9.980100 
73 -9.830100 
74 -9.673500 
75 -9.512100 
76 -9.348000 
77 -9.205000 
78 -9.130200 
79 -9.075900 
80 -9.043000 
81 -9.032000 
82 -9.032700 
83 -9.192100 
84 -9.536300 
85 -9.558900 
86 -9.631000 
87 -9.746100 
88 -10.075000 
89 -10.488200 
90 -10.896500 
91 -11.297900 
92 -11.690200 
93 -11.963000 
99 -11.939900 
100 -11.904200 
101 -11.892800 
102 -11.872100 
103 -11.800700 
104 -11.658500 
105 -11.485300 
106 -11.697800 
110 -11.871400 
111 -11.775100 
112 -11.706900 
113 -11.652700 
114 -11.599400 
115 -11.537900 
116 -11.466600 
117 -11.392700 
118 -11.330900 
119 -11.340800 
120 -11.489000 
121 -11.420200 

6 -11.966500 
7 -11.915700 
8 -11.951900 
48 -11.693000 
49 -11.807700 
50 -11.976700 
54 -11.959400 
55 -11.592500 
56 -11.311600 
57 -11.118900 
58 -11.304000 
59 -11.497300 
60 -11.217500 
61 -11.270300 
62 -11.250800 
63 -11.239300 
64 -11.442600 
65 -11.378400 
66 -11.233900 
67 -11.085100 
68 -10.933600 
69 -10.781100 
70 -10.629500 
71 -10.480600 
72 -10.336200 
73 -10.198500 
74 -10.069300 
75 -9.951000 
76 -9.845700 
77 -9.755600 
78 -9.682800 
79 -9.629200 
80 -9.596400 
81 -9.585300 
82 -9.575000 
83 -9.551200 
84 -9.643000 
85 -10.178300 
86 -10.773600 
87 -11.411400 
116 -11.911700 
117 -11.802200 
118 -11.732100 
119 -11.687100 
120 -11.597000 
121 -11.595100 

6 -11.966500 
7 -11.915700 
8 -11.951900 
59 -11.677000 
60 -11.684500 
61 -11.883100 
62 -11.770600 
63 -11.648200 
64 -11.517000 
65 -11.633000 
66 -11.804200 
67 -11.953500 
119 -11.857100 
120 -11.650200 
121 -11.595100 

