1 8.026300 
2 8.033300 
3 8.053300 
4 8.081300 
5 8.112300 
6 8.143300 
7 8.171300 
8 8.195300 
9 8.212300 
10 8.222300 
11 8.226300 
12 8.223300 
13 8.213300 
14 8.196300 
15 8.179300 
16 8.157300 
17 8.131300 
18 8.102300 
19 8.071300 
20 8.038300 
21 8.003300 
22 8.000300 
23 8.079300 
24 8.253300 
25 8.479300 
26 8.701300 
27 8.895300 
28 9.052300 
29 9.166300 
30 9.236300 
31 9.259300 
32 9.241300 
33 9.189300 
34 9.103300 
35 8.986300 
36 8.839300 
37 8.671300 
38 8.496300 
39 8.344300 
40 8.248300 
41 8.208300 
42 8.201300 
43 8.209300 
44 8.225300 
45 8.244300 
46 8.262300 
47 8.279300 
48 8.293300 
49 8.304300 
50 8.310300 
51 8.313300 
52 8.304300 
53 8.278300 
54 8.236300 
55 8.184300 
56 8.129300 
57 8.087300 
58 8.071300 
59 8.078300 
60 8.096300 
61 8.116300 
62 8.086300 
63 8.055300 
64 8.022300 
65 7.990300 
66 7.958300 
67 7.929300 
68 7.904300 
69 7.896300 
70 7.904300 
71 7.903300 
72 7.927300 
73 8.020300 
74 8.187300 
75 8.409300 
76 8.642300 
77 8.854300 
78 9.027300 
79 9.155300 
80 9.233300 
81 9.259300 
82 9.241300 
83 9.189300 
84 9.103300 
85 8.986300 
86 8.839300 
87 8.671300 
88 8.496300 
89 8.344300 
90 8.248300 
91 8.208300 
92 8.201300 
93 8.209300 
94 8.225300 
95 8.244300 
96 8.262300 
97 8.279300 
98 8.293300 
99 8.304300 
100 8.310300 
101 8.313300 

1 7.834300 
2 7.914300 
3 7.985300 
4 8.046300 
5 8.097300 
6 8.138300 
7 8.169300 
8 8.192300 
9 8.208300 
10 8.217300 
11 8.220300 
12 8.217300 
13 8.209300 
14 8.196300 
15 8.173300 
16 8.145300 
17 8.113300 
18 8.077300 
19 8.041300 
20 8.009300 
21 7.989300 
22 7.969300 
23 7.935300 
24 7.903300 
25 7.874300 
26 7.847300 
27 7.824300 
28 7.806300 
29 7.793300 
30 7.784300 
31 7.782300 
32 7.783300 
33 7.787300 
34 7.792300 
35 7.797300 
36 7.799300 
37 7.790300 
38 7.755300 
39 7.713300 
40 7.712300 
41 7.715300 
42 7.721300 
43 7.729300 
44 7.739300 
45 7.749300 
46 7.759300 
47 7.768300 
48 7.775300 
49 7.780300 
50 7.784300 
51 7.785300 
52 7.789300 
53 7.799300 
54 7.815300 
55 7.834300 
56 7.850300 
57 7.860300 
58 7.871300 
59 7.903300 
60 7.950300 
61 7.997300 
62 7.930300 
63 7.861300 
64 7.795300 
65 7.768300 
66 7.816300 
67 7.853300 
68 7.880300 
69 7.886300 
70 7.878300 
71 7.887300 
72 7.896300 
73 7.883300 
74 7.868300 
75 7.850300 
76 7.832300 
77 7.816300 
78 7.802300 
79 7.791300 
80 7.784300 
81 7.782300 
82 7.783300 
83 7.787300 
84 7.792300 
85 7.797300 
86 7.799300 
87 7.790300 
88 7.755300 
89 7.713300 
90 7.712300 
91 7.715300 
92 7.721300 
93 7.729300 
94 7.739300 
95 7.749300 
96 7.759300 
97 7.768300 
98 7.775300 
99 7.780300 
100 7.784300 
101 7.785300 

1 7.834300 
2 7.746300 
3 7.652300 
4 7.554300 
5 7.455300 
6 7.360300 
7 7.272300 
8 7.229300 
9 7.208300 
10 7.196300 
11 7.191300 
12 7.193300 
13 7.198300 
14 7.206300 
15 7.217300 
16 7.231300 
17 7.265300 
18 7.318300 
19 7.374300 
20 7.430300 
21 7.485300 
22 7.538300 
23 7.587300 
24 7.632300 
25 7.672300 
26 7.705300 
27 7.733300 
28 7.754300 
29 7.769300 
30 7.779300 
31 7.782300 
32 7.780300 
33 7.774300 
34 7.765300 
35 7.754300 
36 7.742300 
37 7.729300 
38 7.720300 
39 7.713300 
40 7.712300 
41 7.715300 
42 7.721300 
43 7.729300 
44 7.739300 
45 7.749300 
46 7.759300 
47 7.768300 
48 7.775300 
49 7.780300 
50 7.784300 
51 7.785300 
52 7.778300 
53 7.758300 
54 7.726300 
55 7.682300 
56 7.629300 
57 7.569300 
58 7.600300 
59 7.586300 
60 7.538300 
61 7.481300 
62 7.563300 
63 7.640300 
64 7.709300 
65 7.735300 
66 7.685300 
67 7.644300 
68 7.616300 
69 7.600300 
70 7.595300 
71 7.599300 
72 7.611300 
73 7.628300 
74 7.661300 
75 7.692300 
76 7.718300 
77 7.740300 
78 7.758300 
79 7.771300 
80 7.779300 
81 7.782300 
82 7.780300 
83 7.774300 
84 7.765300 
85 7.754300 
86 7.742300 
87 7.729300 
88 7.720300 
89 7.713300 
90 7.712300 
91 7.715300 
92 7.721300 
93 7.729300 
94 7.739300 
95 7.749300 
96 7.759300 
97 7.768300 
98 7.775300 
99 7.780300 
100 7.784300 
101 7.785300 

1 7.417300 
2 7.410300 
3 7.389300 
4 7.358300 
5 7.324300 
6 7.288300 
7 7.256300 
8 7.197300 
9 7.139300 
10 7.102300 
11 7.090300 
12 7.095300 
13 7.112300 
14 7.138300 
15 7.173300 
16 7.216300 
17 7.265300 
18 7.318300 
19 7.374300 
20 7.430300 
21 7.485300 
22 7.538300 
23 7.587300 
24 7.632300 
25 7.672300 
26 7.705300 
27 7.733300 
28 7.754300 
29 7.769300 
30 7.779300 
31 7.782300 
32 7.780300 
33 7.774300 
34 7.765300 
35 7.754300 
36 7.742300 
37 7.729300 
38 7.720300 
39 7.663300 
40 7.480300 
41 7.397300 
42 7.368300 
43 7.336300 
44 7.304300 
45 7.273300 
46 7.243300 
47 7.218300 
48 7.197300 
49 7.181300 
50 7.172300 
51 7.168300 
52 7.186300 
53 7.235300 
54 7.308300 
55 7.396300 
56 7.485300 
57 7.560300 
58 7.507300 
59 7.448300 
60 7.398300 
61 7.362300 
62 7.402300 
63 7.440300 
64 7.474300 
65 7.505300 
66 7.530300 
67 7.549300 
68 7.562300 
69 7.569300 
70 7.570300 
71 7.567300 
72 7.592300 
73 7.628300 
74 7.651300 
75 7.677300 
76 7.705300 
77 7.730300 
78 7.752300 
79 7.768300 
80 7.778300 
81 7.782300 
82 7.780300 
83 7.774300 
84 7.765300 
85 7.754300 
86 7.742300 
87 7.729300 
88 7.720300 
89 7.663300 
90 7.480300 
91 7.397300 
92 7.368300 
93 7.336300 
94 7.304300 
95 7.273300 
96 7.243300 
97 7.218300 
98 7.197300 
99 7.181300 
100 7.172300 
101 7.168300 

1 7.090300 
2 7.090300 
3 7.090300 
4 7.090300 
5 7.090300 
6 7.090300 
7 7.090300 
8 7.090300 
9 7.090300 
10 7.090300 
11 7.090300 
12 7.095300 
13 7.112300 
14 7.138300 
15 7.173300 
16 7.216300 
17 7.247300 
18 7.265300 
19 7.285300 
20 7.305300 
21 7.326300 
22 7.347300 
23 7.367300 
24 7.475300 
25 7.513300 
26 7.512300 
27 7.499300 
28 7.483300 
29 7.470300 
30 7.461300 
31 7.458300 
32 7.459300 
33 7.460300 
34 7.462300 
35 7.464300 
36 7.464300 
37 7.461300 
38 7.454300 
39 7.441300 
40 7.422300 
41 7.397300 
42 7.368300 
43 7.336300 
44 7.304300 
45 7.273300 
46 7.243300 
47 7.218300 
48 7.197300 
49 7.181300 
50 7.172300 
51 7.168300 
52 7.169300 
53 7.172300 
54 7.176300 
55 7.182300 
56 7.188300 
57 7.195300 
58 7.199300 
59 7.201300 
60 7.196300 
61 7.182300 
62 7.211300 
63 7.242300 
64 7.276300 
65 7.313300 
66 7.351300 
67 7.391300 
68 7.432300 
69 7.473300 
70 7.514300 
71 7.553300 
72 7.559300 
73 7.547300 
74 7.534300 
75 7.518300 
76 7.503300 
77 7.489300 
78 7.476300 
79 7.466300 
80 7.460300 
81 7.458300 
82 7.459300 
83 7.460300 
84 7.462300 
85 7.464300 
86 7.464300 
87 7.461300 
88 7.454300 
89 7.441300 
90 7.422300 
91 7.397300 
92 7.368300 
93 7.336300 
94 7.304300 
95 7.273300 
96 7.243300 
97 7.218300 
98 7.197300 
99 7.181300 
100 7.172300 
101 7.168300 

1 -1.711700 
2 -1.252700 
3 -0.824700 
4 -0.428700 
5 -0.071700 
6 0.243300 
7 0.511300 
8 0.726300 
9 0.885300 
10 0.982300 
11 1.015300 
12 1.232300 
13 1.759300 
14 2.419300 
15 3.115300 
16 3.806300 
17 4.472300 
18 5.100300 
19 5.682300 
20 6.212300 
21 6.681300 
22 7.070300 
23 7.343300 
24 7.386300 
25 7.404300 
26 7.420300 
27 7.433300 
28 7.444300 
29 7.452300 
30 7.457300 
31 7.458300 
32 7.459300 
33 7.460300 
34 7.462300 
35 7.464300 
36 7.464300 
37 7.461300 
38 7.454300 
39 7.441300 
40 7.422300 
41 7.204300 
42 6.857300 
43 6.457300 
44 6.010300 
45 5.522300 
46 4.997300 
47 4.440300 
48 3.858300 
49 3.270300 
50 2.728300 
51 2.452300 
52 2.401300 
53 2.252300 
54 2.011300 
55 1.689300 
56 1.297300 
57 0.849300 
58 0.357300 
59 -0.150700 
60 -0.499700 
61 -0.481700 
62 -0.382700 
63 0.478300 
64 1.322300 
65 2.140300 
66 2.927300 
67 3.679300 
68 4.388300 
69 5.049300 
70 5.655300 
71 6.195300 
72 6.656300 
73 7.011300 
74 7.240300 
75 7.359300 
76 7.414300 
77 7.439300 
78 7.451300 
79 7.456300 
80 7.458300 
81 7.458300 
82 7.459300 
83 7.460300 
84 7.462300 
85 7.464300 
86 7.464300 
87 7.461300 
88 7.454300 
89 7.441300 
90 7.422300 
91 7.204300 
92 6.857300 
93 6.457300 
94 6.010300 
95 5.522300 
96 4.997300 
97 4.440300 
98 3.858300 
99 3.270300 
100 2.728300 
101 2.452300 

1 -1.711700 
2 -2.195700 
3 -2.700700 
4 -2.802700 
5 -2.765700 
6 -2.733700 
7 -2.707700 
8 -2.688700 
9 -2.675700 
10 -2.668700 
11 -2.666700 
12 -2.916700 
13 -3.541700 
14 -4.356700 
15 -5.257700 
16 -6.193700 
17 -6.805700 
18 -7.186700 
19 -7.619700 
20 -8.097700 
21 -8.608700 
22 -9.140700 
23 -9.675700 
24 -10.191700 
25 -10.669700 
26 -11.091700 
27 -11.442700 
28 -11.715700 
29 -11.908700 
30 -12.022700 
31 -12.060700 
32 -12.047700 
33 -11.996700 
34 -11.870700 
35 -11.622700 
36 -11.215700 
37 -10.635700 
38 -9.893700 
39 -9.025700 
40 -8.073700 
41 -7.081700 
42 -6.081700 
43 -5.098700 
44 -4.145700 
45 -3.229700 
46 -2.351700 
47 -1.514700 
48 -0.721700 
49 0.015300 
50 0.643300 
51 0.948300 
52 0.937300 
53 0.900300 
54 0.832300 
55 0.725300 
56 0.568300 
57 0.355300 
58 0.082300 
59 -0.242700 
60 -0.700700 
61 -1.245700 
62 -0.922700 
63 -1.410700 
64 -1.944700 
65 -2.524700 
66 -3.152700 
67 -3.827700 
68 -4.552700 
69 -5.325700 
70 -6.141700 
71 -6.987700 
72 -7.846700 
73 -8.691700 
74 -9.488700 
75 -10.205700 
76 -10.812700 
77 -11.294700 
78 -11.648700 
79 -11.884700 
80 -12.017700 
81 -12.060700 
82 -12.047700 
83 -11.996700 
84 -11.870700 
85 -11.622700 
86 -11.215700 
87 -10.635700 
88 -9.893700 
89 -9.025700 
90 -8.073700 
91 -7.081700 
92 -6.081700 
93 -5.098700 
94 -4.145700 
95 -3.229700 
96 -2.351700 
97 -1.514700 
98 -0.721700 
99 0.015300 
100 0.643300 
101 0.948300 

1 -2.872700 
2 -2.863700 
3 -2.836700 
4 -3.217700 
5 -3.737700 
6 -4.244700 
7 -4.717700 
8 -5.131700 
9 -5.456700 
10 -5.665700 
11 -5.737700 
12 -5.767700 
13 -5.856700 
14 -6.004700 
15 -6.212700 
16 -6.480700 
17 -6.805700 
18 -7.186700 
19 -7.619700 
20 -8.097700 
21 -8.608700 
22 -9.140700 
23 -9.675700 
24 -10.191700 
25 -10.669700 
26 -11.091700 
27 -11.442700 
28 -11.715700 
29 -11.908700 
30 -12.022700 
31 -12.060700 
32 -12.062700 
33 -12.067700 
34 -12.071700 
35 -12.070700 
36 -12.057700 
37 -12.027700 
38 -11.973700 
39 -11.894700 
40 -11.789700 
41 -11.659700 
42 -11.510700 
43 -11.347700 
44 -11.178700 
45 -11.011700 
46 -10.855700 
47 -10.717700 
48 -10.603700 
49 -10.517700 
50 -10.465700 
51 -10.447700 
52 -10.308700 
53 -9.907700 
54 -9.279700 
55 -8.472700 
56 -7.537700 
57 -6.523700 
58 -5.482700 
59 -4.482700 
60 -3.646700 
61 -3.241700 
62 -3.408700 
63 -3.635700 
64 -3.914700 
65 -4.246700 
66 -4.633700 
67 -5.079700 
68 -5.591700 
69 -6.172700 
70 -6.827700 
71 -7.553700 
72 -8.338700 
73 -9.154700 
74 -9.958700 
75 -10.693700 
76 -11.294700 
77 -11.718700 
78 -11.957700 
79 -12.050700 
80 -12.064700 
81 -12.060700 
82 -12.062700 
83 -12.067700 
84 -12.071700 
85 -12.070700 
86 -12.057700 
87 -12.027700 
88 -11.973700 
89 -11.894700 
90 -11.789700 
91 -11.659700 
92 -11.510700 
93 -11.347700 
94 -11.178700 
95 -11.011700 
96 -10.855700 
97 -10.717700 
98 -10.603700 
99 -10.517700 
100 -10.465700 
101 -10.447700 

1 -4.475700 
2 -4.509700 
3 -4.605700 
4 -4.750700 
5 -4.928700 
6 -5.121700 
7 -5.312700 
8 -5.483700 
9 -5.620700 
10 -5.707700 
11 -5.737700 
12 -5.767700 
13 -5.856700 
14 -6.004700 
15 -6.212700 
16 -6.480700 
17 -7.132700 
18 -8.055700 
19 -8.950700 
20 -9.804700 
21 -10.603700 
22 -11.326700 
23 -11.939700 
24 -12.405700 
25 -12.691700 
26 -12.784700 
27 -12.707700 
28 -12.517700 
29 -12.296700 
30 -12.124700 
31 -12.060700 
32 -12.062700 
33 -12.067700 
34 -12.071700 
35 -12.070700 
36 -12.057700 
37 -12.027700 
38 -11.973700 
39 -11.894700 
40 -11.789700 
41 -11.659700 
42 -11.510700 
43 -11.347700 
44 -11.178700 
45 -11.011700 
46 -10.855700 
47 -10.717700 
48 -10.603700 
49 -10.517700 
50 -10.465700 
51 -10.447700 
52 -10.380700 
53 -10.187700 
54 -9.888700 
55 -9.514700 
56 -9.095700 
57 -8.660700 
58 -8.232700 
59 -7.832700 
60 -7.475700 
61 -7.174700 
62 -7.601700 
63 -8.067700 
64 -8.567700 
65 -9.091700 
66 -9.631700 
67 -10.172700 
68 -10.701700 
69 -11.198700 
70 -11.643700 
71 -12.015700 
72 -12.298700 
73 -12.482700 
74 -12.567700 
75 -12.564700 
76 -12.494700 
77 -12.385700 
78 -12.265700 
79 -12.158700 
80 -12.085700 
81 -12.060700 
82 -12.062700 
83 -12.067700 
84 -12.071700 
85 -12.070700 
86 -12.057700 
87 -12.027700 
88 -11.973700 
89 -11.894700 
90 -11.789700 
91 -11.659700 
92 -11.510700 
93 -11.347700 
94 -11.178700 
95 -11.011700 
96 -10.855700 
97 -10.717700 
98 -10.603700 
99 -10.517700 
100 -10.465700 
101 -10.447700 

