0 0.609800 
1 -3.063000 
2 -3.107900 
3 -3.242400 
4 -3.465400 
5 -3.774600 
6 -4.166000 
7 -4.631700 
8 -5.155400 
9 -5.699900 
10 -6.173000 
11 -6.380200 
12 -6.140700 
13 -5.526600 
14 -4.726600 
15 -3.868500 
16 -3.014700 
17 -2.194000 
18 -1.420700 
19 -0.701600 
20 -0.040300 
21 0.561400 
22 1.103100 
23 1.584800 
24 2.007000 
25 2.370400 
26 2.676000 
27 2.924500 
28 3.116800 
29 3.253700 
30 3.335500 
31 3.362800 
32 3.326500 
33 3.217800 
34 3.037300 
35 2.786500 
36 2.468000 
37 2.086900 
38 1.654300 
39 1.197200 
40 0.788000 
41 0.602100 
42 0.555800 
43 0.417300 
44 0.187100 
45 -0.133500 
46 -0.542000 
47 -1.033700 
48 -1.598000 
49 -2.208200 
50 -2.782100 
51 -3.063000 
52 -2.870700 
53 -2.421700 
54 -1.878700 
55 -1.316800 
56 -0.766100 
57 -0.240000 
58 0.255200 
59 0.716100 
60 1.141000 
61 1.528900 
62 1.879400 
63 2.192400 
64 2.468000 
65 2.706300 
66 2.907400 
67 3.071600 
68 3.199100 
69 3.290100 
70 3.344600 
71 3.362800 
72 3.335500 
73 3.253700 
74 3.116800 
75 2.924500 
76 2.676000 
77 2.370400 
78 2.007000 
79 1.584800 
80 1.103100 
81 0.561400 
82 -0.040300 
83 -0.701600 
84 -1.420700 
85 -2.194000 
86 -3.014700 
87 -3.868500 
88 -4.726600 
89 -5.526600 
90 -6.140700 
91 -6.380200 

0 0.609800 
1 -3.063000 
2 -3.107900 
3 -3.242400 
4 -3.465400 
5 -3.774600 
6 -4.166000 
7 -4.631700 
8 -5.155400 
9 -5.699900 
10 -6.173000 
11 -6.380200 
12 -6.348100 
13 -6.266000 
14 -6.164600 
15 -6.073200 
16 -6.012900 
17 -5.997200 
18 -6.034400 
19 -6.129700 
20 -6.286300 
21 -6.506400 
22 -6.790900 
23 -7.140600 
24 -7.555200 
25 -8.033900 
26 -8.574600 
27 -9.172900 
28 -9.819200 
29 -10.488300 
30 -11.101000 
31 -11.399000 
32 -10.655700 
33 -9.383300 
34 -8.080700 
35 -6.830200 
36 -5.655900 
37 -4.570700 
38 -3.588900 
39 -2.738900 
40 -2.093800 
41 -1.829200 
42 -1.851000 
43 -1.915500 
44 -2.020600 
45 -2.162200 
46 -2.333600 
47 -2.524400 
48 -2.718600 
49 -2.892900 
50 -3.017300 
51 -3.063000 
52 -3.086500 
53 -3.157200 
54 -3.274900 
55 -3.439600 
56 -3.651300 
57 -3.909900 
58 -4.215200 
59 -4.567100 
60 -4.965500 
61 -5.409900 
62 -5.900000 
63 -6.435200 
64 -7.014700 
65 -7.636800 
66 -8.299300 
67 -8.997300 
68 -9.721000 
69 -10.445100 
70 -11.090400 
71 -11.399000 
72 -11.101000 
73 -10.488300 
74 -9.819200 
75 -9.172900 
76 -8.574600 
77 -8.033900 
78 -7.555200 
79 -7.140600 
80 -6.790900 
81 -6.506400 
82 -6.286300 
83 -6.129700 
84 -6.034400 
85 -5.997200 
86 -6.012900 
87 -6.073200 
88 -6.164600 
89 -6.266000 
90 -6.348100 
91 -6.380200 

0 0.609800 
1 -5.519100 
2 -5.566700 
3 -5.709300 
4 -5.946800 
5 -6.278900 
6 -6.704800 
7 -6.820300 
8 -6.638400 
9 -6.498300 
10 -6.410200 
11 -6.380200 
12 -6.348100 
13 -6.266000 
14 -6.164600 
15 -6.073200 
16 -6.012900 
17 -5.997200 
18 -6.034400 
19 -6.129700 
20 -6.286300 
21 -6.506400 
22 -6.790900 
23 -7.140600 
24 -7.555200 
25 -8.033900 
26 -8.574600 
27 -9.172900 
28 -9.819200 
29 -10.488300 
30 -11.101000 
31 -11.399000 
32 -11.440700 
33 -11.565300 
34 -11.770600 
44 -11.891600 
45 -10.953700 
46 -10.091700 
47 -9.059800 
48 -7.835000 
49 -6.752200 
50 -5.894600 
51 -5.519100 
52 -5.710000 
53 -6.133000 
54 -6.569500 
55 -6.910900 
56 -7.166100 
57 -7.381100 
58 -7.587100 
59 -7.800200 
60 -8.028600 
61 -8.276800 
62 -8.547400 
63 -8.841900 
64 -9.160700 
65 -9.503200 
66 -9.867000 
67 -10.246800 
68 -10.630900 
69 -10.994300 
70 -11.282100 
71 -11.399000 
72 -11.101000 
73 -10.488300 
74 -9.819200 
75 -9.172900 
76 -8.574600 
77 -8.033900 
78 -7.555200 
79 -7.140600 
80 -6.790900 
81 -6.506400 
82 -6.286300 
83 -6.129700 
84 -6.034400 
85 -5.997200 
86 -6.012900 
87 -6.073200 
88 -6.164600 
89 -6.266000 
90 -6.348100 
91 -6.380200 

0 0.609800 
1 -7.774200 
2 -7.735000 
3 -7.623000 
4 -7.453600 
5 -7.248100 
6 -7.029800 
7 -7.223400 
8 -7.831400 
9 -8.519900 
10 -9.251000 
11 -9.726400 
12 -9.567900 
13 -9.436500 
14 -9.453100 
15 -9.573600 
16 -9.762000 
17 -9.994300 
18 -10.250600 
19 -10.511300 
20 -10.756900 
21 -10.970500 
22 -11.140500 
23 -11.263400 
24 -11.343200 
25 -11.388300 
26 -11.408800 
27 -11.413900 
28 -11.411000 
29 -11.405400 
30 -11.400800 
31 -11.399000 
32 -11.440700 
33 -11.565300 
34 -11.770600 
45 -11.837100 
46 -10.398400 
47 -9.330200 
48 -8.690800 
49 -8.198500 
50 -7.883400 
51 -7.774200 
52 -7.831100 
53 -8.023400 
54 -8.406200 
55 -9.011900 
56 -9.799200 
57 -10.705600 
58 -11.688200 
66 -11.916100 
67 -11.731200 
68 -11.586400 
69 -11.482400 
70 -11.419900 
71 -11.399000 
72 -11.400800 
73 -11.405400 
74 -11.411000 
75 -11.413900 
76 -11.408800 
77 -11.388300 
78 -11.343200 
79 -11.263400 
80 -11.140500 
81 -10.970500 
82 -10.756900 
83 -10.511300 
84 -10.250600 
85 -9.994300 
86 -9.762000 
87 -9.573600 
88 -9.453100 
89 -9.436400 
90 -9.567900 
91 -9.726400 

0 0.609800 
8 -11.802500 
9 -10.785200 
10 -10.028300 
11 -9.726400 
12 -9.829300 
13 -10.123800 
14 -10.579100 
15 -11.165600 
16 -11.861900 
86 -11.861900 
87 -11.165600 
88 -10.579100 
89 -10.123800 
90 -9.829300 
91 -9.726400 

0 0.609800 
