1 1.538200 
2 1.515200 
3 1.447200 
4 1.338200 
5 1.198200 
6 1.037200 
7 0.870200 
8 0.714200 
9 0.587200 
10 0.503200 
11 0.474200 
12 0.480200 
13 0.500200 
14 0.537200 
15 0.596200 
16 0.690200 
17 0.838200 
18 1.061200 
19 1.375200 
20 1.773200 
21 2.229200 
22 2.712200 
23 3.192200 
24 3.648200 
25 4.065200 
26 4.431200 
27 4.739200 
28 4.984200 
29 5.161200 
30 5.268200 
31 5.304200 
32 5.256200 
33 5.115200 
34 4.888200 
35 4.584200 
36 4.221200 
37 3.817200 
38 3.400200 
39 3.009200 
40 2.709200 
41 2.592200 
42 2.536200 
43 2.374200 
44 2.116200 
45 1.783200 
46 1.410200 
47 1.095200 
48 1.276200 
49 1.418200 
50 1.507200 
51 1.538200 
52 1.523200 
53 1.483200 
54 1.438200 
55 1.435200 
56 1.543200 
57 1.774200 
58 2.084200 
59 2.435200 
60 2.803200 
61 3.173200 
62 3.533200 
63 3.874200 
64 4.190200 
65 4.473200 
66 4.720200 
67 4.927200 
68 5.090200 
69 5.209200 
70 5.280200 
71 5.304200 
72 5.268200 
73 5.161200 
74 4.984200 
75 4.739200 
76 4.431200 
77 4.065200 
78 3.648200 
79 3.192200 
80 2.712200 
81 2.229200 
82 1.773200 
83 1.375200 
84 1.061200 
85 0.838200 
86 0.690200 
87 0.596200 
88 0.537200 
89 0.500200 
90 0.480200 
91 0.474200 

1 0.209200 
2 0.129200 
3 -0.116800 
4 -0.533800 
5 -1.049800 
6 -0.606800 
7 -0.227800 
8 0.075200 
9 0.295200 
10 0.429200 
11 0.474200 
12 0.448200 
13 0.371200 
14 0.245200 
15 0.072200 
16 -0.143800 
17 -0.390800 
18 -0.653800 
19 -0.893800 
20 -1.049800 
21 -1.056800 
22 -0.932800 
23 -0.745800 
24 -0.545800 
25 -0.358800 
26 -0.195800 
27 -0.060800 
28 0.044200 
29 0.118200 
30 0.163200 
31 0.178200 
32 0.162200 
33 0.117200 
34 0.045200 
35 -0.047800 
36 -0.153800 
37 -0.245800 
38 -0.170800 
39 -0.015800 
40 0.152200 
41 0.228200 
42 0.259200 
43 0.352200 
44 0.498200 
45 0.684200 
46 0.890200 
47 1.036200 
48 0.700200 
49 0.435200 
50 0.267200 
51 0.209200 
52 0.238200 
53 0.318200 
54 0.427200 
55 0.513200 
56 0.504200 
57 0.387200 
58 0.209200 
59 0.021200 
60 -0.134800 
61 -0.227800 
62 -0.252800 
63 -0.226800 
64 -0.168800 
65 -0.096800 
66 -0.023800 
67 0.044200 
68 0.101200 
69 0.143200 
70 0.169200 
71 0.178200 
72 0.163200 
73 0.118200 
74 0.044200 
75 -0.060800 
76 -0.195800 
77 -0.358800 
78 -0.545800 
79 -0.745800 
80 -0.932800 
81 -1.056800 
82 -1.049800 
83 -0.893800 
84 -0.653800 
85 -0.390800 
86 -0.143800 
87 0.072200 
88 0.245200 
89 0.371200 
90 0.448200 
91 0.474200 

1 -2.850800 
2 -2.564800 
3 -2.062800 
4 -1.542800 
5 -1.049800 
6 -0.606800 
7 -0.227800 
8 0.075200 
9 0.295200 
10 0.429200 
11 0.474200 
12 0.448200 
13 0.371200 
14 0.245200 
15 0.072200 
16 -0.143800 
17 -0.390800 
18 -0.653800 
19 -0.893800 
20 -1.049800 
21 -1.056800 
22 -0.932800 
23 -0.745800 
24 -0.545800 
25 -0.358800 
26 -0.195800 
27 -0.060800 
28 0.044200 
29 0.118200 
30 0.163200 
31 0.178200 
32 0.154200 
33 0.085200 
34 -0.019800 
35 -0.135800 
36 -0.225800 
37 -0.262800 
38 -0.363800 
39 -0.446800 
40 -0.500800 
41 -0.519800 
42 -0.547800 
43 -0.638800 
44 -0.798800 
45 -1.032800 
46 -1.339800 
47 -1.709800 
48 -2.109800 
49 -2.482800 
50 -2.751800 
51 -2.850800 
52 -2.820800 
53 -2.731800 
54 -2.590800 
55 -2.407800 
56 -2.192800 
57 -1.956800 
58 -1.708800 
59 -1.458800 
60 -1.213800 
61 -0.980800 
62 -0.762800 
63 -0.563800 
64 -0.386800 
65 -0.233800 
66 -0.104800 
67 -0.000800 
68 0.078200 
69 0.134200 
70 0.167200 
71 0.178200 
72 0.163200 
73 0.118200 
74 0.044200 
75 -0.060800 
76 -0.195800 
77 -0.358800 
78 -0.545800 
79 -0.745800 
80 -0.932800 
81 -1.056800 
82 -1.049800 
83 -0.893800 
84 -0.653800 
85 -0.390800 
86 -0.143800 
87 0.072200 
88 0.245200 
89 0.371200 
90 0.448200 
91 0.474200 

1 -2.850800 
2 -2.564800 
3 -2.062800 
4 -1.542800 
5 -1.121800 
6 -1.873800 
7 -2.781800 
8 -3.825800 
9 -4.941800 
10 -5.945800 
11 -6.400800 
12 -6.251800 
13 -5.844800 
14 -5.275800 
15 -4.641800 
16 -4.020800 
17 -3.475800 
18 -3.056800 
19 -2.795800 
20 -2.702800 
21 -2.760800 
22 -2.944800 
23 -3.229800 
24 -3.592800 
25 -4.012800 
26 -4.469800 
27 -4.948800 
28 -5.433800 
29 -5.918800 
30 -6.393800 
31 -6.718800 
32 -6.348800 
33 -5.783800 
34 -5.211800 
35 -4.671800 
36 -4.186800 
37 -3.772800 
38 -3.441800 
39 -3.199800 
40 -3.052800 
41 -3.002800 
42 -2.990800 
43 -2.957800 
44 -2.916800 
45 -2.878800 
46 -2.852800 
47 -2.839800 
48 -2.838800 
49 -2.842800 
50 -2.848800 
51 -2.850800 
52 -2.829800 
53 -2.769800 
54 -2.680800 
55 -2.574800 
56 -2.465800 
57 -2.370800 
58 -2.308800 
59 -2.306800 
60 -2.394800 
61 -2.595800 
62 -2.909800 
63 -3.313800 
64 -3.777800 
65 -4.273800 
66 -4.775800 
67 -5.262800 
68 -5.719800 
69 -6.136800 
70 -6.505800 
71 -6.718800 
72 -6.393800 
73 -5.918800 
74 -5.433800 
75 -4.948800 
76 -4.469800 
77 -4.012800 
78 -3.592800 
79 -3.229800 
80 -2.944800 
81 -2.760800 
82 -2.702800 
83 -2.795800 
84 -3.056800 
85 -3.475800 
86 -4.020800 
87 -4.641800 
88 -5.275800 
89 -5.844800 
90 -6.251800 
91 -6.400800 

1 -3.702800 
2 -3.973800 
3 -4.429800 
4 -4.878800 
5 -5.283800 
6 -5.630800 
7 -5.912800 
8 -6.128800 
9 -6.280800 
10 -6.370800 
11 -6.400800 
12 -6.269800 
13 -5.924800 
14 -5.453800 
15 -4.932800 
16 -4.411800 
17 -3.922800 
18 -3.496800 
19 -3.172800 
20 -3.015800 
21 -3.083800 
22 -3.353800 
23 -3.748800 
24 -4.202800 
25 -4.676800 
26 -5.143800 
27 -5.580800 
28 -5.971800 
29 -6.307800 
30 -6.579800 
31 -6.718800 
32 -6.348800 
33 -5.783800 
34 -5.211800 
35 -4.671800 
36 -4.186800 
37 -3.772800 
38 -3.441800 
39 -3.199800 
40 -3.052800 
41 -3.002800 
42 -3.018800 
43 -3.065800 
44 -3.138800 
45 -3.232800 
46 -3.339800 
47 -3.448800 
48 -3.549800 
49 -3.631800 
50 -3.684800 
51 -3.702800 
52 -3.703800 
53 -3.707800 
54 -3.716800 
55 -3.734800 
56 -3.765800 
57 -3.810800 
58 -3.872800 
59 -3.954800 
60 -4.059800 
61 -4.187800 
62 -4.343800 
63 -4.526800 
64 -4.738800 
65 -4.979800 
66 -5.248800 
67 -5.543800 
68 -5.862800 
69 -6.196800 
70 -6.523800 
71 -6.718800 
72 -6.579800 
73 -6.307800 
74 -5.971800 
75 -5.580800 
76 -5.143800 
77 -4.676800 
78 -4.202800 
79 -3.748800 
80 -3.353800 
81 -3.083800 
82 -3.015800 
83 -3.172800 
84 -3.496800 
85 -3.922800 
86 -4.411800 
87 -4.932800 
88 -5.453800 
89 -5.924800 
90 -6.269800 
91 -6.400800 

1 -3.702800 
2 -3.973800 
3 -4.429800 
4 -4.878800 
5 -5.283800 
6 -5.630800 
7 -5.912800 
8 -6.128800 
9 -6.280800 
10 -6.370800 
11 -6.400800 
12 -6.269800 
13 -5.924800 
14 -5.453800 
15 -4.932800 
16 -4.411800 
17 -3.922800 
18 -3.496800 
19 -3.172800 
20 -3.015800 
21 -3.083800 
22 -3.353800 
23 -3.748800 
24 -4.202800 
25 -4.676800 
26 -5.143800 
27 -5.580800 
28 -5.971800 
29 -6.307800 
30 -6.579800 
31 -6.718800 
32 -6.730800 
33 -6.764800 
34 -6.818800 
35 -6.886800 
36 -6.963800 
37 -7.040800 
38 -7.112800 
39 -7.169800 
40 -7.206800 
41 -7.219800 
42 -6.804800 
43 -6.306800 
44 -5.790800 
45 -5.292800 
46 -4.836800 
47 -4.442800 
48 -4.124800 
49 -3.891800 
50 -3.750800 
51 -3.702800 
52 -3.716800 
53 -3.757800 
54 -3.825800 
55 -3.919800 
56 -4.040800 
57 -4.185800 
58 -4.354800 
59 -4.545800 
60 -4.754800 
61 -4.979800 
62 -5.214800 
63 -5.456800 
64 -5.697800 
65 -5.929800 
66 -6.146800 
67 -6.338800 
68 -6.498800 
69 -6.618800 
70 -6.693800 
71 -6.718800 
72 -6.579800 
73 -6.307800 
74 -5.971800 
75 -5.580800 
76 -5.143800 
77 -4.676800 
78 -4.202800 
79 -3.748800 
80 -3.353800 
81 -3.083800 
82 -3.015800 
83 -3.172800 
84 -3.496800 
85 -3.922800 
86 -4.411800 
87 -4.932800 
88 -5.453800 
89 -5.924800 
90 -6.269800 
91 -6.400800 

1 -5.068800 
2 -5.596800 
3 -7.136800 
4 -9.487800 
5 -11.225800 
6 -11.296800 
7 -11.368800 
8 -11.433800 
9 -11.485800 
10 -11.518800 
11 -11.530800 
12 -11.676800 
13 -12.063800 
14 -12.580800 
15 -13.121800 
16 -13.599800 
17 -13.946800 
18 -14.111800 
19 -14.064800 
20 -13.801800 
21 -13.185800 
22 -12.532800 
23 -11.898800 
24 -11.203800 
25 -10.400800 
26 -9.626800 
27 -8.917800 
28 -8.300800 
29 -7.795800 
30 -7.418800 
31 -7.243800 
32 -7.479800 
33 -7.934800 
34 -8.196800 
35 -8.299800 
36 -8.242800 
37 -8.054800 
38 -7.791800 
39 -7.527800 
40 -7.334800 
41 -7.263800 
42 -7.565800 
43 -7.723800 
44 -7.681800 
45 -7.432800 
46 -7.008800 
47 -6.482800 
48 -5.943800 
49 -5.483800 
50 -5.176800 
51 -5.068800 
52 -5.122800 
53 -5.282800 
54 -5.540800 
55 -5.882800 
56 -6.292800 
57 -6.746800 
58 -7.219800 
59 -7.678800 
60 -8.093800 
61 -8.437800 
62 -8.686800 
63 -8.829800 
64 -8.862800 
65 -8.790800 
66 -8.627800 
67 -8.314800 
68 -7.880800 
69 -7.538800 
70 -7.319800 
71 -7.243800 
72 -7.418800 
73 -7.795800 
74 -8.300800 
75 -8.917800 
76 -9.626800 
77 -10.400800 
78 -11.203800 
79 -11.898800 
80 -12.532800 
81 -13.185800 
82 -13.801800 
83 -14.064800 
84 -14.111800 
85 -13.946800 
86 -13.599800 
87 -13.121800 
88 -12.580800 
89 -12.063800 
90 -11.676800 
91 -11.530800 

1 -11.068800 
2 -11.079800 
3 -11.111800 
4 -11.161800 
5 -12.029800 
6 -13.007800 
7 -13.085800 
8 -12.941800 
9 -12.522800 
10 -11.887800 
11 -11.530800 
12 -11.676800 
13 -12.063800 
14 -12.580800 
15 -13.121800 
16 -13.599800 
17 -13.946800 
18 -14.111800 
19 -14.064800 
20 -13.801800 
21 -13.342800 
22 -12.723800 
23 -11.993800 
24 -11.203800 
25 -10.400800 
26 -9.626800 
27 -8.917800 
28 -8.300800 
29 -7.795800 
30 -7.418800 
31 -7.243800 
32 -7.552800 
33 -7.934800 
34 -8.196800 
35 -8.299800 
36 -8.242800 
37 -8.054800 
38 -7.791800 
39 -7.527800 
40 -7.334800 
41 -7.263800 
42 -7.741800 
43 -8.953800 
44 -10.290800 
45 -10.934800 
46 -11.110800 
47 -11.182800 
48 -11.194800 
49 -11.155800 
50 -11.096800 
51 -11.068800 
52 -11.083800 
53 -11.125800 
54 -11.187800 
55 -11.253800 
56 -11.311800 
57 -11.342800 
58 -11.330800 
59 -11.261800 
60 -11.123800 
61 -10.907800 
62 -10.610800 
63 -10.235800 
64 -9.794800 
65 -9.307800 
66 -8.802800 
67 -8.389800 
68 -8.095800 
69 -7.767800 
70 -7.439800 
71 -7.243800 
72 -7.418800 
73 -7.795800 
74 -8.300800 
75 -8.917800 
76 -9.626800 
77 -10.400800 
78 -11.203800 
79 -11.993800 
80 -12.723800 
81 -13.342800 
82 -13.801800 
83 -14.064800 
84 -14.111800 
85 -13.946800 
86 -13.599800 
87 -13.121800 
88 -12.580800 
89 -12.063800 
90 -11.676800 
91 -11.530800 

1 -12.930800 
2 -12.952800 
3 -13.016800 
4 -13.129800 
5 -13.409800 
6 -14.852800 
7 -16.149800 
8 -16.473800 
9 -16.219800 
10 -15.916800 
11 -15.805800 
12 -15.883800 
13 -16.062800 
14 -16.219800 
15 -16.239800 
16 -16.059800 
17 -15.681800 
18 -15.147800 
19 -14.520800 
20 -13.854800 
21 -13.342800 
22 -12.723800 
23 -11.993800 
24 -11.278800 
25 -10.661800 
26 -10.041800 
27 -9.413800 
28 -8.785800 
29 -8.171800 
30 -7.602800 
31 -7.243800 
32 -7.552800 
33 -8.037800 
34 -8.635800 
35 -9.109800 
36 -9.473800 
37 -9.820800 
38 -10.217800 
39 -10.639800 
40 -10.977800 
41 -11.108800 
42 -11.131800 
43 -11.213800 
44 -11.461800 
45 -12.183800 
46 -12.878800 
47 -13.175800 
48 -13.179800 
49 -13.067800 
50 -12.967800 
51 -12.930800 
52 -12.948800 
53 -12.994800 
54 -13.046800 
55 -13.075800 
56 -13.052800 
57 -12.955800 
58 -12.773800 
59 -12.510800 
60 -12.174800 
61 -11.783800 
62 -11.351800 
63 -10.889800 
64 -10.405800 
65 -9.903800 
66 -9.390800 
67 -8.872800 
68 -8.366800 
69 -7.891800 
70 -7.475800 
71 -7.243800 
72 -7.602800 
73 -8.171800 
74 -8.785800 
75 -9.413800 
76 -10.041800 
77 -10.661800 
78 -11.278800 
79 -11.993800 
80 -12.723800 
81 -13.342800 
82 -13.854800 
83 -14.520800 
84 -15.147800 
85 -15.681800 
86 -16.059800 
87 -16.239800 
88 -16.219800 
89 -16.062800 
90 -15.883800 
91 -15.805800 

