1 0.255100 
2 0.332100 
3 0.541100 
4 0.827100 
5 1.142100 
6 1.451100 
7 1.730100 
8 1.963100 
9 2.137100 
10 2.245100 
11 2.281100 
12 2.319100 
13 2.450100 
14 2.715100 
15 3.114100 
16 3.601100 
17 4.106100 
18 4.563100 
19 4.922100 
20 5.147100 
21 5.223100 
22 5.185100 
23 5.071100 
24 4.885100 
25 4.631100 
26 4.319100 
27 3.958100 
28 3.561100 
29 3.142100 
30 2.715100 
31 2.300100 
32 1.917100 
33 1.595100 
34 1.359100 
35 1.225100 
36 1.186100 
37 1.215100 
38 1.276100 
39 1.339100 
40 1.384100 
41 1.400100 
42 1.385100 
43 1.343100 
44 1.273100 
45 1.180100 
46 1.066100 
47 0.937100 
48 0.799100 
49 0.659100 
50 0.526100 
51 0.406100 
52 0.483100 
53 0.678100 
54 0.798100 
55 0.845100 
56 0.826100 
57 0.748100 
58 0.627100 
59 0.483100 
60 0.346100 
61 0.255100 
62 0.338100 
63 0.788100 
64 1.438100 
65 2.162100 
66 2.899100 
67 3.611100 
68 4.256100 
69 4.775100 
70 5.109100 
71 5.223100 
72 5.147100 
73 4.922100 
74 4.563100 
75 4.106100 
76 3.601100 
77 3.114100 
78 2.715100 
79 2.450100 
80 2.319100 
81 2.281100 

1 0.255100 
2 0.295100 
3 0.304100 
4 0.286100 
5 0.245100 
6 0.188100 
7 0.122100 
8 0.055100 
9 -0.003900 
10 -0.043900 
11 -0.057900 
12 -0.088900 
13 -0.180900 
14 -0.326900 
15 -0.517900 
16 -0.736900 
17 -0.966900 
18 -1.181900 
19 -1.359900 
20 -1.476900 
21 -1.517900 
22 -1.512900 
23 -1.498900 
24 -1.479900 
25 -1.459900 
26 -1.445900 
27 -1.443900 
28 -1.462900 
29 -1.508900 
30 -1.126900 
31 -0.721900 
32 -0.339900 
33 0.013100 
34 0.330100 
35 0.610100 
36 0.849100 
37 1.046100 
38 1.201100 
39 1.311100 
40 1.378100 
41 1.400100 
42 1.385100 
43 1.343100 
44 1.273100 
45 1.180100 
46 1.066100 
47 0.937100 
48 0.799100 
49 0.659100 
50 0.526100 
51 0.406100 
52 0.305100 
53 0.227100 
54 0.174100 
55 0.144100 
56 0.135100 
57 0.144100 
58 0.164100 
59 0.193100 
60 0.224100 
61 0.255100 
62 0.292100 
63 0.272100 
64 0.167100 
65 -0.035900 
66 -0.332900 
67 -0.688900 
68 -1.040900 
69 -1.313900 
70 -1.469900 
71 -1.517900 
72 -1.476900 
73 -1.359900 
74 -1.181900 
75 -0.966900 
76 -0.736900 
77 -0.517900 
78 -0.326900 
79 -0.180900 
80 -0.088900 
81 -0.057900 

1 0.255100 
2 0.182100 
3 0.078100 
4 -0.055900 
5 -0.214900 
6 -0.389900 
7 -0.571900 
8 -0.744900 
9 -0.888900 
10 -0.986900 
11 -1.020900 
12 -0.933900 
13 -0.768900 
14 -0.682900 
15 -0.749900 
16 -0.937900 
17 -1.165900 
18 -1.353900 
19 -1.461900 
20 -1.506900 
21 -1.517900 
22 -1.512900 
23 -1.498900 
24 -1.479900 
25 -1.459900 
26 -1.445900 
27 -1.443900 
28 -1.462900 
29 -1.508900 
30 -1.586900 
31 -1.703900 
32 -1.863900 
33 -2.069900 
34 -2.323900 
35 -2.627900 
36 -2.981900 
37 -3.382900 
38 -3.824900 
39 -4.291900 
40 -4.733900 
41 -4.958900 
42 -4.666900 
43 -4.074900 
44 -3.414900 
45 -2.756900 
46 -2.127900 
47 -1.541900 
48 -1.009900 
49 -0.535900 
50 -0.126900 
51 0.214100 
52 0.305100 
53 0.227100 
54 0.174100 
55 0.144100 
56 0.135100 
57 0.144100 
58 0.164100 
59 0.193100 
60 0.224100 
61 0.255100 
62 0.292100 
63 0.272100 
64 0.167100 
65 -0.035900 
66 -0.332900 
67 -0.688900 
68 -1.040900 
69 -1.313900 
70 -1.469900 
71 -1.517900 
72 -1.506900 
73 -1.461900 
74 -1.353900 
75 -1.165900 
76 -0.937900 
77 -0.749900 
78 -0.682900 
79 -0.768900 
80 -0.933900 
81 -1.020900 

1 -3.745900 
2 -3.835900 
3 -4.034900 
4 -4.092900 
5 -3.987900 
6 -3.844900 
7 -3.706900 
8 -3.590900 
9 -3.505900 
10 -3.454900 
11 -3.437900 
12 -3.485900 
13 -3.557900 
14 -3.566900 
15 -3.508900 
16 -3.260900 
17 -2.641900 
18 -2.152900 
19 -1.800900 
20 -1.588900 
21 -1.517900 
22 -1.537900 
23 -1.596900 
24 -1.695900 
25 -1.833900 
26 -2.011900 
27 -2.227900 
28 -1.971900 
29 -1.546900 
30 -1.586900 
31 -1.703900 
32 -1.863900 
33 -2.069900 
34 -2.323900 
35 -2.627900 
36 -2.981900 
37 -3.382900 
38 -3.824900 
39 -4.291900 
40 -4.733900 
41 -4.958900 
42 -4.909900 
43 -4.788900 
44 -4.638900 
45 -4.487900 
46 -4.347900 
47 -4.228900 
48 -4.133900 
49 -4.067900 
50 -4.032900 
51 -4.029900 
52 -4.057900 
53 -4.110900 
54 -4.181900 
55 -4.262900 
56 -4.344900 
57 -4.417900 
58 -4.207900 
59 -3.977900 
60 -3.810900 
61 -3.745900 
62 -4.058900 
63 -4.434900 
64 -4.292900 
65 -4.115900 
66 -3.932900 
67 -3.546900 
68 -2.652900 
69 -2.014900 
70 -1.639900 
71 -1.517900 
72 -1.588900 
73 -1.800900 
74 -2.152900 
75 -2.641900 
76 -3.260900 
77 -3.508900 
78 -3.566900 
79 -3.557900 
80 -3.485900 
81 -3.437900 

1 -4.555900 
2 -4.539900 
3 -4.542900 
4 -4.536900 
5 -4.522900 
6 -4.508900 
7 -4.493900 
8 -4.479900 
9 -4.469900 
10 -4.462900 
11 -4.460900 
12 -4.430900 
13 -4.350900 
14 -4.244900 
15 -3.997900 
16 -3.437900 
17 -3.418900 
18 -3.492900 
19 -3.640900 
20 -3.783900 
21 -3.842900 
22 -3.795900 
23 -3.654900 
24 -3.429900 
25 -3.133900 
26 -2.780900 
27 -2.387900 
28 -2.480900 
29 -2.770900 
30 -3.092900 
31 -3.443900 
32 -3.819900 
33 -3.842900 
34 -3.761900 
35 -3.799900 
36 -3.957900 
37 -4.199900 
38 -4.473900 
39 -4.722900 
40 -4.895900 
41 -4.958900 
42 -4.909900 
43 -4.788900 
44 -4.638900 
45 -4.487900 
46 -4.347900 
47 -4.228900 
48 -4.133900 
49 -4.067900 
50 -4.032900 
51 -4.029900 
52 -4.057900 
53 -4.110900 
54 -4.181900 
55 -4.262900 
56 -4.344900 
57 -4.417900 
58 -4.478900 
59 -4.521900 
60 -4.547900 
61 -4.555900 
62 -4.524900 
63 -4.434900 
64 -4.292900 
65 -4.115900 
66 -3.932900 
67 -3.783900 
68 -3.711900 
69 -3.733900 
70 -3.804900 
71 -3.842900 
72 -3.783900 
73 -3.640900 
74 -3.492900 
75 -3.418900 
76 -3.437900 
77 -3.997900 
78 -4.244900 
79 -4.350900 
80 -4.430900 
81 -4.460900 

1 -4.555900 
2 -4.553900 
3 -4.546900 
4 -4.775900 
5 -5.228900 
6 -5.753900 
7 -6.290900 
8 -6.810900 
9 -7.302900 
10 -7.284900 
11 -7.168900 
12 -6.670900 
13 -5.741900 
14 -4.833900 
15 -4.135900 
16 -4.038900 
17 -3.960900 
18 -3.904900 
19 -3.868900 
20 -3.849900 
21 -3.842900 
22 -3.863900 
23 -3.924900 
24 -4.025900 
25 -4.155900 
26 -4.294900 
27 -4.415900 
28 -4.486900 
29 -4.477900 
30 -4.378900 
31 -4.207900 
32 -4.009900 
33 -4.210900 
34 -4.608900 
35 -4.999900 
36 -5.371900 
37 -5.707900 
38 -5.990900 
39 -6.206900 
40 -6.341900 
41 -6.387900 
42 -6.467900 
43 -6.678900 
44 -6.973900 
45 -7.182900 
46 -7.146900 
47 -7.045900 
48 -6.895900 
49 -6.703900 
50 -6.471900 
51 -6.204900 
52 -5.910900 
53 -5.607900 
54 -5.309900 
55 -5.022900 
56 -4.742900 
57 -4.468900 
58 -4.478900 
59 -4.521900 
60 -4.547900 
61 -4.555900 
62 -4.524900 
63 -4.950900 
64 -6.018900 
65 -5.793900 
66 -4.650900 
67 -3.783900 
68 -3.711900 
69 -3.733900 
70 -3.804900 
71 -3.842900 
72 -3.849900 
73 -3.868900 
74 -3.904900 
75 -3.960900 
76 -4.038900 
77 -4.135900 
78 -4.833900 
79 -5.741900 
80 -6.670900 
81 -7.168900 

1 -10.813900 
2 -10.566900 
3 -10.198900 
4 -9.750900 
5 -9.264900 
6 -8.774900 
7 -8.313900 
8 -7.910900 
9 -7.595900 
10 -7.393900 
11 -7.323900 
12 -7.220900 
13 -7.362900 
14 -7.557900 
15 -7.764900 
16 -7.951900 
17 -8.096900 
18 -8.193900 
19 -8.246900 
20 -8.270900 
21 -8.276900 
22 -8.367900 
23 -8.630900 
24 -9.046900 
25 -9.576900 
26 -10.167900 
27 -10.412900 
28 -10.444900 
29 -10.450900 
30 -10.485900 
31 -10.565900 
32 -10.664900 
33 -10.732900 
34 -10.645900 
35 -10.008900 
36 -9.314900 
37 -8.598900 
38 -7.889900 
39 -7.220900 
40 -6.654900 
41 -6.387900 
42 -6.467900 
43 -6.678900 
44 -6.973900 
45 -7.315900 
46 -7.679900 
47 -8.049900 
48 -8.408900 
49 -8.746900 
50 -9.053900 
51 -9.325900 
52 -9.445900 
53 -9.199900 
54 -9.157900 
55 -9.327900 
56 -9.666900 
57 -10.089900 
58 -10.491900 
59 -10.610900 
60 -10.718900 
61 -10.813900 
62 -10.154900 
63 -9.084900 
64 -8.057900 
65 -8.500900 
66 -9.930900 
67 -9.516900 
68 -9.013900 
69 -8.613900 
70 -8.361900 
71 -8.276900 
72 -8.270900 
73 -8.246900 
74 -8.193900 
75 -8.096900 
76 -7.951900 
77 -7.764900 
78 -7.557900 
79 -7.362900 
80 -7.220900 
81 -7.323900 

1 -10.813900 
2 -10.829900 
3 -10.797900 
4 -10.495900 
5 -10.016900 
6 -9.411900 
7 -8.753900 
8 -8.129900 
9 -7.618900 
10 -7.770900 
11 -8.149900 
12 -8.549900 
13 -9.065900 
14 -9.836900 
15 -10.571900 
16 -10.562900 
17 -10.194900 
18 -9.585900 
19 -8.937900 
20 -8.454900 
21 -8.276900 
22 -8.367900 
23 -8.630900 
24 -9.046900 
25 -9.576900 
26 -10.167900 
27 -10.755900 
28 -11.269900 
29 -11.644900 
30 -11.832900 
31 -11.811900 
32 -11.587900 
33 -11.185900 
34 -10.645900 
35 -10.008900 
36 -9.314900 
37 -8.598900 
38 -7.889900 
39 -7.220900 
40 -6.654900 
41 -6.387900 
42 -6.596900 
43 -6.920900 
44 -7.121900 
45 -7.315900 
46 -7.679900 
47 -8.049900 
48 -8.408900 
49 -8.746900 
50 -9.053900 
51 -9.325900 
52 -9.561900 
53 -9.764900 
54 -9.940900 
55 -10.095900 
56 -10.235900 
57 -10.367900 
58 -10.491900 
59 -10.610900 
60 -10.718900 
61 -10.813900 
62 -10.941900 
63 -10.951900 
64 -10.807900 
65 -10.495900 
66 -10.041900 
67 -9.516900 
68 -9.013900 
69 -8.613900 
70 -8.361900 
71 -8.276900 
72 -8.454900 
73 -8.937900 
74 -9.585900 
75 -10.194900 
76 -10.562900 
77 -10.571900 
78 -9.836900 
79 -9.065900 
80 -8.549900 
81 -8.149900 

1 -10.813900 
2 -10.900900 
3 -10.859900 
4 -10.864900 
5 -10.793900 
6 -10.602900 
7 -10.272900 
8 -9.823900 
9 -9.304900 
10 -8.777900 
11 -8.371900 
12 -8.766900 
13 -9.572900 
14 -10.214900 
15 -10.686900 
16 -11.364900 
17 -11.582900 
18 -11.117900 
19 -10.024900 
20 -8.815900 
21 -8.276900 
22 -8.464900 
23 -8.938900 
24 -9.501900 
25 -9.976900 
26 -10.277900 
27 -10.755900 
28 -11.269900 
29 -11.644900 
30 -11.832900 
31 -11.811900 
32 -11.587900 
33 -11.185900 
34 -10.719900 
35 -10.586900 
36 -10.322900 
37 -9.951900 
38 -9.530900 
39 -9.139900 
40 -8.862900 
41 -8.762900 
42 -8.840900 
43 -9.089900 
44 -9.494900 
45 -9.969900 
46 -10.396900 
47 -10.679900 
48 -10.753900 
49 -10.599900 
50 -10.260900 
51 -9.834900 
52 -9.561900 
53 -9.764900 
54 -9.940900 
55 -10.095900 
56 -10.235900 
57 -10.367900 
58 -10.491900 
59 -10.779900 
60 -10.893900 
61 -10.813900 
62 -10.941900 
63 -10.951900 
64 -10.807900 
65 -10.495900 
66 -10.041900 
67 -11.148900 
68 -11.557900 
69 -10.737900 
70 -9.134900 
71 -8.276900 
72 -8.815900 
73 -10.024900 
74 -11.117900 
75 -11.582900 
76 -11.364900 
77 -10.686900 
78 -10.214900 
79 -9.572900 
80 -8.766900 
81 -8.371900 

