1 23.217200 
2 23.212700 
3 23.199700 
4 23.179400 
5 23.153500 
6 23.124700 
7 23.095600 
8 23.069200 
9 23.048100 
10 23.034400 
11 23.029700 
12 23.026000 
13 23.014900 
14 22.996200 
15 22.969800 
16 22.935600 
17 22.893600 
18 22.843700 
19 22.786200 
20 22.721300 
21 22.649900 
22 22.573300 
23 22.493000 
24 22.411200 
25 22.330600 
26 22.254300 
27 22.185600 
28 22.127800 
29 22.083900 
30 22.056500 
31 22.047300 
32 22.085100 
33 22.193600 
34 22.358500 
35 22.559900 
36 22.775500 
37 22.983600 
38 23.165700 
39 23.306600 
40 23.395500 
41 23.425700 
42 23.420800 
43 23.406400 
44 23.383800 
45 23.355100 
46 23.323100 
47 23.290700 
48 23.261300 
49 23.237700 
50 23.222400 
51 23.217200 
52 23.211800 
53 23.195700 
54 23.168800 
55 23.131400 
56 23.083700 
57 23.026200 
58 22.959300 
59 22.884100 
60 22.801600 
61 22.713300 
62 22.621200 
63 22.527300 
64 22.434300 
65 22.345100 
66 22.262500 
67 22.189700 
68 22.129600 
69 22.084500 
70 22.056600 
71 22.047300 
72 22.056500 
73 22.083900 
74 22.127800 
75 22.185600 
76 22.254300 
77 22.330600 
78 22.411200 
79 22.493000 
80 22.573300 
81 22.649900 
82 22.721300 
83 22.786200 
84 22.843700 
85 22.893600 
86 22.935600 
87 22.969800 
88 22.996200 
89 23.014900 
90 23.026000 
91 23.029700 

1 23.217200 
2 23.212700 
3 23.199700 
4 23.179400 
5 23.153500 
6 23.124700 
7 23.095600 
8 23.069200 
9 23.048100 
10 23.034400 
11 23.029700 
12 23.024700 
13 23.009700 
14 22.984900 
15 22.950700 
16 22.907300 
17 22.855600 
18 22.796300 
19 22.730400 
20 22.659100 
21 22.583900 
22 22.506600 
23 22.428900 
24 22.353000 
25 22.281100 
26 22.215300 
27 22.157900 
28 22.110900 
29 22.076000 
30 22.054400 
31 22.047300 
32 22.044000 
33 22.034800 
34 22.020400 
35 22.002200 
36 21.982000 
37 21.961600 
38 21.943100 
39 21.928500 
40 21.919000 
41 21.915700 
42 21.951100 
43 22.052600 
44 22.207300 
45 22.396700 
46 22.600100 
47 22.797200 
48 22.969900 
49 23.103700 
50 23.188300 
51 23.217200 
52 23.210700 
53 23.191400 
54 23.159500 
55 23.115800 
56 23.061000 
57 22.996100 
58 22.922300 
59 22.841300 
60 22.754600 
61 22.664300 
62 22.572500 
63 22.481300 
64 22.393200 
65 22.310500 
66 22.235700 
67 22.170900 
68 22.118100 
69 22.079200 
70 22.055200 
71 22.047300 
72 22.054400 
73 22.076000 
74 22.110900 
75 22.157900 
76 22.215300 
77 22.281100 
78 22.353000 
79 22.428900 
80 22.506600 
81 22.583900 
82 22.659100 
83 22.730400 
84 22.796300 
85 22.855600 
86 22.907300 
87 22.950700 
88 22.984900 
89 23.009700 
90 23.024700 
91 23.029700 

1 21.792300 
2 21.825700 
3 21.921500 
4 22.067900 
5 22.247400 
6 22.440700 
7 22.628300 
8 22.793100 
9 22.921200 
10 23.002000 
11 23.029700 
12 23.024700 
13 23.009700 
14 22.984900 
15 22.950700 
16 22.907300 
17 22.855600 
18 22.796300 
19 22.730400 
20 22.659100 
21 22.583900 
22 22.506600 
23 22.428900 
24 22.353000 
25 22.281100 
26 22.215300 
27 22.157900 
28 22.110900 
29 22.076000 
30 22.054400 
31 22.047300 
32 22.044000 
33 22.034800 
34 22.020400 
35 22.002200 
36 21.982000 
37 21.961600 
38 21.943100 
39 21.928500 
40 21.919000 
41 21.915700 
42 21.912700 
43 21.904100 
44 21.890600 
45 21.873500 
46 21.854500 
47 21.835400 
48 21.818100 
49 21.804300 
50 21.795400 
51 21.792300 
52 21.793800 
53 21.798500 
54 21.806000 
55 21.816300 
56 21.829200 
57 21.844200 
58 21.861100 
59 21.879500 
60 21.898800 
61 21.918700 
62 21.938800 
63 21.958300 
64 21.976800 
65 21.994000 
66 22.009400 
67 22.022500 
68 22.033100 
69 22.040900 
70 22.045600 
71 22.047300 
72 22.054400 
73 22.076000 
74 22.110900 
75 22.157900 
76 22.215300 
77 22.281100 
78 22.353000 
79 22.428900 
80 22.506600 
81 22.583900 
82 22.659100 
83 22.730400 
84 22.796300 
85 22.855600 
86 22.907300 
87 22.950700 
88 22.984900 
89 23.009700 
90 23.024700 
91 23.029700 

1 2.601500 
2 2.573700 
3 2.491400 
4 2.357400 
5 2.177200 
6 1.959900 
7 1.719500 
8 1.476800 
9 1.261400 
10 1.109400 
11 1.054000 
12 1.065200 
13 1.094600 
14 1.131300 
15 1.163600 
16 1.183700 
17 1.191700 
18 1.198700 
19 1.229800 
20 1.323800 
21 1.521900 
22 1.841600 
23 2.261100 
24 2.733900 
25 3.213600 
26 3.664000 
27 4.059900 
28 4.383600 
29 4.622800 
30 4.769400 
31 4.818800 
32 4.753500 
33 4.565800 
34 4.277100 
35 3.915500 
36 3.507800 
37 3.077300 
38 2.647900 
39 2.254100 
40 1.955800 
41 1.839700 
42 1.760200 
43 1.541700 
44 1.240000 
45 0.921200 
46 1.278900 
47 1.729100 
48 2.100000 
49 2.375300 
50 2.544500 
51 2.601500 
52 2.573000 
53 2.489100 
54 2.354700 
55 2.180400 
56 1.987700 
57 1.820100 
58 1.752100 
59 1.841200 
60 2.062900 
61 2.362000 
62 2.700600 
63 3.054700 
64 3.406700 
65 3.741900 
66 4.047600 
67 4.312900 
68 4.528800 
69 4.688200 
70 4.785900 
71 4.818800 
72 4.769400 
73 4.622800 
74 4.383600 
75 4.059900 
76 3.664000 
77 3.213600 
78 2.733900 
79 2.261100 
80 1.841600 
81 1.521900 
82 1.323800 
83 1.229800 
84 1.198700 
85 1.191700 
86 1.183700 
87 1.163600 
88 1.131300 
89 1.094600 
90 1.065200 
91 1.054000 

1 -0.226400 
2 -0.355400 
3 -0.737400 
4 -1.358600 
5 -1.132000 
6 -0.487900 
7 0.054800 
8 0.486500 
9 0.800100 
10 0.990300 
11 1.054000 
12 1.021600 
13 0.924800 
14 0.764700 
15 0.543600 
16 0.265200 
17 -0.064500 
18 -0.434800 
19 -0.823500 
20 -1.176100 
21 -1.358900 
22 -1.232000 
23 -0.899400 
24 -0.513000 
25 -0.138700 
26 0.197500 
27 0.483300 
28 0.711600 
29 0.877500 
30 0.978300 
31 1.012200 
32 0.993000 
33 0.937000 
34 0.847400 
35 0.730000 
36 0.593400 
37 0.449100 
38 0.311400 
39 0.196400 
40 0.119500 
41 0.092400 
42 0.028700 
43 -0.174700 
44 0.248700 
45 0.773500 
46 0.624000 
47 0.357300 
48 0.125300 
49 -0.060800 
50 -0.183300 
51 -0.226400 
52 -0.204700 
53 -0.140700 
54 -0.038900 
55 0.092100 
56 0.234200 
57 0.350700 
58 0.380300 
59 0.289400 
60 0.143300 
61 0.046100 
62 0.055100 
63 0.157200 
64 0.308100 
65 0.471600 
66 0.626400 
67 0.760900 
68 0.869200 
69 0.948200 
70 0.996100 
71 1.012200 
72 0.978300 
73 0.877500 
74 0.711600 
75 0.483300 
76 0.197500 
77 -0.138700 
78 -0.513000 
79 -0.899400 
80 -1.232000 
81 -1.358900 
82 -1.176100 
83 -0.823500 
84 -0.434800 
85 -0.064500 
86 0.265200 
87 0.543600 
88 0.764700 
89 0.924800 
90 1.021600 
91 1.054000 

1 -4.083600 
2 -3.504100 
3 -2.668800 
4 -1.865000 
5 -1.132000 
6 -0.487900 
7 0.054800 
8 0.486500 
9 0.800100 
10 0.990300 
11 1.054000 
12 1.021600 
13 0.924800 
14 0.764700 
15 0.543600 
16 0.265200 
17 -0.064500 
18 -0.434800 
19 -0.823500 
20 -1.176100 
21 -1.358900 
22 -1.232000 
23 -0.899400 
24 -0.513000 
25 -0.138700 
26 0.197500 
27 0.483300 
28 0.711600 
29 0.877500 
30 0.978300 
31 1.012200 
32 0.941300 
33 0.732700 
34 0.401200 
35 -0.016700 
36 -0.450500 
37 -0.796500 
38 -0.960000 
39 -0.933000 
40 -0.815900 
41 -0.752400 
42 -0.609700 
43 -0.240300 
44 -0.550100 
45 -1.124900 
46 -1.881500 
47 -2.749500 
48 -3.620000 
49 -3.996000 
50 -4.060900 
51 -4.083600 
52 -4.087300 
53 -4.098700 
54 -4.119600 
55 -4.152200 
56 -3.856800 
57 -3.428000 
58 -2.969900 
59 -2.498400 
60 -2.026800 
61 -1.565900 
62 -1.124700 
63 -0.710800 
64 -0.330600 
65 0.010400 
66 0.307400 
67 0.556300 
68 0.753500 
69 0.896500 
70 0.983100 
71 1.012200 
72 0.978300 
73 0.877500 
74 0.711600 
75 0.483300 
76 0.197500 
77 -0.138700 
78 -0.513000 
79 -0.899400 
80 -1.232000 
81 -1.358900 
82 -1.176100 
83 -0.823500 
84 -0.434800 
85 -0.064500 
86 0.265200 
87 0.543600 
88 0.764700 
89 0.924800 
90 1.021600 
91 1.054000 

1 -4.083600 
2 -3.504100 
3 -2.668800 
4 -1.865000 
5 -2.198000 
6 -3.229900 
7 -4.424400 
8 -5.747000 
9 -5.934100 
10 -5.568000 
11 -5.441100 
12 -5.536800 
13 -5.817700 
14 -6.267800 
15 -6.714600 
16 -5.947300 
17 -5.214400 
18 -4.528100 
19 -3.910300 
20 -3.414000 
21 -3.170000 
22 -3.313000 
23 -3.613100 
24 -3.921600 
25 -4.363200 
26 -4.890600 
27 -5.457300 
28 -6.011000 
29 -6.488200 
30 -6.817100 
31 -6.935100 
32 -6.764500 
33 -6.331400 
34 -5.775800 
35 -5.198100 
36 -4.656100 
37 -4.183300 
38 -3.799600 
39 -3.517800 
40 -3.345800 
41 -3.288000 
42 -3.304900 
43 -3.354400 
44 -3.433500 
45 -3.536500 
46 -3.655600 
47 -3.780300 
48 -3.898300 
49 -4.305900 
50 -4.139600 
51 -4.083600 
52 -4.096600 
53 -4.135300 
54 -4.199400 
55 -4.238600 
56 -3.930900 
57 -3.574600 
58 -3.232800 
59 -2.948400 
60 -2.779200 
61 -2.788500 
62 -3.006800 
63 -3.403600 
64 -3.919000 
65 -4.498400 
66 -5.096900 
67 -5.673000 
68 -6.184100 
69 -6.587700 
70 -6.846200 
71 -6.935100 
72 -6.817100 
73 -6.488200 
74 -6.011000 
75 -5.457300 
76 -4.890600 
77 -4.363200 
78 -3.921600 
79 -3.613100 
80 -3.313000 
81 -3.170000 
82 -3.414000 
83 -3.910300 
84 -4.528100 
85 -5.214400 
86 -5.947300 
87 -6.714600 
88 -6.267800 
89 -5.817700 
90 -5.536800 
91 -5.441100 

1 -4.985100 
2 -5.583800 
3 -6.471800 
4 -7.349200 
5 -8.160700 
6 -8.107400 
7 -7.240600 
8 -6.504600 
9 -7.153500 
10 -8.570600 
11 -9.587800 
12 -9.093100 
13 -8.310900 
14 -7.506600 
15 -6.714600 
16 -5.947300 
17 -5.214400 
18 -4.528100 
19 -3.910300 
20 -3.414000 
21 -3.170000 
22 -3.313000 
23 -3.731900 
24 -4.264200 
25 -4.829800 
26 -5.384700 
27 -5.894300 
28 -6.327800 
29 -6.658200 
30 -6.864900 
31 -6.935100 
32 -6.764500 
33 -6.331400 
34 -5.775800 
35 -5.198100 
36 -4.656100 
37 -4.183300 
38 -3.799600 
39 -3.517800 
40 -3.345800 
41 -3.288000 
42 -3.358200 
43 -3.530500 
44 -3.747300 
45 -3.979000 
46 -4.214100 
47 -4.443500 
48 -4.577100 
49 -4.355200 
50 -4.827600 
51 -4.985100 
52 -4.935400 
53 -4.790600 
54 -4.555200 
55 -4.268900 
56 -4.199400 
57 -4.264300 
58 -4.350000 
59 -4.459000 
60 -4.593600 
61 -4.755000 
62 -4.943900 
63 -5.160000 
64 -5.401000 
65 -5.663400 
66 -5.940300 
67 -6.220900 
68 -6.488500 
69 -6.718100 
70 -6.877500 
71 -6.935100 
72 -6.864900 
73 -6.658200 
74 -6.327800 
75 -5.894300 
76 -5.384700 
77 -4.829800 
78 -4.264200 
79 -3.731900 
80 -3.313000 
81 -3.170000 
82 -3.414000 
83 -3.910300 
84 -4.528100 
85 -5.214400 
86 -5.947300 
87 -6.714600 
88 -7.506600 
89 -8.310900 
90 -9.093100 
91 -9.587800 

1 -4.985100 
2 -5.583800 
3 -6.471800 
4 -7.349200 
5 -8.160700 
6 -8.874500 
7 -9.471600 
8 -9.525000 
9 -9.558600 
10 -9.580300 
11 -9.587800 
12 -9.093100 
13 -8.310900 
14 -7.506600 
15 -6.865500 
16 -7.105400 
17 -6.165300 
18 -5.292200 
19 -4.536500 
20 -3.953900 
21 -3.596500 
22 -3.489100 
23 -3.731900 
24 -4.264200 
25 -4.829800 
26 -5.384700 
27 -5.894300 
28 -6.327800 
29 -6.658200 
30 -6.864900 
31 -6.935100 
32 -6.944800 
33 -6.972800 
34 -7.017000 
35 -7.073600 
36 -7.137600 
37 -7.203100 
38 -7.263400 
39 -7.312100 
40 -7.343900 
41 -7.354900 
42 -7.226100 
43 -6.880800 
44 -6.407700 
45 -5.890700 
46 -5.389700 
47 -4.943600 
48 -4.654300 
49 -4.828100 
50 -4.944200 
51 -4.985100 
52 -4.936300 
53 -4.791300 
54 -4.562600 
55 -4.288400 
56 -4.401300 
57 -4.537100 
58 -4.694400 
59 -4.871100 
60 -5.064900 
61 -5.272900 
62 -5.491400 
63 -5.716200 
64 -5.941900 
65 -6.162200 
66 -6.369800 
67 -6.556700 
68 -6.714300 
69 -6.834200 
70 -6.909500 
71 -6.935100 
72 -6.864900 
73 -6.658200 
74 -6.327800 
75 -5.894300 
76 -5.384700 
77 -4.829800 
78 -4.264200 
79 -3.731900 
80 -3.489100 
81 -3.596500 
82 -3.953900 
83 -4.536500 
84 -5.292200 
85 -6.165300 
86 -7.105400 
87 -6.865500 
88 -7.506600 
89 -8.310900 
90 -9.093100 
91 -9.587800 

1 -9.294200 
2 -9.301100 
3 -9.321200 
4 -9.352600 
5 -9.075400 
6 -8.874500 
7 -9.471600 
8 -9.942600 
9 -10.283100 
10 -10.489700 
11 -10.559000 
12 -10.349500 
13 -9.782000 
14 -8.982500 
15 -8.063600 
16 -7.586100 
17 -8.402000 
18 -9.278600 
19 -10.164100 
20 -10.974800 
21 -11.593200 
22 -11.933600 
24 -11.978700 
25 -11.869700 
26 -11.752700 
27 -11.658600 
28 -11.605700 
29 -11.600000 
30 -11.625400 
31 -11.642300 
32 -11.328700 
33 -10.608000 
34 -9.786700 
35 -9.045000 
36 -8.509700 
37 -8.299100 
38 -8.498500 
39 -9.081800 
40 -9.841000 
41 -10.187900 
42 -10.249100 
43 -10.218800 
44 -10.151200 
45 -10.023800 
46 -9.821800 
47 -9.571300 
48 -9.350500 
49 -9.244900 
50 -9.262000 
51 -9.294200 
52 -9.274800 
53 -9.228600 
54 -9.182600 
55 -9.162600 
56 -9.184100 
57 -9.252300 
58 -9.365700 
59 -9.519700 
60 -9.708000 
61 -9.923900 
62 -10.159800 
63 -10.407100 
64 -10.656200 
65 -10.896000 
66 -11.107200 
67 -11.209900 
68 -11.334000 
69 -11.472400 
70 -11.592700 
71 -11.642300 
72 -11.625400 
73 -11.600000 
74 -11.605700 
75 -11.658600 
76 -11.752700 
77 -11.869700 
78 -11.978700 
80 -11.933600 
81 -11.593200 
82 -10.974800 
83 -10.164100 
84 -9.278600 
85 -8.402000 
86 -7.586100 
87 -8.063600 
88 -8.982500 
89 -9.782000 
90 -10.349500 
91 -10.559000 

3 -11.178500 
4 -10.114100 
5 -9.392700 
6 -9.437600 
7 -9.483300 
8 -9.942600 
9 -10.283100 
10 -10.489700 
11 -10.559000 
12 -11.052200 
13 -11.824300 
28 -11.883700 
29 -11.752300 
30 -11.670300 
31 -11.642300 
32 -11.828500 
37 -11.709000 
38 -11.062700 
39 -10.583500 
40 -10.287900 
41 -10.257500 
42 -10.348100 
43 -10.800600 
44 -11.471300 
55 -11.782400 
56 -11.407200 
57 -11.120100 
58 -10.921400 
59 -10.803300 
60 -10.753900 
61 -10.758300 
62 -10.800300 
63 -10.864800 
64 -10.939700 
65 -11.019700 
66 -11.115100 
67 -11.303200 
68 -11.452300 
69 -11.558600 
70 -11.621500 
71 -11.642300 
72 -11.670300 
73 -11.752300 
74 -11.883700 
89 -11.824300 
90 -11.052200 
91 -10.559000 

10 -11.430500 
11 -10.559000 
12 -11.052200 
13 -11.824300 
28 -11.883700 
29 -11.752300 
30 -11.670300 
31 -11.642300 
32 -11.828500 
70 -11.738600 
71 -11.642300 
72 -11.670300 
73 -11.752300 
74 -11.883700 
89 -11.824300 
90 -11.052200 
91 -10.559000 














