1 23.214000 
2 23.210800 
3 23.201600 
4 23.187200 
5 23.168900 
6 23.148500 
7 23.128100 
8 23.109500 
9 23.094700 
10 23.085100 
11 23.081700 
12 23.078900 
13 23.070100 
14 23.055200 
15 23.034200 
16 23.007200 
17 22.974300 
18 22.935500 
19 22.891000 
20 22.841400 
21 22.787300 
22 22.729800 
23 22.670100 
24 22.609900 
25 22.551100 
26 22.495900 
27 22.446400 
28 22.405100 
29 22.374000 
30 22.354500 
31 22.347900 
32 22.375000 
33 22.452900 
34 22.572000 
35 22.718500 
36 22.876400 
37 23.030100 
38 23.165200 
39 23.270400 
40 23.336900 
41 23.359700 
42 23.356200 
43 23.346000 
44 23.330100 
45 23.310000 
46 23.287700 
47 23.265100 
48 23.244600 
49 23.228200 
50 23.217700 
51 23.214000 
52 23.209900 
53 23.197400 
54 23.176700 
55 23.147900 
56 23.111400 
57 23.067500 
58 23.016700 
59 22.959900 
60 22.898000 
61 22.832200 
62 22.763900 
63 22.694800 
64 22.626800 
65 22.561900 
66 22.502200 
67 22.449800 
68 22.406600 
69 22.374500 
70 22.354600 
71 22.347900 
72 22.354500 
73 22.374000 
74 22.405100 
75 22.446400 
76 22.495900 
77 22.551100 
78 22.609900 
79 22.670100 
80 22.729800 
81 22.787300 
82 22.841400 
83 22.891000 
84 22.935500 
85 22.974300 
86 23.007200 
87 23.034200 
88 23.055200 
89 23.070100 
90 23.078900 
91 23.081700 

1 23.214000 
2 23.210800 
3 23.201600 
4 23.187200 
5 23.168900 
6 23.148500 
7 23.128100 
8 23.109500 
9 23.094700 
10 23.085100 
11 23.081700 
12 23.077900 
13 23.066400 
14 23.047200 
15 23.020800 
16 22.987500 
17 22.947900 
18 22.902600 
19 22.852600 
20 22.798800 
21 22.742300 
22 22.684600 
23 22.626800 
24 22.570800 
25 22.517900 
26 22.469800 
27 22.428000 
28 22.394000 
29 22.368700 
30 22.353100 
31 22.347900 
32 22.345600 
33 22.339100 
34 22.328800 
35 22.315900 
36 22.301500 
37 22.287100 
38 22.274000 
39 22.263500 
40 22.256800 
41 22.254500 
42 22.280000 
43 22.353300 
44 22.465600 
45 22.604200 
46 22.753900 
47 22.899900 
48 23.028600 
49 23.128800 
50 23.192300 
51 23.214000 
52 23.209100 
53 23.194400 
54 23.170300 
55 23.137200 
56 23.095800 
57 23.046900 
58 22.991500 
59 22.930800 
60 22.866200 
61 22.799100 
62 22.731100 
63 22.663900 
64 22.599200 
65 22.538800 
66 22.484300 
67 22.437200 
68 22.399100 
69 22.371000 
70 22.353700 
71 22.347900 
72 22.353100 
73 22.368700 
74 22.394000 
75 22.428000 
76 22.469800 
77 22.517900 
78 22.570800 
79 22.626800 
80 22.684600 
81 22.742300 
82 22.798800 
83 22.852600 
84 22.902600 
85 22.947900 
86 22.987500 
87 23.020800 
88 23.047200 
89 23.066400 
90 23.077900 
91 23.081700 

1 22.166000 
2 22.190200 
3 22.259800 
4 22.366700 
5 22.498600 
6 22.641400 
7 22.781000 
8 22.904100 
9 23.000200 
10 23.061100 
11 23.081700 
12 23.077900 
13 23.066400 
14 23.047200 
15 23.020800 
16 22.987500 
17 22.947900 
18 22.902600 
19 22.852600 
20 22.798800 
21 22.742300 
22 22.684600 
23 22.626800 
24 22.570800 
25 22.517900 
26 22.469800 
27 22.428000 
28 22.394000 
29 22.368700 
30 22.353100 
31 22.347900 
32 22.345600 
33 22.339100 
34 22.328800 
35 22.315900 
36 22.301500 
37 22.287100 
38 22.274000 
39 22.263500 
40 22.256800 
41 22.254500 
42 22.252400 
43 22.246100 
44 22.236400 
45 22.224100 
46 22.210500 
47 22.196800 
48 22.184400 
49 22.174600 
50 22.168200 
51 22.166000 
52 22.167100 
53 22.170400 
54 22.175800 
55 22.183100 
56 22.192300 
57 22.203000 
58 22.215100 
59 22.228200 
60 22.242000 
61 22.256300 
62 22.270500 
63 22.284500 
64 22.297800 
65 22.310000 
66 22.321000 
67 22.330300 
68 22.337900 
69 22.343400 
70 22.346800 
71 22.347900 
72 22.353100 
73 22.368700 
74 22.394000 
75 22.428000 
76 22.469800 
77 22.517900 
78 22.570800 
79 22.626800 
80 22.684600 
81 22.742300 
82 22.798800 
83 22.852600 
84 22.902600 
85 22.947900 
86 22.987500 
87 23.020800 
88 23.047200 
89 23.066400 
90 23.077900 
91 23.081700 

1 2.195100 
2 2.169900 
3 2.095200 
4 1.973800 
5 1.811000 
6 1.615200 
7 1.399400 
8 1.182700 
9 0.991500 
10 0.857300 
11 0.808600 
12 0.820000 
13 0.850700 
14 0.892000 
15 0.934600 
16 0.973500 
17 1.011300 
18 1.061400 
19 1.150200 
20 1.312000 
21 1.573900 
22 1.934200 
23 2.362100 
24 2.816500 
25 3.261400 
26 3.670600 
27 4.025300 
28 4.312800 
29 4.524000 
30 4.653000 
31 4.696400 
32 4.639000 
33 4.472300 
34 4.212100 
35 3.880000 
36 3.498800 
37 3.091100 
38 2.681200 
39 2.303500 
40 2.016500 
41 1.904500 
42 1.834700 
43 1.638700 
44 1.355900 
45 1.040200 
46 1.098600 
47 1.468500 
48 1.776000 
49 2.005700 
50 2.147300 
51 2.195100 
52 2.171200 
53 2.101400 
54 1.991700 
55 1.855000 
56 1.718800 
57 1.636200 
58 1.673600 
59 1.845300 
60 2.108100 
61 2.420500 
62 2.755700 
63 3.095200 
64 3.425000 
65 3.733400 
66 4.010700 
67 4.248600 
68 4.440600 
69 4.581500 
70 4.667500 
71 4.696400 
72 4.653000 
73 4.524000 
74 4.312800 
75 4.025300 
76 3.670600 
77 3.261400 
78 2.816500 
79 2.362100 
80 1.934200 
81 1.573900 
82 1.312000 
83 1.150200 
84 1.061400 
85 1.011300 
86 0.973500 
87 0.934600 
88 0.892000 
89 0.850700 
90 0.820000 
91 0.808600 

1 -0.109000 
2 -0.220600 
3 -0.552100 
4 -1.093000 
5 -1.096800 
6 -0.535300 
7 -0.062100 
8 0.314200 
9 0.587400 
10 0.753100 
11 0.808600 
12 0.779800 
13 0.693600 
14 0.551200 
15 0.355000 
16 0.108500 
17 -0.181800 
18 -0.504600 
19 -0.835800 
20 -1.117700 
21 -1.226300 
22 -1.079200 
23 -0.784600 
24 -0.455200 
25 -0.139200 
26 0.143500 
27 0.383000 
28 0.573700 
29 0.712200 
30 0.796100 
31 0.824300 
32 0.807300 
33 0.757400 
34 0.677700 
35 0.573500 
36 0.452500 
37 0.325100 
38 0.204000 
39 0.103100 
40 0.035900 
41 0.012300 
42 -0.041100 
43 -0.098800 
44 0.274600 
45 0.689500 
46 0.735900 
47 0.463700 
48 0.231900 
49 0.050100 
50 -0.067800 
51 -0.109000 
52 -0.088200 
53 -0.027600 
54 0.068200 
55 0.187800 
56 0.307600 
57 0.380800 
58 0.352700 
59 0.230700 
60 0.091600 
61 0.012400 
62 0.025300 
63 0.111800 
64 0.236500 
65 0.371400 
66 0.499800 
67 0.612200 
68 0.703300 
69 0.770000 
70 0.810600 
71 0.824300 
72 0.796100 
73 0.712200 
74 0.573700 
75 0.383000 
76 0.143500 
77 -0.139200 
78 -0.455200 
79 -0.784600 
80 -1.079200 
81 -1.226300 
82 -1.117700 
83 -0.835800 
84 -0.504600 
85 -0.181800 
86 0.108500 
87 0.355000 
88 0.551200 
89 0.693600 
90 0.779800 
91 0.808600 

1 -3.735100 
2 -3.177000 
3 -2.438500 
4 -1.736200 
5 -1.096800 
6 -0.535300 
7 -0.062100 
8 0.314200 
9 0.587400 
10 0.753100 
11 0.808600 
12 0.779800 
13 0.693600 
14 0.551200 
15 0.355000 
16 0.108500 
17 -0.181800 
18 -0.504600 
19 -0.835800 
20 -1.117700 
21 -1.226300 
22 -1.079200 
23 -0.784600 
24 -0.455200 
25 -0.139200 
26 0.143500 
27 0.383000 
28 0.573700 
29 0.712200 
30 0.796100 
31 0.824300 
32 0.766500 
33 0.597400 
34 0.331300 
35 0.000800 
36 -0.335400 
37 -0.593500 
38 -0.700000 
39 -0.650500 
40 -0.530400 
41 -0.467800 
42 -0.368000 
43 -0.208700 
44 -0.511200 
45 -0.970800 
46 -1.585500 
47 -2.310100 
48 -3.058600 
49 -3.660700 
50 -3.715800 
51 -3.735100 
52 -3.738500 
53 -3.749100 
54 -3.768300 
55 -3.623800 
56 -3.284900 
57 -2.910500 
58 -2.515400 
59 -2.112300 
60 -1.711800 
61 -1.322500 
62 -0.951600 
63 -0.604900 
64 -0.287600 
65 -0.003900 
66 0.242500 
67 0.448400 
68 0.611300 
69 0.729100 
70 0.800400 
71 0.824300 
72 0.796100 
73 0.712200 
74 0.573700 
75 0.383000 
76 0.143500 
77 -0.139200 
78 -0.455200 
79 -0.784600 
80 -1.079200 
81 -1.226300 
82 -1.117700 
83 -0.835800 
84 -0.504600 
85 -0.181800 
86 0.108500 
87 0.355000 
88 0.551200 
89 0.693600 
90 0.779800 
91 0.808600 

1 -3.735100 
2 -3.177000 
3 -2.438500 
4 -1.736200 
5 -1.827700 
6 -2.735600 
7 -3.792800 
8 -4.969800 
9 -5.852700 
10 -5.523200 
11 -5.409200 
12 -5.495100 
13 -5.747400 
14 -6.152000 
15 -5.866600 
16 -5.193700 
17 -4.555900 
18 -3.965200 
19 -3.444800 
20 -3.050500 
21 -2.902500 
22 -3.078100 
23 -3.260100 
24 -3.565700 
25 -3.974200 
26 -4.447300 
27 -4.945800 
28 -5.424300 
29 -5.829200 
30 -6.103300 
31 -6.200600 
32 -6.059000 
33 -5.694600 
34 -5.219600 
35 -4.720300 
36 -4.248800 
37 -3.835600 
38 -3.499700 
39 -3.252600 
40 -3.101700 
41 -3.050900 
42 -3.065600 
43 -3.108800 
44 -3.177400 
45 -3.266600 
46 -3.369300 
47 -3.476500 
48 -3.577500 
49 -3.715300 
50 -3.784100 
51 -3.735100 
52 -3.746500 
53 -3.780800 
54 -3.837600 
55 -3.654800 
56 -3.358600 
57 -3.057700 
58 -2.782500 
59 -2.571000 
60 -2.471700 
61 -2.531700 
62 -2.764700 
63 -3.138800 
64 -3.604400 
65 -4.117400 
66 -4.640200 
67 -5.137300 
68 -5.572800 
69 -5.912000 
70 -6.127100 
71 -6.200600 
72 -6.103300 
73 -5.829200 
74 -5.424300 
75 -4.945800 
76 -4.447300 
77 -3.974200 
78 -3.565700 
79 -3.260100 
80 -3.078100 
81 -2.902500 
82 -3.050500 
83 -3.444800 
84 -3.965200 
85 -4.555900 
86 -5.193700 
87 -5.866600 
88 -6.152000 
89 -5.747400 
90 -5.495100 
91 -5.409200 

1 -4.314000 
2 -4.884500 
3 -5.657400 
4 -6.407800 
5 -7.099200 
6 -7.709300 
7 -7.032700 
8 -6.367600 
9 -6.228300 
10 -7.507000 
11 -8.472000 
12 -7.990100 
13 -7.281500 
14 -6.565800 
15 -5.866600 
16 -5.193700 
17 -4.555900 
18 -3.965200 
19 -3.444800 
20 -3.050500 
21 -2.902500 
22 -3.078100 
23 -3.461300 
24 -3.929000 
25 -4.419300 
26 -4.895600 
27 -5.329000 
28 -5.694300 
29 -5.970600 
30 -6.142300 
31 -6.200600 
32 -6.059000 
33 -5.694600 
34 -5.219600 
35 -4.720300 
36 -4.248800 
37 -3.835600 
38 -3.499700 
39 -3.252600 
40 -3.101700 
41 -3.050900 
42 -3.090900 
43 -3.196800 
44 -3.343500 
45 -3.513100 
46 -3.694300 
47 -3.876500 
48 -4.046300 
49 -3.929700 
50 -4.159400 
51 -4.314000 
52 -4.266900 
53 -4.129800 
54 -3.910800 
55 -3.797900 
56 -3.840400 
57 -3.898400 
58 -3.974500 
59 -4.070800 
60 -4.189200 
61 -4.330900 
62 -4.496400 
63 -4.685000 
64 -4.894800 
65 -5.122300 
66 -5.361100 
67 -5.601400 
68 -5.828500 
69 -6.021100 
70 -6.153100 
71 -6.200600 
72 -6.142300 
73 -5.970600 
74 -5.694300 
75 -5.329000 
76 -4.895600 
77 -4.419300 
78 -3.929000 
79 -3.461300 
80 -3.078100 
81 -2.902500 
82 -3.050500 
83 -3.444800 
84 -3.965200 
85 -4.555900 
86 -5.193700 
87 -5.866600 
88 -6.565800 
89 -7.281500 
90 -7.990100 
91 -8.472000 

1 -4.314000 
2 -4.884500 
3 -5.657400 
4 -6.407800 
5 -7.099200 
6 -7.709300 
7 -8.223300 
8 -8.419900 
9 -8.447700 
10 -8.465800 
11 -8.472000 
12 -7.990100 
13 -7.281500 
14 -6.565800 
15 -6.688400 
16 -6.026000 
17 -5.197600 
18 -4.445700 
19 -3.818800 
20 -3.366400 
21 -3.125000 
22 -3.099000 
23 -3.461300 
24 -3.929000 
25 -4.419300 
26 -4.895600 
27 -5.329000 
28 -5.694300 
29 -5.970600 
30 -6.142300 
31 -6.200600 
32 -6.208700 
33 -6.232400 
34 -6.269800 
35 -6.317500 
36 -6.371400 
37 -6.426300 
38 -6.476800 
39 -6.517500 
40 -6.544000 
41 -6.553100 
42 -6.445700 
43 -6.155200 
44 -5.752700 
45 -5.308500 
46 -4.874800 
47 -4.486700 
48 -4.166900 
49 -4.186900 
50 -4.280900 
51 -4.314000 
52 -4.267200 
53 -4.130700 
54 -3.920000 
55 -3.916300 
56 -4.016100 
57 -4.135900 
58 -4.274300 
59 -4.429400 
60 -4.599100 
61 -4.780600 
62 -4.970600 
63 -5.165200 
64 -5.359500 
65 -5.548200 
66 -5.725000 
67 -5.883300 
68 -6.015900 
69 -6.116400 
70 -6.179200 
71 -6.200600 
72 -6.142300 
73 -5.970600 
74 -5.694300 
75 -5.329000 
76 -4.895600 
77 -4.419300 
78 -3.929000 
79 -3.461300 
80 -3.099000 
81 -3.125000 
82 -3.366400 
83 -3.818800 
84 -4.445700 
85 -5.197600 
86 -6.026000 
87 -6.688400 
88 -6.565800 
89 -7.281500 
90 -7.990100 
91 -8.472000 

1 -8.228000 
2 -8.233700 
3 -8.250500 
4 -8.276700 
5 -8.310100 
6 -7.815700 
7 -8.223300 
8 -8.632600 
9 -8.931000 
10 -9.113100 
11 -9.174300 
12 -8.978100 
13 -8.451000 
14 -7.717100 
15 -6.884300 
16 -7.334500 
17 -8.061400 
18 -8.833100 
19 -9.593800 
20 -10.257800 
21 -10.723400 
22 -10.946800 
23 -10.982500 
24 -10.917800 
25 -10.817800 
26 -10.723600 
27 -10.660900 
28 -10.645700 
29 -10.680300 
30 -10.740100 
31 -10.771200 
32 -10.477600 
33 -9.805900 
34 -9.041900 
35 -8.350400 
36 -7.842700 
37 -7.617500 
38 -7.740600 
39 -8.181100 
40 -8.751900 
41 -9.049200 
42 -9.045300 
43 -9.030300 
44 -8.994000 
45 -8.919700 
46 -8.790800 
47 -8.609900 
48 -8.419400 
49 -8.283800 
50 -8.232800 
51 -8.228000 
52 -8.228600 
53 -8.234600 
54 -8.255500 
55 -8.300600 
56 -8.376000 
57 -8.483300 
58 -8.621600 
59 -8.788200 
60 -8.979000 
61 -9.189300 
62 -9.413300 
63 -9.644100 
64 -9.873600 
65 -10.092600 
66 -10.183900 
67 -10.293700 
68 -10.431000 
69 -10.584600 
70 -10.716900 
71 -10.771200 
72 -10.740100 
73 -10.680300 
74 -10.645700 
75 -10.660900 
76 -10.723600 
77 -10.817800 
78 -10.917800 
79 -10.982500 
80 -10.946800 
81 -10.723400 
82 -10.257800 
83 -9.593800 
84 -8.833100 
85 -8.061400 
86 -7.334500 
87 -6.884300 
88 -7.717100 
89 -8.451000 
90 -8.978100 
91 -9.174300 

1 -11.741000 
2 -11.360000 
3 -10.543600 
4 -9.613200 
5 -8.686800 
6 -8.347500 
7 -8.385300 
8 -8.632600 
9 -8.931000 
10 -9.113100 
11 -9.174300 
12 -9.656600 
13 -10.362000 
14 -11.057500 
15 -11.692900 
23 -11.926200 
24 -11.696200 
25 -11.479900 
26 -11.283000 
27 -11.110600 
28 -10.968000 
29 -10.860800 
30 -10.793900 
31 -10.771200 
32 -10.932000 
33 -11.350300 
34 -11.904600 
36 -11.949300 
37 -11.222100 
38 -10.632900 
39 -10.196800 
40 -9.928200 
41 -9.837300 
42 -9.973500 
43 -10.358400 
44 -10.929000 
45 -11.599200 
46 -11.860400 
47 -11.526600 
48 -11.408100 
49 -11.498200 
50 -11.764400 
51 -11.741000 
52 -11.736900 
53 -11.453500 
54 -11.082600 
55 -10.735200 
56 -10.442700 
57 -10.215800 
58 -10.055400 
59 -9.956300 
60 -9.909600 
61 -9.904100 
62 -9.928300 
63 -9.972000 
64 -10.028900 
65 -10.098100 
66 -10.291700 
67 -10.462200 
68 -10.597600 
69 -10.694500 
70 -10.752100 
71 -10.771200 
72 -10.793900 
73 -10.860800 
74 -10.968000 
75 -11.110600 
76 -11.283000 
77 -11.479900 
78 -11.696200 
79 -11.926200 
87 -11.692900 
88 -11.057500 
89 -10.362000 
90 -9.656600 
91 -9.174300 

1 -11.970600 
2 -11.973700 
3 -11.980400 
4 -11.982300 
5 -11.963900 
6 -11.898100 
7 -11.739400 
8 -11.417900 
9 -10.849600 
10 -9.998700 
11 -9.174300 
12 -9.656600 
13 -10.362000 
14 -11.057500 
15 -11.692900 
23 -11.926200 
24 -11.696200 
25 -11.479900 
26 -11.283000 
27 -11.110600 
28 -10.968000 
29 -10.860800 
30 -10.793900 
31 -10.771200 
32 -10.932000 
33 -11.350300 
34 -11.904600 
49 -11.987800 
50 -11.805700 
51 -11.970600 
52 -11.883100 
53 -11.993800 
67 -11.930200 
68 -11.459800 
69 -11.091800 
70 -10.854000 
71 -10.771200 
72 -10.793900 
73 -10.860800 
74 -10.968000 
75 -11.110600 
76 -11.283000 
77 -11.479900 
78 -11.696200 
79 -11.926200 
87 -11.692900 
88 -11.057500 
89 -10.362000 
90 -9.656600 
91 -9.174300 














