1 21.849500 
2 21.846200 
3 21.836200 
4 21.820500 
5 21.800600 
6 21.778400 
7 21.756200 
8 21.735900 
9 21.719700 
10 21.709400 
11 21.705800 
12 21.702600 
13 21.692900 
14 21.677100 
15 21.654900 
16 21.626400 
17 21.591300 
18 21.549900 
19 21.502500 
20 21.449600 
21 21.391700 
22 21.329900 
23 21.265900 
24 21.201000 
25 21.137500 
26 21.077600 
27 21.024000 
28 20.979100 
29 20.945200 
30 20.924000 
31 20.917000 
32 20.946400 
33 21.031200 
34 21.160500 
35 21.319100 
36 21.489600 
37 21.655100 
38 21.800400 
39 21.913200 
40 21.984400 
41 22.008900 
42 22.005000 
43 21.993900 
44 21.976600 
45 21.954700 
46 21.930200 
47 21.905500 
48 21.883100 
49 21.865200 
50 21.853700 
51 21.849500 
52 21.845200 
53 21.831900 
54 21.809800 
55 21.779200 
56 21.740200 
57 21.693300 
58 21.639000 
59 21.578200 
60 21.511800 
61 21.441100 
62 21.367600 
63 21.293000 
64 21.219600 
65 21.149300 
66 21.084600 
67 21.027700 
68 20.980800 
69 20.945900 
70 20.924300 
71 20.917000 
72 20.924000 
73 20.945200 
74 20.979100 
75 21.024000 
76 21.077600 
77 21.137500 
78 21.201000 
79 21.265900 
80 21.329900 
81 21.391700 
82 21.449600 
83 21.502500 
84 21.549900 
85 21.591300 
86 21.626400 
87 21.654900 
88 21.677100 
89 21.692900 
90 21.702600 
91 21.705800 

1 21.849500 
2 21.846200 
3 21.836200 
4 21.820500 
5 21.800600 
6 21.778400 
7 21.756200 
8 21.735900 
9 21.719700 
10 21.709400 
11 21.705800 
12 21.701600 
13 21.689300 
14 21.668900 
15 21.640700 
16 21.605400 
17 21.563300 
18 21.515000 
19 21.461500 
20 21.404000 
21 21.343400 
22 21.281300 
23 21.219200 
24 21.158800 
25 21.101500 
26 21.049500 
27 21.004100 
28 20.967100 
29 20.939500 
30 20.922700 
31 20.917000 
32 20.914500 
33 20.907400 
34 20.896200 
35 20.882000 
36 20.866200 
37 20.850500 
38 20.836200 
39 20.824800 
40 20.817400 
41 20.814900 
42 20.842600 
43 20.922400 
44 21.044100 
45 21.194000 
46 21.355500 
47 21.512600 
48 21.650900 
49 21.758400 
50 21.826400 
51 21.849500 
52 21.844300 
53 21.828800 
54 21.803100 
55 21.767800 
56 21.723600 
57 21.671300 
58 21.612000 
59 21.546900 
60 21.477500 
61 21.405400 
62 21.332200 
63 21.259600 
64 21.189700 
65 21.124300 
66 21.065200 
67 21.014100 
68 20.972600 
69 20.942100 
70 20.923300 
71 20.917000 
72 20.922700 
73 20.939500 
74 20.967100 
75 21.004100 
76 21.049500 
77 21.101500 
78 21.158800 
79 21.219200 
80 21.281300 
81 21.343400 
82 21.404000 
83 21.461500 
84 21.515000 
85 21.563300 
86 21.605400 
87 21.640700 
88 21.668900 
89 21.689300 
90 21.701600 
91 21.705800 

1 20.718200 
2 20.744700 
3 20.820300 
4 20.936100 
5 21.078500 
6 21.232600 
7 21.382800 
8 21.515000 
9 21.617800 
10 21.683400 
11 21.705800 
12 21.701600 
13 21.689300 
14 21.668900 
15 21.640700 
16 21.605400 
17 21.563300 
18 21.515000 
19 21.461500 
20 21.404000 
21 21.343400 
22 21.281300 
23 21.219200 
24 21.158800 
25 21.101500 
26 21.049500 
27 21.004100 
28 20.967100 
29 20.939500 
30 20.922700 
31 20.917000 
32 20.914500 
33 20.907400 
34 20.896200 
35 20.882000 
36 20.866200 
37 20.850500 
38 20.836200 
39 20.824800 
40 20.817400 
41 20.814900 
42 20.812500 
43 20.805800 
44 20.795300 
45 20.781900 
46 20.767000 
47 20.752100 
48 20.738500 
49 20.727700 
50 20.720800 
51 20.718200 
52 20.719500 
53 20.723200 
54 20.729000 
55 20.737100 
56 20.747200 
57 20.758900 
58 20.772100 
59 20.786400 
60 20.801500 
61 20.817000 
62 20.832600 
63 20.847700 
64 20.862200 
65 20.875600 
66 20.887500 
67 20.897800 
68 20.905900 
69 20.912000 
70 20.915700 
71 20.917000 
72 20.922700 
73 20.939500 
74 20.967100 
75 21.004100 
76 21.049500 
77 21.101500 
78 21.158800 
79 21.219200 
80 21.281300 
81 21.343400 
82 21.404000 
83 21.461500 
84 21.515000 
85 21.563300 
86 21.605400 
87 21.640700 
88 21.668900 
89 21.689300 
90 21.701600 
91 21.705800 

1 2.185200 
2 2.161000 
3 2.089000 
4 1.972200 
5 1.815500 
6 1.627200 
7 1.419600 
8 1.211300 
9 1.027700 
10 0.898900 
11 0.852200 
12 0.861300 
13 0.885200 
14 0.915600 
15 0.943200 
16 0.962100 
17 0.973300 
18 0.987500 
19 1.027900 
20 1.129000 
21 1.325000 
22 1.626700 
23 2.010700 
24 2.435400 
25 2.861100 
26 3.257800 
27 3.604500 
28 3.886900 
29 4.095100 
30 4.222400 
31 4.265300 
32 4.208600 
33 4.045000 
34 3.792200 
35 3.473500 
36 3.112700 
37 2.731100 
38 2.351100 
39 2.004500 
40 1.744200 
41 1.643800 
42 1.574800 
43 1.384700 
44 1.120800 
45 0.840800 
46 1.045700 
47 1.433700 
48 1.753200 
49 1.990300 
50 2.136100 
51 2.185200 
52 2.160700 
53 2.088500 
54 1.973300 
55 1.825300 
56 1.665000 
57 1.534500 
58 1.501800 
59 1.607600 
60 1.820600 
61 2.094800 
62 2.399800 
63 2.716000 
64 3.028300 
65 3.324100 
66 3.592600 
67 3.824800 
68 4.013100 
69 4.151800 
70 4.236700 
71 4.265300 
72 4.222400 
73 4.095100 
74 3.886900 
75 3.604500 
76 3.257800 
77 2.861100 
78 2.435400 
79 2.010700 
80 1.626700 
81 1.325000 
82 1.129000 
83 1.027900 
84 0.987500 
85 0.973300 
86 0.962100 
87 0.943200 
88 0.915600 
89 0.885200 
90 0.861300 
91 0.852200 

1 -0.153200 
2 -0.264400 
3 -0.594200 
4 -1.131700 
5 -1.046400 
6 -0.486900 
7 -0.015500 
8 0.359400 
9 0.631700 
10 0.796900 
11 0.852200 
12 0.823900 
13 0.739200 
14 0.599400 
15 0.406300 
16 0.163500 
17 -0.123400 
18 -0.444400 
19 -0.778200 
20 -1.071700 
21 -1.199400 
22 -1.056700 
23 -0.754500 
24 -0.416000 
25 -0.091900 
26 0.197600 
27 0.442900 
28 0.638300 
29 0.780200 
30 0.866200 
31 0.895000 
32 0.878700 
33 0.830500 
34 0.753400 
35 0.652600 
36 0.535700 
37 0.412500 
38 0.295400 
39 0.197700 
40 0.132700 
41 0.109800 
42 0.055300 
43 -0.118800 
44 0.157500 
45 0.610100 
46 0.580300 
47 0.348000 
48 0.147500 
49 -0.012000 
50 -0.116500 
51 -0.153200 
52 -0.134700 
53 -0.080400 
54 0.006100 
55 0.116800 
56 0.235000 
57 0.325400 
58 0.333100 
59 0.240100 
60 0.113900 
61 0.040900 
62 0.061000 
63 0.156700 
64 0.290000 
65 0.431700 
66 0.564800 
67 0.680100 
68 0.772800 
69 0.840400 
70 0.881300 
71 0.895000 
72 0.866200 
73 0.780200 
74 0.638300 
75 0.442900 
76 0.197600 
77 -0.091900 
78 -0.416000 
79 -0.754500 
80 -1.056700 
81 -1.199400 
82 -1.071700 
83 -0.778200 
84 -0.444400 
85 -0.123400 
86 0.163500 
87 0.406300 
88 0.599400 
89 0.739200 
90 0.823900 
91 0.852200 

1 -3.573000 
2 -3.095600 
3 -2.378500 
4 -1.682600 
5 -1.046400 
6 -0.486900 
7 -0.015500 
8 0.359400 
9 0.631700 
10 0.796900 
11 0.852200 
12 0.823900 
13 0.739200 
14 0.599400 
15 0.406300 
16 0.163500 
17 -0.123400 
18 -0.444400 
19 -0.778200 
20 -1.071700 
21 -1.199400 
22 -1.056700 
23 -0.754500 
24 -0.416000 
25 -0.091900 
26 0.197600 
27 0.442900 
28 0.638300 
29 0.780200 
30 0.866200 
31 0.895000 
32 0.834800 
33 0.657100 
34 0.374000 
35 0.014900 
36 -0.363300 
37 -0.675200 
38 -0.839100 
39 -0.840200 
40 -0.756900 
41 -0.708800 
42 -0.584800 
43 -0.264900 
44 -0.440900 
45 -0.937100 
46 -1.597000 
47 -2.364300 
48 -3.149500 
49 -3.500100 
50 -3.554100 
51 -3.573000 
52 -3.576400 
53 -3.587300 
54 -3.606800 
55 -3.636900 
56 -3.370700 
57 -2.978400 
58 -2.565800 
59 -2.146200 
60 -1.730200 
61 -1.326600 
62 -0.942400 
63 -0.583700 
64 -0.255400 
65 0.038000 
66 0.292900 
67 0.505900 
68 0.674500 
69 0.796500 
70 0.870300 
71 0.895000 
72 0.866200 
73 0.780200 
74 0.638300 
75 0.442900 
76 0.197600 
77 -0.091900 
78 -0.416000 
79 -0.754500 
80 -1.056700 
81 -1.199400 
82 -1.071700 
83 -0.778200 
84 -0.444400 
85 -0.123400 
86 0.163500 
87 0.406300 
88 0.599400 
89 0.739200 
90 0.823900 
91 0.852200 

1 -3.573000 
2 -3.095600 
3 -2.378500 
4 -1.682600 
5 -1.860000 
6 -2.757700 
7 -3.799600 
8 -4.955800 
9 -5.615700 
10 -5.297300 
11 -5.187200 
12 -5.270100 
13 -5.514000 
14 -5.905500 
15 -5.799900 
16 -5.129300 
17 -4.490000 
18 -3.893400 
19 -3.360500 
20 -2.942600 
21 -2.762300 
22 -2.919200 
23 -3.199500 
24 -3.473300 
25 -3.857100 
26 -4.309500 
27 -4.790100 
28 -5.253500 
29 -5.646900 
30 -5.914000 
31 -6.008900 
32 -5.869400 
33 -5.510200 
34 -5.042000 
35 -4.549800 
36 -4.085000 
37 -3.677800 
38 -3.346700 
39 -3.103100 
40 -2.954300 
41 -2.904300 
42 -2.918600 
43 -2.960700 
44 -3.027600 
45 -3.114700 
46 -3.215000 
47 -3.319800 
48 -3.418600 
49 -3.764700 
50 -3.621300 
51 -3.573000 
52 -3.584200 
53 -3.617700 
54 -3.673200 
55 -3.726900 
56 -3.452400 
57 -3.125400 
58 -2.818400 
59 -2.570900 
60 -2.433800 
61 -2.459200 
62 -2.665100 
63 -3.019300 
64 -3.469200 
65 -3.968500 
66 -4.478900 
67 -4.965100 
68 -5.391800 
69 -5.724900 
70 -5.936500 
71 -6.008900 
72 -5.914000 
73 -5.646900 
74 -5.253500 
75 -4.790100 
76 -4.309500 
77 -3.857100 
78 -3.473300 
79 -3.199500 
80 -2.919200 
81 -2.762300 
82 -2.942600 
83 -3.360500 
84 -3.893400 
85 -4.490000 
86 -5.129300 
87 -5.799900 
88 -5.905500 
89 -5.514000 
90 -5.270100 
91 -5.187200 

1 -4.455000 
2 -4.948500 
3 -5.710000 
4 -6.468300 
5 -7.171700 
6 -7.518700 
7 -6.758300 
8 -6.113900 
9 -6.186200 
10 -7.421300 
11 -8.273900 
12 -7.868600 
13 -7.194200 
14 -6.492400 
15 -5.799900 
16 -5.129300 
17 -4.490000 
18 -3.893400 
19 -3.360500 
20 -2.942600 
21 -2.762300 
22 -2.919200 
23 -3.295400 
24 -3.757900 
25 -4.243000 
26 -4.714600 
27 -5.144100 
28 -5.506400 
29 -5.780600 
30 -5.951100 
31 -6.008900 
32 -5.869400 
33 -5.510200 
34 -5.042000 
35 -4.549800 
36 -4.085000 
37 -3.677800 
38 -3.346700 
39 -3.103100 
40 -2.954300 
41 -2.904300 
42 -2.970200 
43 -3.131600 
44 -3.333700 
45 -3.548000 
46 -3.763200 
47 -3.971200 
48 -3.998400 
49 -3.834700 
50 -4.295600 
51 -4.455000 
52 -4.405600 
53 -4.260600 
54 -4.029400 
55 -3.750100 
56 -3.679800 
57 -3.738200 
58 -3.814300 
59 -3.910600 
60 -4.028500 
61 -4.169300 
62 -4.333300 
63 -4.519900 
64 -4.727100 
65 -4.951200 
66 -5.186200 
67 -5.422300 
68 -5.644900 
69 -5.833400 
70 -5.962600 
71 -6.008900 
72 -5.951100 
73 -5.780600 
74 -5.506400 
75 -5.144100 
76 -4.714600 
77 -4.243000 
78 -3.757900 
79 -3.295400 
80 -2.919200 
81 -2.762300 
82 -2.942600 
83 -3.360500 
84 -3.893400 
85 -4.490000 
86 -5.129300 
87 -5.799900 
88 -6.492400 
89 -7.194200 
90 -7.868600 
91 -8.273900 

1 -4.455000 
2 -4.948500 
3 -5.710000 
4 -6.468300 
5 -7.171700 
6 -7.792200 
7 -8.186800 
8 -8.221700 
9 -8.249600 
10 -8.267600 
11 -8.273900 
12 -7.868600 
13 -7.194200 
14 -6.492400 
15 -6.425400 
16 -6.206200 
17 -5.378600 
18 -4.613500 
19 -3.956500 
20 -3.457300 
21 -3.159700 
22 -3.080800 
23 -3.295400 
24 -3.757900 
25 -4.243000 
26 -4.714600 
27 -5.144100 
28 -5.506400 
29 -5.780600 
30 -5.951100 
31 -6.008900 
32 -6.017000 
33 -6.040500 
34 -6.077500 
35 -6.125000 
36 -6.178500 
37 -6.233200 
38 -6.283500 
39 -6.324100 
40 -6.350500 
41 -6.359700 
42 -6.252500 
43 -5.963600 
44 -5.564300 
45 -5.124800 
46 -4.696600 
47 -4.313700 
48 -4.160500 
49 -4.315600 
50 -4.418700 
51 -4.455000 
52 -4.406600 
53 -4.266200 
54 -4.047200 
55 -3.768400 
56 -3.847800 
57 -3.965100 
58 -4.100700 
59 -4.253000 
60 -4.419700 
61 -4.598300 
62 -4.785600 
63 -4.977700 
64 -5.170100 
65 -5.357300 
66 -5.533200 
67 -5.691000 
68 -5.823700 
69 -5.924400 
70 -5.987500 
71 -6.008900 
72 -5.951100 
73 -5.780600 
74 -5.506400 
75 -5.144100 
76 -4.714600 
77 -4.243000 
78 -3.757900 
79 -3.295400 
80 -3.080800 
81 -3.159700 
82 -3.457300 
83 -3.956500 
84 -4.613500 
85 -5.378600 
86 -6.206200 
87 -6.425400 
88 -6.492400 
89 -7.194200 
90 -7.868600 
91 -8.273900 

1 -8.029100 
2 -8.034800 
3 -8.051500 
4 -8.077800 
5 -8.111300 
6 -7.792200 
7 -8.312800 
8 -8.724800 
9 -9.023300 
10 -9.204600 
11 -9.265500 
12 -9.079400 
13 -8.575900 
14 -7.867200 
15 -7.054400 
16 -7.054800 
17 -7.764100 
18 -8.522500 
19 -9.279700 
20 -9.956400 
21 -10.450500 
22 -10.704200 
23 -10.760900 
24 -10.708100 
25 -10.614000 
26 -10.520700 
27 -10.454000 
28 -10.429100 
29 -10.448100 
30 -10.490800 
31 -10.513800 
32 -10.236300 
33 -9.594700 
34 -8.857400 
35 -8.183500 
36 -7.682200 
37 -7.453900 
38 -7.572800 
39 -8.021400 
40 -8.621500 
41 -8.945500 
42 -8.939400 
43 -8.917400 
44 -8.868100 
45 -8.773400 
46 -8.618400 
47 -8.413000 
48 -8.207900 
49 -8.070700 
50 -8.028000 
51 -8.029100 
52 -8.026300 
53 -8.024000 
54 -8.034800 
55 -8.071000 
56 -8.139300 
57 -8.241500 
58 -8.376100 
59 -8.539900 
60 -8.728700 
61 -8.937500 
62 -9.160600 
63 -9.391000 
64 -9.620500 
65 -9.839700 
66 -9.982200 
67 -10.084500 
68 -10.209800 
69 -10.348000 
70 -10.465800 
71 -10.513800 
72 -10.490800 
73 -10.448100 
74 -10.429100 
75 -10.454000 
76 -10.520700 
77 -10.614000 
78 -10.708100 
79 -10.760900 
80 -10.704200 
81 -10.450500 
82 -9.956400 
83 -9.279700 
84 -8.522500 
85 -7.764100 
86 -7.054800 
87 -7.054400 
88 -7.867200 
89 -8.575900 
90 -9.079400 
91 -9.265500 

1 -11.444000 
2 -11.034000 
3 -10.199700 
4 -9.276100 
5 -8.367700 
6 -8.148800 
7 -8.312800 
8 -8.724800 
9 -9.023300 
10 -9.204600 
11 -9.265500 
12 -9.671100 
13 -10.342400 
14 -11.022800 
15 -11.647000 
22 -11.910900 
23 -11.666200 
24 -11.431400 
25 -11.213500 
26 -11.017000 
27 -10.846400 
28 -10.706100 
29 -10.601100 
30 -10.535900 
31 -10.513800 
32 -10.670300 
33 -11.075500 
34 -11.607700 
36 -11.383700 
37 -10.681600 
38 -10.112800 
39 -9.691900 
40 -9.432500 
41 -9.344800 
42 -9.479600 
43 -9.860800 
44 -10.427200 
45 -11.092700 
46 -11.617300 
47 -11.342000 
48 -11.270400 
49 -11.404700 
50 -11.508700 
51 -11.444000 
52 -11.466900 
53 -11.308100 
54 -10.911500 
55 -10.537500 
56 -10.228500 
57 -9.993000 
58 -9.829400 
59 -9.731100 
60 -9.688000 
61 -9.687900 
62 -9.718400 
63 -9.768200 
64 -9.829200 
65 -9.899300 
66 -10.038800 
67 -10.208900 
68 -10.343200 
69 -10.438700 
70 -10.495100 
71 -10.513800 
72 -10.535900 
73 -10.601100 
74 -10.706100 
75 -10.846400 
76 -11.017000 
77 -11.213500 
78 -11.431400 
79 -11.666200 
80 -11.910900 
87 -11.647000 
88 -11.022800 
89 -10.342400 
90 -9.671100 
91 -9.265500 

6 -11.963400 
7 -11.782500 
8 -11.431900 
9 -10.838300 
10 -9.991600 
11 -9.265500 
12 -9.671100 
13 -10.342400 
14 -11.022800 
15 -11.647000 
22 -11.910900 
23 -11.666200 
24 -11.431400 
25 -11.213500 
26 -11.017000 
27 -10.846400 
28 -10.706100 
29 -10.601100 
30 -10.535900 
31 -10.513800 
32 -10.670300 
33 -11.075500 
34 -11.607700 
46 -11.758400 
48 -11.946000 
49 -11.689500 
50 -11.749200 
52 -11.871600 
53 -11.749100 
54 -11.933000 
67 -11.643700 
68 -11.184900 
69 -10.826200 
70 -10.594400 
71 -10.513800 
72 -10.535900 
73 -10.601100 
74 -10.706100 
75 -10.846400 
76 -11.017000 
77 -11.213500 
78 -11.431400 
79 -11.666200 
80 -11.910900 
87 -11.647000 
88 -11.022800 
89 -10.342400 
90 -9.671100 
91 -9.265500 












