1 0.427700 
2 0.468600 
3 0.576400 
4 0.720300 
5 0.873900 
6 1.019900 
7 1.148100 
8 1.252200 
9 1.328700 
10 1.375400 
11 1.391000 
12 1.418200 
13 1.501000 
14 1.641500 
15 1.837500 
16 2.080800 
17 2.358200 
18 2.655600 
19 2.960600 
20 3.263200 
21 3.555800 
22 3.832400 
23 4.088600 
24 4.321100 
25 4.527000 
26 4.704400 
27 4.851600 
28 4.967400 
29 5.050700 
30 5.100900 
31 5.117700 
32 5.105100 
33 5.067400 
34 5.005000 
35 4.918200 
36 4.808000 
37 4.675100 
38 4.520900 
39 4.346900 
40 4.155000 
41 3.947600 
42 3.727400 
43 3.498000 
44 3.263800 
45 3.030200 
46 2.804000 
47 2.593600 
48 2.409300 
49 2.263500 
50 2.168800 
51 2.135900 
52 2.108500 
53 2.026900 
54 1.893600 
55 1.712600 
56 1.491200 
57 1.241300 
58 0.983200 
59 0.753200 
60 0.632200 
61 0.697400 
62 0.568900 
63 0.754500 
64 1.020000 
65 1.330400 
66 1.668400 
67 2.020100 
68 2.375100 
69 2.725400 
70 3.065000 
71 3.389100 
72 3.693700 
73 3.975600 
74 4.231500 
75 4.459100 
76 4.655800 
77 4.819700 
78 4.949000 
79 5.042400 
80 5.098800 
81 5.117700 
82 5.105100 
83 5.067400 
84 5.005000 
85 4.918200 
86 4.808000 
87 4.675100 
88 4.520900 
89 4.346900 
90 4.155000 
91 3.947600 
92 3.727400 
93 3.498000 
94 3.263800 
95 3.030200 
96 2.804000 
97 2.593600 
98 2.409300 
99 2.263500 
100 2.168800 
101 2.135900 

1 -0.158500 
2 -0.062600 
3 0.025500 
4 0.104700 
5 0.174300 
6 0.233700 
7 0.282600 
8 0.320800 
9 0.348200 
10 0.364600 
11 0.370100 
12 0.360800 
13 0.333200 
14 0.287300 
15 0.223500 
16 0.142300 
17 0.044300 
18 -0.069500 
19 -0.198000 
20 -0.339700 
21 -0.492900 
22 -0.655100 
23 -0.823500 
24 -0.994300 
25 -1.163000 
26 -1.324100 
27 -1.471100 
28 -1.596600 
29 -1.693300 
30 -1.754600 
31 -1.775500 
32 -1.760200 
33 -1.715400 
34 -1.643700 
35 -1.549500 
36 -1.437400 
37 -1.312500 
38 -1.179100 
39 -1.041300 
40 -0.902500 
41 -0.765300 
42 -0.631700 
43 -0.503400 
44 -0.381400 
45 -0.266900 
46 -0.160700 
47 -0.064500 
48 0.019200 
49 0.085900 
50 0.129800 
51 0.145300 
52 0.153400 
53 0.176400 
54 0.211600 
55 0.254800 
56 0.302000 
57 0.349900 
58 0.397600 
59 0.444200 
60 0.458900 
61 0.396500 
62 0.469900 
63 0.285300 
64 0.070300 
65 -0.153600 
66 -0.306200 
67 -0.319200 
68 -0.354600 
69 -0.412500 
70 -0.492300 
71 -0.592900 
72 -0.712300 
73 -0.847700 
74 -0.995200 
75 -1.149800 
76 -1.304900 
77 -1.452400 
78 -1.582700 
79 -1.686000 
80 -1.752500 
81 -1.775500 
82 -1.760200 
83 -1.715400 
84 -1.643700 
85 -1.549500 
86 -1.437400 
87 -1.312500 
88 -1.179100 
89 -1.041300 
90 -0.902500 
91 -0.765300 
92 -0.631700 
93 -0.503400 
94 -0.381400 
95 -0.266900 
96 -0.160700 
97 -0.064500 
98 0.019200 
99 0.085900 
100 0.129800 
101 0.145300 

1 -0.158500 
2 -0.261000 
3 -0.368100 
4 -0.477500 
5 -0.586200 
6 -0.690600 
7 -0.786300 
8 -0.868300 
9 -0.931800 
10 -0.972000 
11 -0.985800 
12 -0.969900 
13 -0.933200 
14 -0.900900 
15 -0.897000 
16 -0.935000 
17 -1.017900 
18 -1.142300 
19 -1.302300 
20 -1.491100 
21 -1.702100 
22 -1.928400 
23 -2.162600 
24 -2.194200 
25 -2.082000 
26 -1.987600 
27 -1.910900 
28 -1.851500 
29 -1.809200 
30 -1.784000 
31 -1.775500 
32 -1.781600 
33 -1.799300 
34 -1.827300 
35 -1.863300 
36 -1.903500 
37 -1.942800 
38 -1.974900 
39 -1.993500 
40 -1.994700 
41 -1.977900 
42 -1.946500 
43 -1.905200 
44 -1.859200 
45 -1.812600 
46 -1.768700 
47 -1.730000 
48 -1.698400 
49 -1.674900 
50 -1.660500 
51 -1.655700 
52 -1.621800 
53 -1.525100 
54 -1.378500 
55 -1.199400 
56 -1.006400 
57 -0.818000 
58 -0.654400 
59 -0.540600 
60 -0.502700 
61 -0.537000 
62 -0.458500 
63 -0.393400 
64 -0.344800 
65 -0.315100 
66 -0.382600 
67 -0.613800 
68 -0.843400 
69 -1.067100 
70 -1.279600 
71 -1.474000 
72 -1.642600 
73 -1.776600 
74 -1.867900 
75 -1.912600 
76 -1.915100 
77 -1.888300 
78 -1.848900 
79 -1.811100 
80 -1.784500 
81 -1.775500 
82 -1.781600 
83 -1.799300 
84 -1.827300 
85 -1.863300 
86 -1.903500 
87 -1.942800 
88 -1.974900 
89 -1.993500 
90 -1.994700 
91 -1.977900 
92 -1.946500 
93 -1.905200 
94 -1.859200 
95 -1.812600 
96 -1.768700 
97 -1.730000 
98 -1.698400 
99 -1.674900 
100 -1.660500 
101 -1.655700 

1 -1.730000 
2 -1.800200 
3 -1.995400 
4 -2.283500 
5 -2.635300 
6 -3.028800 
7 -3.444600 
8 -3.857700 
9 -4.221800 
10 -4.461600 
11 -4.537900 
12 -4.529200 
13 -4.503500 
14 -4.284400 
15 -4.011900 
16 -3.745100 
17 -3.490600 
18 -3.251600 
19 -3.029700 
20 -2.825800 
21 -2.640200 
22 -2.473100 
23 -2.324500 
24 -2.194200 
25 -2.082000 
26 -1.987600 
27 -1.910900 
28 -1.851500 
29 -1.809200 
30 -1.784000 
31 -1.775500 
32 -1.781600 
33 -1.799300 
34 -1.827300 
35 -1.863300 
36 -1.903500 
37 -1.942800 
38 -1.974900 
39 -1.993500 
40 -1.994700 
41 -1.977900 
42 -1.946500 
43 -1.905200 
44 -1.859200 
45 -1.812600 
46 -1.768700 
47 -1.730000 
48 -1.698400 
49 -1.674900 
50 -1.660500 
51 -1.655700 
52 -1.676400 
53 -1.738100 
54 -1.839500 
55 -1.978300 
56 -2.150800 
57 -2.351200 
58 -2.570300 
59 -2.793900 
60 -3.000500 
61 -3.164100 
62 -2.974300 
63 -2.810500 
64 -2.673900 
65 -2.565400 
66 -2.485300 
67 -2.433500 
68 -2.409700 
69 -2.413000 
70 -2.442200 
71 -2.495400 
72 -2.463900 
73 -2.325700 
74 -2.200900 
75 -2.090700 
76 -1.995900 
77 -1.917400 
78 -1.855700 
79 -1.811300 
80 -1.784900 
81 -1.775500 
82 -1.781600 
83 -1.799300 
84 -1.827300 
85 -1.863300 
86 -1.903500 
87 -1.942800 
88 -1.974900 
89 -1.993500 
90 -1.994700 
91 -1.977900 
92 -1.946500 
93 -1.905200 
94 -1.859200 
95 -1.812600 
96 -1.768700 
97 -1.730000 
98 -1.698400 
99 -1.674900 
100 -1.660500 
101 -1.655700 

1 -4.862700 
2 -4.862500 
3 -4.862200 
4 -4.861700 
5 -4.861100 
6 -4.860400 
7 -4.859700 
8 -4.859000 
9 -4.858500 
10 -4.858200 
11 -4.858100 
12 -4.765300 
13 -4.547900 
14 -4.284400 
15 -4.011900 
16 -3.745100 
17 -3.490600 
18 -3.251600 
19 -3.029700 
20 -2.825800 
21 -2.640200 
22 -2.473100 
23 -2.324500 
24 -2.397000 
25 -2.623300 
26 -2.833000 
27 -3.017800 
28 -3.170200 
29 -3.283600 
30 -3.353600 
31 -3.377200 
32 -3.370600 
33 -3.351800 
34 -3.323500 
35 -3.290000 
36 -3.257400 
37 -3.233300 
38 -3.226300 
39 -3.244600 
40 -3.293600 
41 -3.374500 
42 -3.483800 
43 -3.615600 
44 -3.762800 
45 -3.917800 
46 -4.072600 
47 -4.218500 
48 -4.346400 
49 -4.446800 
50 -4.511100 
51 -4.533300 
52 -4.524800 
53 -4.500000 
54 -4.461400 
55 -4.413100 
56 -4.360300 
57 -4.191600 
58 -3.957500 
59 -3.755300 
60 -3.626400 
61 -3.616700 
62 -3.582000 
63 -3.669800 
64 -3.848900 
65 -3.669200 
66 -3.486300 
67 -3.302800 
68 -3.121600 
69 -2.945000 
70 -2.775200 
71 -2.614300 
72 -2.570100 
73 -2.663400 
74 -2.770900 
75 -2.887700 
76 -3.007400 
77 -3.122700 
78 -3.225300 
79 -3.306600 
80 -3.359100 
81 -3.377200 
82 -3.370600 
83 -3.351800 
84 -3.323500 
85 -3.290000 
86 -3.257400 
87 -3.233300 
88 -3.226300 
89 -3.244600 
90 -3.293600 
91 -3.374500 
92 -3.483800 
93 -3.615600 
94 -3.762800 
95 -3.917800 
96 -4.072600 
97 -4.218500 
98 -4.346400 
99 -4.446800 
100 -4.511100 
101 -4.533300 

1 -5.058700 
2 -5.058300 
3 -5.057100 
4 -5.056100 
5 -5.056700 
6 -5.061900 
7 -5.077100 
8 -5.015000 
9 -4.930200 
10 -4.876500 
11 -4.858100 
12 -4.765300 
13 -4.547900 
14 -4.461800 
15 -4.405900 
16 -4.337800 
17 -4.260000 
18 -4.175200 
19 -4.085900 
20 -3.994600 
21 -3.903800 
22 -3.815500 
23 -3.731700 
24 -3.654100 
25 -3.584000 
26 -3.522800 
27 -3.471400 
28 -3.430600 
29 -3.401100 
30 -3.383200 
31 -3.377200 
32 -3.370600 
33 -3.351800 
34 -3.323500 
35 -3.290000 
36 -3.257400 
37 -3.233300 
38 -3.226300 
39 -3.244600 
40 -3.293600 
41 -3.374500 
42 -3.483800 
43 -3.615600 
44 -3.762800 
45 -3.917800 
46 -4.072600 
47 -4.218600 
48 -4.346400 
49 -4.446800 
50 -4.511100 
51 -4.533300 
52 -4.551200 
53 -4.597900 
54 -4.639900 
55 -4.590900 
56 -4.419600 
57 -4.309500 
58 -4.269200 
59 -4.250600 
60 -4.268800 
61 -4.338200 
62 -4.186300 
63 -4.022300 
64 -3.866100 
65 -4.142100 
66 -4.450300 
67 -4.706200 
68 -4.791400 
69 -4.682200 
70 -4.468200 
71 -4.222400 
72 -3.982900 
73 -3.771800 
74 -3.603400 
75 -3.485100 
76 -3.414900 
77 -3.381900 
78 -3.371900 
79 -3.372500 
80 -3.375700 
81 -3.377200 
82 -3.370600 
83 -3.351800 
84 -3.323500 
85 -3.290000 
86 -3.257400 
87 -3.233300 
88 -3.226300 
89 -3.244600 
90 -3.293600 
91 -3.374500 
92 -3.483800 
93 -3.615600 
94 -3.762800 
95 -3.917800 
96 -4.072600 
97 -4.218600 
98 -4.346400 
99 -4.446800 
100 -4.511100 
101 -4.533300 

1 -5.900600 
2 -5.790600 
3 -5.665300 
4 -5.529500 
5 -5.389500 
6 -5.252100 
7 -5.124700 
8 -5.115000 
9 -5.206000 
10 -5.389500 
11 -5.547300 
12 -5.628600 
13 -5.862700 
14 -6.225900 
15 -6.690900 
16 -7.234000 
17 -7.836200 
18 -8.481900 
19 -9.048900 
20 -9.483700 
21 -9.894400 
22 -10.232300 
23 -10.197800 
24 -10.162000 
25 -9.769900 
26 -9.415400 
27 -9.107500 
28 -8.855100 
29 -8.666800 
30 -8.550400 
31 -8.510900 
32 -8.540500 
33 -8.627500 
34 -8.766500 
35 -8.947600 
36 -9.146500 
37 -9.183600 
38 -8.882800 
39 -8.537400 
40 -8.188700 
41 -7.840700 
42 -7.494000 
43 -7.149600 
44 -6.810800 
45 -6.483900 
46 -6.177900 
47 -5.904000 
48 -5.674100 
49 -5.499800 
50 -5.390800 
51 -5.353600 
52 -5.325200 
53 -5.249200 
54 -5.166000 
55 -5.170500 
56 -5.303300 
57 -5.508700 
58 -5.746500 
59 -5.984600 
60 -6.157000 
61 -6.102000 
62 -6.436300 
63 -6.792400 
64 -6.831000 
65 -6.635200 
66 -6.454500 
67 -6.365700 
68 -6.480100 
69 -6.812100 
70 -7.257000 
71 -7.721700 
72 -8.151100 
73 -8.527500 
74 -8.865100 
75 -9.190100 
76 -9.469900 
77 -9.157000 
78 -8.889800 
79 -8.684600 
80 -8.555200 
81 -8.510900 
82 -8.540500 
83 -8.627500 
84 -8.766500 
85 -8.947600 
86 -9.146500 
87 -9.183600 
88 -8.882800 
89 -8.537400 
90 -8.188700 
91 -7.840700 
92 -7.494000 
93 -7.149600 
94 -6.810800 
95 -6.483900 
96 -6.177900 
97 -5.904000 
98 -5.674100 
99 -5.499800 
100 -5.390800 
101 -5.353600 

1 -5.900600 
2 -5.992100 
3 -6.063200 
4 -6.114500 
5 -6.147800 
6 -6.166300 
7 -6.174000 
8 -6.174900 
9 -6.172700 
10 -6.170100 
11 -6.169100 
12 -6.279900 
13 -6.551400 
14 -6.904100 
15 -7.299600 
16 -7.720800 
17 -8.158100 
18 -8.603500 
19 -9.048900 
20 -9.483700 
21 -9.894400 
22 -10.263000 
23 -10.569400 
24 -10.184600 
25 -10.211900 
26 -10.286600 
27 -10.409400 
28 -10.573300 
29 -10.757600 
30 -10.917700 
31 -10.984700 
32 -10.895600 
33 -10.664900 
34 -10.356600 
35 -10.016400 
36 -9.679700 
37 -9.520700 
38 -9.694800 
39 -9.869300 
40 -9.946300 
41 -9.880000 
42 -9.689900 
43 -9.436300 
44 -9.171000 
45 -8.923600 
46 -8.708800 
47 -8.532100 
48 -8.395500 
49 -8.298600 
50 -8.240900 
51 -8.221700 
52 -8.290900 
53 -8.489100 
54 -8.783900 
55 -9.067500 
56 -8.995900 
57 -8.633600 
58 -8.191100 
59 -7.736000 
60 -7.349600 
61 -7.205900 
62 -7.133000 
63 -7.003700 
64 -7.166200 
65 -7.554200 
66 -7.952900 
67 -8.358400 
68 -8.765900 
69 -9.169200 
70 -9.559200 
71 -9.921500 
72 -10.227200 
73 -10.365900 
74 -10.148300 
75 -9.810000 
76 -9.522700 
77 -9.871800 
78 -10.233100 
79 -10.583800 
80 -10.867800 
81 -10.984700 
82 -10.895600 
83 -10.664900 
84 -10.356600 
85 -10.016400 
86 -9.679700 
87 -9.520700 
88 -9.694800 
89 -9.869300 
90 -9.946300 
91 -9.880000 
92 -9.689900 
93 -9.436300 
94 -9.171000 
95 -8.923600 
96 -8.708800 
97 -8.532100 
98 -8.395500 
99 -8.298600 
100 -8.240900 
101 -8.221700 

1 -8.568300 
2 -8.545000 
3 -8.473000 
4 -8.346500 
5 -8.158200 
6 -7.902900 
7 -7.582000 
8 -7.206000 
9 -6.796300 
10 -6.396200 
11 -6.169100 
12 -6.279900 
13 -6.551400 
14 -6.904100 
15 -7.299600 
16 -7.720800 
17 -8.158100 
18 -8.603500 
19 -9.152900 
20 -9.802200 
21 -10.201600 
22 -10.263000 
23 -10.569400 
24 -10.796500 
25 -10.939700 
26 -11.010200 
27 -11.030200 
28 -11.022500 
29 -11.005200 
30 -10.990300 
31 -10.984700 
32 -11.008700 
33 -11.080100 
34 -11.196400 
35 -11.353800 
36 -11.546800 
37 -11.767400 
44 -11.818800 
45 -11.483800 
46 -11.163200 
47 -10.875100 
48 -10.633600 
49 -10.450800 
50 -10.336400 
51 -10.297500 
52 -10.252300 
53 -10.121700 
54 -9.925700 
55 -9.756200 
56 -9.924000 
57 -9.715600 
58 -9.455700 
59 -9.153700 
60 -8.825900 
61 -8.495400 
62 -8.986500 
63 -9.490500 
64 -10.004700 
65 -10.527200 
66 -10.596200 
67 -10.413600 
68 -10.298400 
69 -10.266600 
70 -10.339900 
71 -10.545600 
72 -10.906800 
73 -10.830500 
74 -10.878100 
75 -10.979600 
76 -11.033600 
77 -11.044000 
78 -11.029800 
79 -11.008200 
80 -10.991100 
81 -10.984700 
82 -11.008700 
83 -11.080100 
84 -11.196400 
85 -11.353800 
86 -11.546800 
87 -11.767400 
94 -11.818800 
95 -11.483800 
96 -11.163200 
97 -10.875100 
98 -10.633600 
99 -10.450800 
100 -10.336400 
101 -10.297500 

11 -11.980100 
12 -11.950200 
13 -11.864100 
14 -11.731200 
15 -11.564100 
16 -11.376800 
17 -11.182800 
18 -10.995900 
19 -10.833900 
20 -10.744600 
21 -10.957100 
22 -11.025200 
23 -10.583200 
24 -10.796500 
25 -10.939700 
26 -11.010200 
27 -11.030200 
28 -11.022500 
29 -11.005200 
30 -10.990300 
31 -10.984700 
32 -11.008700 
33 -11.080100 
34 -11.196400 
35 -11.353800 
36 -11.546800 
37 -11.767400 
44 -11.818800 
45 -11.483800 
46 -11.163200 
47 -10.875100 
48 -10.633600 
49 -10.450800 
50 -10.336400 
51 -10.297500 
52 -10.286700 
53 -10.251600 
54 -10.185500 
55 -10.079100 
56 -9.940200 
57 -10.396900 
58 -10.899700 
59 -11.368200 
60 -11.742600 
61 -11.978400 
62 -11.710100 
63 -11.410200 
64 -11.110100 
65 -10.833000 
66 -11.055900 
67 -11.589200 
70 -11.819400 
71 -11.434500 
72 -11.074200 
73 -11.424500 
77 -11.759700 
78 -11.430000 
79 -11.185800 
80 -11.035500 
81 -10.984700 
82 -11.008700 
83 -11.080100 
84 -11.196400 
85 -11.353800 
86 -11.546800 
87 -11.767400 
94 -11.818800 
95 -11.483800 
96 -11.163200 
97 -10.875100 
98 -10.633600 
99 -10.450800 
100 -10.336400 
101 -10.297500 

20 -11.936700 
21 -11.479300 
22 -11.590900 








































