1 24.696500 
2 24.694700 
3 24.689300 
4 24.680900 
5 24.670300 
6 24.658500 
7 24.646700 
8 24.636000 
9 24.627400 
10 24.621900 
11 24.620000 
12 24.618000 
13 24.611800 
14 24.601500 
15 24.587100 
16 24.568700 
17 24.546400 
18 24.520400 
19 24.491000 
20 24.458600 
21 24.423600 
22 24.387000 
23 24.349400 
24 24.312000 
25 24.275900 
26 24.242500 
27 24.212800 
28 24.188300 
29 24.169800 
30 24.158400 
31 24.154600 
32 24.170800 
33 24.217600 
34 24.289600 
35 24.378900 
36 24.476200 
37 24.571800 
38 24.656500 
39 24.722900 
40 24.765000 
41 24.779500 
42 24.777500 
43 24.771700 
44 24.762600 
45 24.751100 
46 24.738300 
47 24.725400 
48 24.713800 
49 24.704500 
50 24.698600 
51 24.696500 
52 24.693800 
53 24.685500 
54 24.671800 
55 24.652900 
56 24.628900 
57 24.600300 
58 24.567500 
59 24.531000 
60 24.491600 
61 24.450000 
62 24.407300 
63 24.364400 
64 24.322500 
65 24.282900 
66 24.246700 
67 24.215200 
68 24.189400 
69 24.170300 
70 24.158600 
71 24.154600 
72 24.158400 
73 24.169800 
74 24.188300 
75 24.212800 
76 24.242500 
77 24.275900 
78 24.312000 
79 24.349400 
80 24.387000 
81 24.423600 
82 24.458600 
83 24.491000 
84 24.520400 
85 24.546400 
86 24.568700 
87 24.587100 
88 24.601500 
89 24.611800 
90 24.618000 
91 24.620000 

1 24.696500 
2 24.694700 
3 24.689300 
4 24.680900 
5 24.670300 
6 24.658500 
7 24.646700 
8 24.636000 
9 24.627400 
10 24.621900 
11 24.620000 
12 24.617500 
13 24.609800 
14 24.597100 
15 24.579600 
16 24.557800 
17 24.531800 
18 24.502400 
19 24.470000 
20 24.435400 
21 24.399400 
22 24.362800 
23 24.326500 
24 24.291400 
25 24.258600 
26 24.229000 
27 24.203300 
28 24.182500 
29 24.167200 
30 24.157800 
31 24.154600 
32 24.153200 
33 24.149300 
34 24.143200 
35 24.135500 
36 24.126900 
37 24.118400 
38 24.110600 
39 24.104400 
40 24.100500 
41 24.099100 
42 24.114500 
43 24.159100 
44 24.227700 
45 24.313000 
46 24.406000 
47 24.497400 
48 24.578600 
49 24.642200 
50 24.682700 
51 24.696500 
52 24.693400 
53 24.683900 
54 24.668400 
55 24.647100 
56 24.620500 
57 24.589300 
58 24.554000 
59 24.515500 
60 24.474700 
61 24.432500 
62 24.390000 
63 24.348200 
64 24.308100 
65 24.270900 
66 24.237500 
67 24.208800 
68 24.185600 
69 24.168500 
70 24.158100 
71 24.154600 
72 24.157800 
73 24.167200 
74 24.182500 
75 24.203300 
76 24.229000 
77 24.258600 
78 24.291400 
79 24.326500 
80 24.362800 
81 24.399400 
82 24.435400 
83 24.470000 
84 24.502400 
85 24.531800 
86 24.557800 
87 24.579600 
88 24.597100 
89 24.609800 
90 24.617500 
91 24.620000 

1 24.046300 
2 24.061000 
3 24.103700 
4 24.169500 
5 24.251300 
6 24.340500 
7 24.428400 
8 24.506500 
9 24.567700 
10 24.606700 
11 24.620000 
12 24.617500 
13 24.609800 
14 24.597100 
15 24.579600 
16 24.557800 
17 24.531800 
18 24.502400 
19 24.470000 
20 24.435400 
21 24.399400 
22 24.362800 
23 24.326500 
24 24.291400 
25 24.258600 
26 24.229000 
27 24.203300 
28 24.182500 
29 24.167200 
30 24.157800 
31 24.154600 
32 24.153200 
33 24.149300 
34 24.143200 
35 24.135500 
36 24.126900 
37 24.118400 
38 24.110600 
39 24.104400 
40 24.100500 
41 24.099100 
42 24.097800 
43 24.094100 
44 24.088300 
45 24.080900 
46 24.072800 
47 24.064600 
48 24.057200 
49 24.051300 
50 24.047600 
51 24.046300 
52 24.046900 
53 24.048900 
54 24.052100 
55 24.056400 
56 24.061900 
57 24.068300 
58 24.075500 
59 24.083300 
60 24.091500 
61 24.100000 
62 24.108400 
63 24.116700 
64 24.124600 
65 24.132000 
66 24.138500 
67 24.144100 
68 24.148600 
69 24.151900 
70 24.153900 
71 24.154600 
72 24.157800 
73 24.167200 
74 24.182500 
75 24.203300 
76 24.229000 
77 24.258600 
78 24.291400 
79 24.326500 
80 24.362800 
81 24.399400 
82 24.435400 
83 24.470000 
84 24.502400 
85 24.531800 
86 24.557800 
87 24.579600 
88 24.597100 
89 24.609800 
90 24.617500 
91 24.620000 

1 1.761100 
2 1.738000 
3 1.669700 
4 1.558700 
5 1.410300 
6 1.232300 
7 1.037000 
8 0.842000 
9 0.671100 
10 0.551900 
11 0.508800 
12 0.522300 
13 0.560000 
14 0.615800 
15 0.683900 
16 0.763600 
17 0.862900 
18 1.000500 
19 1.202400 
20 1.489000 
21 1.858700 
22 2.286700 
23 2.739100 
24 3.185700 
25 3.604000 
26 3.977900 
27 4.296200 
28 4.551100 
29 4.736700 
30 4.849600 
31 4.887400 
32 4.837200 
33 4.689900 
34 4.455600 
35 4.148700 
36 3.787200 
37 3.390900 
38 2.984300 
39 2.602600 
40 2.306800 
41 2.189500 
42 2.128800 
43 1.954600 
44 1.689200 
45 1.368100 
46 1.032800 
47 1.223600 
48 1.447900 
49 1.618600 
50 1.725000 
51 1.761100 
52 1.743200 
53 1.692200 
54 1.618400 
55 1.545500 
56 1.521800 
57 1.606400 
58 1.808600 
59 2.089200 
60 2.411900 
61 2.752600 
62 3.095400 
63 3.428100 
64 3.741400 
65 4.027300 
66 4.279500 
67 4.492900 
68 4.663100 
69 4.787000 
70 4.862200 
71 4.887400 
72 4.849600 
73 4.736700 
74 4.551100 
75 4.296200 
76 3.977900 
77 3.604000 
78 3.185700 
79 2.739100 
80 2.286700 
81 1.858700 
82 1.489000 
83 1.202400 
84 1.000500 
85 0.862900 
86 0.763600 
87 0.683900 
88 0.615800 
89 0.560000 
90 0.522300 
91 0.508800 

1 0.065200 
2 -0.029400 
3 -0.311000 
4 -0.772900 
5 -1.088600 
6 -0.618800 
7 -0.222300 
8 0.093400 
9 0.322800 
10 0.462100 
11 0.508800 
12 0.483400 
13 0.407700 
14 0.282900 
15 0.111700 
16 -0.102000 
17 -0.350800 
18 -0.621300 
19 -0.885100 
20 -1.079500 
21 -1.107900 
22 -0.953800 
23 -0.709200 
24 -0.445700 
25 -0.195400 
26 0.027500 
27 0.215700 
28 0.365200 
29 0.473400 
30 0.538900 
31 0.560900 
32 0.545700 
33 0.501000 
34 0.429700 
35 0.336800 
36 0.229200 
37 0.116400 
38 0.009600 
39 -0.079000 
40 -0.078100 
41 -0.001200 
42 0.050300 
43 0.197200 
44 0.418400 
45 0.683800 
46 0.961500 
47 0.718900 
48 0.450300 
49 0.243000 
50 0.110800 
51 0.065200 
52 0.088000 
53 0.153900 
54 0.253100 
55 0.362500 
56 0.435200 
57 0.415000 
58 0.300100 
59 0.144800 
60 0.009600 
61 -0.061200 
62 -0.056200 
63 0.005800 
64 0.098400 
65 0.201100 
66 0.301000 
67 0.389800 
68 0.462800 
69 0.516700 
70 0.549700 
71 0.560900 
72 0.538900 
73 0.473400 
74 0.365200 
75 0.215700 
76 0.027500 
77 -0.195400 
78 -0.445700 
79 -0.709200 
80 -0.953800 
81 -1.107900 
82 -1.079500 
83 -0.885100 
84 -0.621300 
85 -0.350800 
86 -0.102000 
87 0.111700 
88 0.282900 
89 0.407700 
90 0.483400 
91 0.508800 

1 -3.471300 
2 -2.834400 
3 -2.209000 
4 -1.622500 
5 -1.088600 
6 -0.618800 
7 -0.222300 
8 0.093400 
9 0.322800 
10 0.462100 
11 0.508800 
12 0.483400 
13 0.407700 
14 0.282900 
15 0.111700 
16 -0.102000 
17 -0.350800 
18 -0.621300 
19 -0.885100 
20 -1.079500 
21 -1.107900 
22 -0.953800 
23 -0.709200 
24 -0.445700 
25 -0.195400 
26 0.027500 
27 0.215700 
28 0.365200 
29 0.473400 
30 0.538900 
31 0.560900 
32 0.517900 
33 0.393900 
34 0.204000 
35 -0.021000 
36 -0.230600 
37 -0.360000 
38 -0.359900 
39 -0.239000 
40 -0.137900 
41 -0.158500 
42 -0.200900 
43 -0.330900 
44 -0.556800 
45 -0.888900 
46 -1.331200 
47 -1.865200 
48 -2.437900 
49 -2.963000 
50 -3.336100 
51 -3.471300 
52 -3.431600 
53 -3.317300 
54 -3.136900 
55 -2.903700 
56 -2.631600 
57 -2.333800 
58 -2.021800 
59 -1.705200 
60 -1.392100 
61 -1.089000 
62 -0.801100 
63 -0.533100 
64 -0.288700 
65 -0.070900 
66 0.117700 
67 0.274900 
68 0.399000 
69 0.488600 
70 0.542700 
71 0.560900 
72 0.538900 
73 0.473400 
74 0.365200 
75 0.215700 
76 0.027500 
77 -0.195400 
78 -0.445700 
79 -0.709200 
80 -0.953800 
81 -1.107900 
82 -1.079500 
83 -0.885100 
84 -0.621300 
85 -0.350800 
86 -0.102000 
87 0.111700 
88 0.282900 
89 0.407700 
90 0.483400 
91 0.508800 

1 -3.471300 
2 -2.834400 
3 -2.209000 
4 -1.622500 
5 -1.404400 
6 -2.190900 
7 -3.114500 
8 -4.152100 
9 -5.272600 
10 -5.641400 
11 -5.538600 
12 -5.616000 
13 -5.843400 
14 -5.631100 
15 -5.031700 
16 -4.462200 
17 -3.930500 
18 -3.449700 
19 -3.001400 
20 -2.732100 
21 -2.648900 
22 -2.731600 
23 -2.947500 
24 -3.264000 
25 -3.651800 
26 -4.082200 
27 -4.523200 
28 -4.936700 
29 -5.278200 
30 -5.504600 
31 -5.583700 
32 -5.468500 
33 -5.167900 
34 -4.769900 
35 -4.346700 
36 -3.944100 
37 -3.589700 
38 -3.300700 
39 -3.087800 
40 -2.957700 
41 -2.913800 
42 -2.915900 
43 -2.927700 
44 -2.959900 
45 -3.018800 
46 -3.102200 
47 -3.201000 
48 -3.302000 
49 -3.389800 
50 -3.449900 
51 -3.471300 
52 -3.431900 
53 -3.318800 
54 -3.149100 
55 -2.943900 
56 -2.725900 
57 -2.517800 
58 -2.344000 
59 -2.234500 
60 -2.225100 
61 -2.345400 
62 -2.596700 
63 -2.951000 
64 -3.371200 
65 -3.823400 
66 -4.276700 
67 -4.701200 
68 -5.067300 
69 -5.348300 
70 -5.524100 
71 -5.583700 
72 -5.504600 
73 -5.278200 
74 -4.936700 
75 -4.523200 
76 -4.082200 
77 -3.651800 
78 -3.264000 
79 -2.947500 
80 -2.731600 
81 -2.648900 
82 -2.732100 
83 -3.001400 
84 -3.449700 
85 -3.930500 
86 -4.462200 
87 -5.031700 
88 -5.631100 
89 -5.843400 
90 -5.616000 
91 -5.538600 

1 -3.494100 
2 -4.135600 
3 -4.773700 
4 -5.378400 
5 -5.933000 
6 -6.424000 
7 -6.841500 
8 -6.404600 
9 -5.939000 
10 -6.428500 
11 -7.473300 
12 -6.893100 
13 -6.253800 
14 -5.631100 
15 -5.031700 
16 -4.462200 
17 -3.930500 
18 -3.449700 
19 -3.046700 
20 -2.781000 
21 -2.745200 
22 -2.949800 
23 -3.294400 
24 -3.697100 
25 -4.112700 
26 -4.512000 
27 -4.871600 
28 -5.171900 
29 -5.397300 
30 -5.536700 
31 -5.583700 
32 -5.468500 
33 -5.167900 
34 -4.769900 
35 -4.346700 
36 -3.944100 
37 -3.589700 
38 -3.300700 
39 -3.087800 
40 -2.957700 
41 -2.913800 
42 -2.926600 
43 -2.963700 
44 -3.022600 
45 -3.098900 
46 -3.186300 
47 -3.277200 
48 -3.362200 
49 -3.432000 
50 -3.478000 
51 -3.494100 
52 -3.497100 
53 -3.506500 
54 -3.523400 
55 -3.549300 
56 -3.586300 
57 -3.636600 
58 -3.702100 
59 -3.785000 
60 -3.886900 
61 -4.008400 
62 -4.150200 
63 -4.311500 
64 -4.490600 
65 -4.684200 
66 -4.886400 
67 -5.088700 
68 -5.278100 
69 -5.437200 
70 -5.545200 
71 -5.583700 
72 -5.536700 
73 -5.397300 
74 -5.171900 
75 -4.871600 
76 -4.512000 
77 -4.112700 
78 -3.697100 
79 -3.294400 
80 -2.949800 
81 -2.745200 
82 -2.781000 
83 -3.046700 
84 -3.449700 
85 -3.930500 
86 -4.462200 
87 -5.031700 
88 -5.631100 
89 -6.253800 
90 -6.893100 
91 -7.473300 

1 -3.494100 
2 -4.135600 
3 -4.773700 
4 -5.378400 
5 -5.933000 
6 -6.424000 
7 -6.841500 
8 -7.177400 
9 -7.424700 
10 -7.468400 
11 -7.473300 
12 -6.893100 
13 -6.253800 
14 -6.206700 
15 -5.494800 
16 -4.743200 
17 -4.045900 
18 -3.450400 
19 -3.046700 
20 -2.781000 
21 -2.745200 
22 -2.949800 
23 -3.294400 
24 -3.697100 
25 -4.112700 
26 -4.512000 
27 -4.871600 
28 -5.171900 
29 -5.397300 
30 -5.536700 
31 -5.583700 
32 -5.590400 
33 -5.610000 
34 -5.640800 
35 -5.680100 
36 -5.724300 
37 -5.769200 
38 -5.810400 
39 -5.843500 
40 -5.865000 
41 -5.872400 
42 -5.784900 
43 -5.546400 
44 -5.212100 
45 -4.838600 
46 -4.470700 
47 -4.139500 
48 -3.865300 
49 -3.661600 
50 -3.536300 
51 -3.494100 
52 -3.504200 
53 -3.534200 
54 -3.583900 
55 -3.652800 
56 -3.739900 
57 -3.844200 
58 -3.964300 
59 -4.098600 
60 -4.244800 
61 -4.400500 
62 -4.562600 
63 -4.727500 
64 -4.891200 
65 -5.049000 
66 -5.195600 
67 -5.325800 
68 -5.434200 
69 -5.515800 
70 -5.566500 
71 -5.583700 
72 -5.536700 
73 -5.397300 
74 -5.171900 
75 -4.871600 
76 -4.512000 
77 -4.112700 
78 -3.697100 
79 -3.294400 
80 -2.949800 
81 -2.745200 
82 -2.781000 
83 -3.046700 
84 -3.450400 
85 -4.045900 
86 -4.743200 
87 -5.494800 
88 -6.206700 
89 -6.253800 
90 -6.893100 
91 -7.473300 

1 -7.278600 
2 -7.283200 
3 -7.296700 
4 -7.317700 
5 -7.344500 
6 -7.374500 
7 -7.005800 
8 -7.177400 
9 -7.424700 
10 -7.576500 
11 -7.627800 
12 -7.435700 
13 -6.930800 
14 -6.248700 
15 -6.689000 
16 -7.264200 
17 -7.902500 
18 -8.560800 
19 -9.173300 
20 -9.651800 
21 -9.928900 
22 -10.017000 
23 -9.985300 
24 -9.900100 
25 -9.806700 
26 -9.735000 
27 -9.706200 
28 -9.734100 
29 -9.817000 
30 -9.919700 
31 -9.969300 
32 -9.685300 
33 -9.043300 
34 -8.319700 
35 -7.666300 
36 -7.180800 
37 -6.941300 
38 -6.989300 
39 -7.282100 
40 -7.657900 
41 -7.841800 
42 -7.842400 
43 -7.841900 
44 -7.835000 
45 -7.811300 
46 -7.757000 
47 -7.660400 
48 -7.528300 
49 -7.396700 
50 -7.307900 
51 -7.278600 
52 -7.293000 
53 -7.335500 
54 -7.405100 
55 -7.500100 
56 -7.619000 
57 -7.760000 
58 -7.921400 
59 -8.100900 
60 -8.295900 
61 -8.502800 
62 -8.717300 
63 -8.933900 
64 -9.132500 
65 -9.199600 
66 -9.292200 
67 -9.417500 
68 -9.576500 
69 -9.754100 
70 -9.906700 
71 -9.969300 
72 -9.919700 
73 -9.817000 
74 -9.734100 
75 -9.706200 
76 -9.735000 
77 -9.806700 
78 -9.900100 
79 -9.985300 
80 -10.017000 
81 -9.928900 
82 -9.651800 
83 -9.173300 
84 -8.560800 
85 -7.902500 
86 -7.264200 
87 -6.689000 
88 -6.248700 
89 -6.930800 
90 -7.435700 
91 -7.627800 

1 -9.949300 
2 -9.953200 
3 -9.963000 
4 -9.296100 
5 -8.487200 
6 -7.710700 
7 -7.404700 
8 -7.432100 
9 -7.454200 
10 -7.576500 
11 -7.627800 
12 -8.211200 
13 -8.856700 
14 -9.479000 
15 -10.053600 
16 -10.548500 
17 -10.927100 
18 -11.162900 
19 -11.256900 
20 -11.237100 
21 -11.141300 
22 -11.001900 
23 -10.842000 
24 -10.676900 
25 -10.516100 
26 -10.366700 
27 -10.234100 
28 -10.123400 
29 -10.039600 
30 -9.987100 
31 -9.969300 
32 -10.107800 
33 -10.475600 
34 -10.978400 
35 -11.536500 
36 -11.720700 
37 -11.053400 
38 -10.513000 
39 -10.113500 
40 -9.867800 
41 -9.784700 
42 -9.897000 
43 -10.214000 
44 -10.682900 
45 -11.229100 
46 -10.730400 
47 -10.265700 
48 -9.989800 
49 -9.892200 
50 -9.915800 
51 -9.949300 
52 -9.926300 
53 -9.846700 
54 -9.710700 
55 -9.547500 
56 -9.388500 
57 -9.253300 
58 -9.151200 
59 -9.083900 
60 -9.048700 
61 -9.040500 
62 -9.053900 
63 -9.084900 
64 -9.146200 
65 -9.346900 
66 -9.528400 
67 -9.683900 
68 -9.808100 
69 -9.897600 
70 -9.951400 
71 -9.969300 
72 -9.987100 
73 -10.039600 
74 -10.123400 
75 -10.234100 
76 -10.366700 
77 -10.516100 
78 -10.676900 
79 -10.842000 
80 -11.001900 
81 -11.141300 
82 -11.237100 
83 -11.256900 
84 -11.162900 
85 -10.927100 
86 -10.548500 
87 -10.053600 
88 -9.479000 
89 -8.856700 
90 -8.211200 
91 -7.627800 

1 -10.966400 
2 -10.705000 
3 -10.075600 
4 -9.973200 
5 -9.973300 
6 -9.944000 
7 -9.852700 
8 -9.642000 
9 -9.224400 
10 -8.521900 
11 -7.627800 
12 -8.211200 
13 -8.856700 
14 -9.479000 
15 -10.053600 
16 -10.548500 
17 -10.927100 
18 -11.162900 
19 -11.256900 
20 -11.237100 
21 -11.141300 
22 -11.001900 
23 -10.842000 
24 -10.676900 
25 -10.516100 
26 -10.366700 
27 -10.234100 
28 -10.123400 
29 -10.039600 
30 -9.987100 
31 -9.969300 
32 -10.107800 
33 -10.475600 
34 -10.978400 
35 -11.536500 
45 -11.357000 
46 -11.708900 
47 -11.648400 
48 -11.399700 
49 -11.173800 
50 -11.020400 
51 -10.966400 
52 -10.996600 
53 -11.109600 
54 -11.324300 
55 -11.614500 
56 -11.928600 
66 -11.464200 
67 -10.978000 
68 -10.565100 
69 -10.245200 
70 -10.040200 
71 -9.969300 
72 -9.987100 
73 -10.039600 
74 -10.123400 
75 -10.234100 
76 -10.366700 
77 -10.516100 
78 -10.676900 
79 -10.842000 
80 -11.001900 
81 -11.141300 
82 -11.237100 
83 -11.256900 
84 -11.162900 
85 -10.927100 
86 -10.548500 
87 -10.053600 
88 -9.479000 
89 -8.856700 
90 -8.211200 
91 -7.627800 














