1 24.742400 
2 24.740800 
3 24.736100 
4 24.728700 
5 24.719500 
6 24.709100 
7 24.698800 
8 24.689400 
9 24.682000 
10 24.677200 
11 24.675500 
12 24.673600 
13 24.668000 
14 24.658600 
15 24.645500 
16 24.628800 
17 24.608600 
18 24.585100 
19 24.558500 
20 24.529300 
21 24.498000 
22 24.465200 
23 24.431700 
24 24.398400 
25 24.366400 
26 24.336800 
27 24.310600 
28 24.288900 
29 24.272700 
30 24.262700 
31 24.259300 
32 24.273600 
33 24.315000 
34 24.378700 
35 24.458000 
36 24.544400 
37 24.629400 
38 24.704900 
39 24.764100 
40 24.801800 
41 24.814700 
42 24.813000 
43 24.807900 
44 24.799900 
45 24.789900 
46 24.778800 
47 24.767600 
48 24.757400 
49 24.749400 
50 24.744200 
51 24.742400 
52 24.739900 
53 24.732500 
54 24.720100 
55 24.703100 
56 24.681500 
57 24.655800 
58 24.626400 
59 24.593700 
60 24.558400 
61 24.521300 
62 24.483200 
63 24.445000 
64 24.407800 
65 24.372700 
66 24.340700 
67 24.312800 
68 24.290000 
69 24.273200 
70 24.262800 
71 24.259300 
72 24.262700 
73 24.272700 
74 24.288900 
75 24.310600 
76 24.336800 
77 24.366400 
78 24.398400 
79 24.431700 
80 24.465200 
81 24.498000 
82 24.529300 
83 24.558500 
84 24.585100 
85 24.608600 
86 24.628800 
87 24.645500 
88 24.658600 
89 24.668000 
90 24.673600 
91 24.675500 

1 24.742400 
2 24.740800 
3 24.736100 
4 24.728700 
5 24.719500 
6 24.709100 
7 24.698800 
8 24.689400 
9 24.682000 
10 24.677200 
11 24.675500 
12 24.673200 
13 24.666300 
14 24.654800 
15 24.639100 
16 24.619400 
17 24.596100 
18 24.569700 
19 24.540600 
20 24.509600 
21 24.477400 
22 24.444600 
23 24.412200 
24 24.381000 
25 24.351700 
26 24.325400 
27 24.302600 
28 24.284100 
29 24.270500 
30 24.262100 
31 24.259300 
32 24.258100 
33 24.254600 
34 24.249300 
35 24.242500 
36 24.234900 
37 24.227400 
38 24.220500 
39 24.215100 
40 24.211600 
41 24.210400 
42 24.224100 
43 24.263600 
44 24.324500 
45 24.400300 
46 24.483000 
47 24.564500 
48 24.637000 
49 24.693800 
50 24.730000 
51 24.742400 
52 24.739600 
53 24.731100 
54 24.717200 
55 24.698100 
56 24.674400 
57 24.646400 
58 24.614800 
59 24.580400 
60 24.544000 
61 24.506400 
62 24.468500 
63 24.431300 
64 24.395600 
65 24.362600 
66 24.332900 
67 24.307400 
68 24.286800 
69 24.271700 
70 24.262400 
71 24.259300 
72 24.262100 
73 24.270500 
74 24.284100 
75 24.302600 
76 24.325400 
77 24.351700 
78 24.381000 
79 24.412200 
80 24.444600 
81 24.477400 
82 24.509600 
83 24.540600 
84 24.569700 
85 24.596100 
86 24.619400 
87 24.639100 
88 24.654800 
89 24.666300 
90 24.673200 
91 24.675500 

1 24.163700 
2 24.176900 
3 24.214800 
4 24.273300 
5 24.346100 
6 24.425600 
7 24.504100 
8 24.573900 
9 24.628700 
10 24.663500 
11 24.675500 
12 24.673200 
13 24.666300 
14 24.654800 
15 24.639100 
16 24.619400 
17 24.596100 
18 24.569700 
19 24.540600 
20 24.509600 
21 24.477400 
22 24.444600 
23 24.412200 
24 24.381000 
25 24.351700 
26 24.325400 
27 24.302600 
28 24.284100 
29 24.270500 
30 24.262100 
31 24.259300 
32 24.258100 
33 24.254600 
34 24.249300 
35 24.242500 
36 24.234900 
37 24.227400 
38 24.220500 
39 24.215100 
40 24.211600 
41 24.210400 
42 24.209300 
43 24.206000 
44 24.200800 
45 24.194400 
46 24.187200 
47 24.179900 
48 24.173400 
49 24.168200 
50 24.164900 
51 24.163700 
52 24.164300 
53 24.166100 
54 24.168900 
55 24.172700 
56 24.177500 
57 24.183200 
58 24.189500 
59 24.196400 
60 24.203700 
61 24.211100 
62 24.218600 
63 24.225900 
64 24.232900 
65 24.239300 
66 24.245100 
67 24.250000 
68 24.254000 
69 24.256900 
70 24.258700 
71 24.259300 
72 24.262100 
73 24.270500 
74 24.284100 
75 24.302600 
76 24.325400 
77 24.351700 
78 24.381000 
79 24.412200 
80 24.444600 
81 24.477400 
82 24.509600 
83 24.540600 
84 24.569700 
85 24.596100 
86 24.619400 
87 24.639100 
88 24.654800 
89 24.666300 
90 24.673200 
91 24.675500 

1 1.640300 
2 1.618100 
3 1.552200 
4 1.445300 
5 1.302400 
6 1.131300 
7 0.943800 
8 0.757100 
9 0.593800 
10 0.480100 
11 0.439100 
12 0.452300 
13 0.489700 
14 0.545500 
15 0.615100 
16 0.698800 
17 0.805600 
18 0.954600 
19 1.170600 
20 1.470300 
21 1.847700 
22 2.275800 
23 2.722200 
24 3.158800 
25 3.565200 
26 3.927200 
27 4.234500 
28 4.480000 
29 4.658600 
30 4.767100 
31 4.803500 
32 4.755200 
33 4.613500 
34 4.387300 
35 4.090300 
36 3.739100 
37 3.352900 
38 2.955700 
39 2.582300 
40 2.292800 
41 2.177800 
42 2.119700 
43 1.952100 
44 1.695400 
45 1.382300 
46 1.051900 
47 1.141700 
48 1.349300 
49 1.507700 
50 1.606700 
51 1.640300 
52 1.623700 
53 1.576700 
54 1.510500 
55 1.451600 
56 1.451400 
57 1.563400 
58 1.783600 
59 2.071500 
60 2.394400 
61 2.731400 
62 3.067700 
63 3.392500 
64 3.697000 
65 3.974100 
66 4.218000 
67 4.423800 
68 4.587700 
69 4.706900 
70 4.779300 
71 4.803500 
72 4.767100 
73 4.658600 
74 4.480000 
75 4.234500 
76 3.927200 
77 3.565200 
78 3.158800 
79 2.722200 
80 2.275800 
81 1.847700 
82 1.470300 
83 1.170600 
84 0.954600 
85 0.805600 
86 0.698800 
87 0.615100 
88 0.545500 
89 0.489700 
90 0.452300 
91 0.439100 

1 0.089900 
2 -0.000500 
3 -0.269500 
4 -0.711200 
5 -1.080300 
6 -0.633700 
7 -0.256600 
8 0.043900 
9 0.262200 
10 0.394700 
11 0.439100 
12 0.414800 
13 0.342100 
14 0.222500 
15 0.058400 
16 -0.146100 
17 -0.383500 
18 -0.640400 
19 -0.887800 
20 -1.063500 
21 -1.077500 
22 -0.923500 
23 -0.689000 
24 -0.438900 
25 -0.202200 
26 0.008200 
27 0.185600 
28 0.326300 
29 0.428100 
30 0.489700 
31 0.510400 
32 0.495800 
33 0.453000 
34 0.384700 
35 0.295700 
36 0.192900 
37 0.085100 
38 -0.016800 
39 -0.101300 
40 -0.044100 
41 0.031600 
42 0.077100 
43 0.207800 
44 0.406300 
45 0.646700 
46 0.900500 
47 0.740200 
48 0.472700 
49 0.266400 
50 0.135100 
51 0.089900 
52 0.112500 
53 0.177400 
54 0.274000 
55 0.376300 
56 0.433700 
57 0.395300 
58 0.271600 
59 0.117700 
60 -0.011800 
61 -0.077700 
62 -0.072100 
63 -0.013300 
64 0.073900 
65 0.170700 
66 0.264900 
67 0.348700 
68 0.417600 
69 0.468600 
70 0.499900 
71 0.510400 
72 0.489700 
73 0.428100 
74 0.326300 
75 0.185600 
76 0.008200 
77 -0.202200 
78 -0.438900 
79 -0.689000 
80 -0.923500 
81 -1.077500 
82 -1.063500 
83 -0.887800 
84 -0.640400 
85 -0.383500 
86 -0.146100 
87 0.058400 
88 0.222500 
89 0.342100 
90 0.414800 
91 0.439100 

1 -3.315800 
2 -2.736800 
3 -2.144100 
4 -1.587500 
5 -1.080300 
6 -0.633700 
7 -0.256600 
8 0.043900 
9 0.262200 
10 0.394700 
11 0.439100 
12 0.414800 
13 0.342100 
14 0.222500 
15 0.058400 
16 -0.146100 
17 -0.383500 
18 -0.640400 
19 -0.887800 
20 -1.063500 
21 -1.077500 
22 -0.923500 
23 -0.689000 
24 -0.438900 
25 -0.202200 
26 0.008200 
27 0.185600 
28 0.326300 
29 0.428100 
30 0.489700 
31 0.510400 
32 0.470300 
33 0.354700 
34 0.178300 
35 -0.029400 
36 -0.220700 
37 -0.334900 
38 -0.326100 
39 -0.203200 
40 -0.157300 
41 -0.177100 
42 -0.217100 
43 -0.339600 
44 -0.551500 
45 -0.862100 
46 -1.275400 
47 -1.776300 
48 -2.318200 
49 -2.820800 
50 -3.183100 
51 -3.315800 
52 -3.277100 
53 -3.166000 
54 -2.991300 
55 -2.766600 
56 -2.505700 
57 -2.221300 
58 -1.924300 
59 -1.623900 
60 -1.327400 
61 -1.040900 
62 -0.769300 
63 -0.516800 
64 -0.286800 
65 -0.082100 
66 0.095000 
67 0.242400 
68 0.358800 
69 0.442700 
70 0.493400 
71 0.510400 
72 0.489700 
73 0.428100 
74 0.326300 
75 0.185600 
76 0.008200 
77 -0.202200 
78 -0.438900 
79 -0.689000 
80 -0.923500 
81 -1.077500 
82 -1.063500 
83 -0.887800 
84 -0.640400 
85 -0.383500 
86 -0.146100 
87 0.058400 
88 0.222500 
89 0.342100 
90 0.414800 
91 0.439100 

1 -3.315800 
2 -2.736800 
3 -2.144100 
4 -1.587500 
5 -1.315500 
6 -2.069500 
7 -2.956100 
8 -3.953700 
9 -5.032300 
10 -5.636200 
11 -5.537500 
12 -5.611800 
13 -5.830100 
14 -5.385800 
15 -4.812700 
16 -4.269100 
17 -3.762900 
18 -3.259500 
19 -2.845900 
20 -2.607900 
21 -2.547300 
22 -2.641400 
23 -2.858400 
24 -3.168000 
25 -3.542600 
26 -3.955200 
27 -4.375200 
28 -4.766600 
29 -5.087800 
30 -5.299300 
31 -5.373100 
32 -5.265300 
33 -4.982900 
34 -4.607000 
35 -4.205400 
36 -3.822300 
37 -3.484600 
38 -3.208900 
39 -3.005700 
40 -2.881300 
41 -2.839500 
42 -2.839000 
43 -2.843700 
44 -2.865500 
45 -2.912400 
46 -2.983500 
47 -3.070800 
48 -3.161600 
49 -3.241400 
50 -3.296200 
51 -3.315800 
52 -3.277400 
53 -3.167600 
54 -3.003900 
55 -2.807900 
56 -2.601900 
57 -2.408100 
58 -2.249600 
59 -2.154900 
60 -2.157200 
61 -2.282800 
62 -2.531000 
63 -2.874500 
64 -3.278300 
65 -3.710400 
66 -4.141700 
67 -4.543900 
68 -4.889100 
69 -5.152800 
70 -5.317300 
71 -5.373100 
72 -5.299300 
73 -5.087800 
74 -4.766600 
75 -4.375200 
76 -3.955200 
77 -3.542600 
78 -3.168000 
79 -2.858400 
80 -2.641400 
81 -2.547300 
82 -2.607900 
83 -2.845900 
84 -3.259500 
85 -3.762900 
86 -4.269100 
87 -4.812700 
88 -5.385800 
89 -5.830100 
90 -5.611800 
91 -5.537500 

1 -3.388400 
2 -3.971200 
3 -4.574500 
4 -5.146700 
5 -5.672200 
6 -6.138300 
7 -6.535600 
8 -6.369900 
9 -5.922200 
10 -6.146300 
11 -7.163500 
12 -6.595700 
13 -5.982300 
14 -5.385800 
15 -4.812700 
16 -4.269100 
17 -3.762900 
18 -3.307400 
19 -2.929600 
20 -2.688800 
21 -2.670800 
22 -2.875800 
23 -3.207900 
24 -3.592200 
25 -3.987100 
26 -4.365000 
27 -4.704400 
28 -4.986900 
29 -5.198400 
30 -5.329000 
31 -5.373100 
32 -5.265300 
33 -4.982900 
34 -4.607000 
35 -4.205400 
36 -3.822300 
37 -3.484600 
38 -3.208900 
39 -3.005700 
40 -2.881300 
41 -2.839500 
42 -2.851500 
43 -2.886800 
44 -2.942600 
45 -3.014900 
46 -3.097900 
47 -3.183700 
48 -3.264100 
49 -3.329900 
50 -3.373200 
51 -3.388400 
52 -3.391300 
53 -3.400500 
54 -3.417000 
55 -3.442200 
56 -3.478000 
57 -3.526500 
58 -3.589600 
59 -3.669200 
60 -3.766700 
61 -3.882900 
62 -4.018300 
63 -4.172100 
64 -4.342500 
65 -4.526300 
66 -4.717900 
67 -4.909000 
68 -5.087300 
69 -5.236400 
70 -5.337200 
71 -5.373100 
72 -5.329000 
73 -5.198400 
74 -4.986900 
75 -4.704400 
76 -4.365000 
77 -3.987100 
78 -3.592200 
79 -3.207900 
80 -2.875800 
81 -2.670800 
82 -2.688800 
83 -2.929600 
84 -3.307400 
85 -3.762900 
86 -4.269100 
87 -4.812700 
88 -5.385800 
89 -5.982300 
90 -6.595700 
91 -7.163500 

1 -3.388400 
2 -3.971200 
3 -4.574500 
4 -5.146700 
5 -5.672200 
6 -6.138300 
7 -6.535600 
8 -6.856100 
9 -7.092400 
10 -7.158900 
11 -7.163500 
12 -6.595700 
13 -5.982300 
14 -5.937400 
15 -5.208700 
16 -4.485600 
17 -3.820400 
18 -3.307400 
19 -2.929600 
20 -2.688800 
21 -2.670800 
22 -2.875800 
23 -3.207900 
24 -3.592200 
25 -3.987100 
26 -4.365000 
27 -4.704400 
28 -4.986900 
29 -5.198400 
30 -5.329000 
31 -5.373100 
32 -5.379400 
33 -5.397900 
34 -5.427000 
35 -5.463900 
36 -5.505500 
37 -5.547800 
38 -5.586500 
39 -5.617700 
40 -5.637800 
41 -5.644900 
42 -5.562700 
43 -5.338200 
44 -5.022300 
45 -4.668400 
46 -4.319100 
47 -4.003800 
48 -3.742600 
49 -3.548200 
50 -3.428600 
51 -3.388400 
52 -3.398000 
53 -3.426700 
54 -3.474300 
55 -3.540100 
56 -3.623400 
57 -3.723100 
58 -3.837900 
59 -3.966000 
60 -4.105400 
61 -4.253600 
62 -4.407700 
63 -4.564300 
64 -4.719500 
65 -4.868800 
66 -5.007400 
67 -5.130300 
68 -5.232400 
69 -5.309100 
70 -5.356900 
71 -5.373100 
72 -5.329000 
73 -5.198400 
74 -4.986900 
75 -4.704400 
76 -4.365000 
77 -3.987100 
78 -3.592200 
79 -3.207900 
80 -2.875800 
81 -2.670800 
82 -2.688800 
83 -2.929600 
84 -3.307400 
85 -3.820400 
86 -4.485600 
87 -5.208700 
88 -5.937400 
89 -5.982300 
90 -6.595700 
91 -7.163500 

1 -6.980800 
2 -6.985100 
3 -6.997600 
4 -7.017400 
5 -7.042500 
6 -7.070600 
7 -6.948300 
8 -6.856100 
9 -7.092400 
10 -7.237700 
11 -7.286800 
12 -7.097500 
13 -6.602700 
14 -6.180200 
15 -6.642200 
16 -7.193300 
17 -7.802500 
18 -8.425300 
19 -8.994900 
20 -9.425900 
21 -9.662200 
22 -9.726200 
23 -9.685400 
24 -9.600300 
25 -9.512000 
26 -9.448300 
27 -9.429200 
28 -9.467500 
29 -9.560300 
30 -9.670400 
31 -9.722900 
32 -9.444900 
33 -8.816700 
34 -8.108300 
35 -7.466800 
36 -6.985400 
37 -6.737800 
38 -6.761500 
39 -7.014800 
40 -7.345300 
41 -7.506200 
42 -7.507000 
43 -7.508200 
44 -7.504600 
45 -7.487500 
46 -7.443900 
47 -7.361200 
48 -7.240700 
49 -7.110900 
50 -7.014900 
51 -6.980800 
52 -6.997900 
53 -7.048000 
54 -7.128300 
55 -7.234900 
56 -7.364700 
57 -7.514900 
58 -7.683300 
59 -7.867500 
60 -8.065100 
61 -8.272700 
62 -8.486500 
63 -8.701200 
64 -8.869600 
65 -8.937400 
66 -9.032500 
67 -9.161300 
68 -9.324200 
69 -9.505000 
70 -9.659600 
71 -9.722900 
72 -9.670400 
73 -9.560300 
74 -9.467500 
75 -9.429200 
76 -9.448300 
77 -9.512000 
78 -9.600300 
79 -9.685400 
80 -9.726200 
81 -9.662200 
82 -9.425900 
83 -8.994900 
84 -8.425300 
85 -7.802500 
86 -7.193300 
87 -6.642200 
88 -6.180200 
89 -6.602700 
90 -7.097500 
91 -7.286800 

1 -9.469900 
2 -9.473600 
3 -9.483600 
4 -9.141300 
5 -8.370100 
6 -7.625800 
7 -7.098900 
8 -7.124800 
9 -7.145600 
10 -7.237700 
11 -7.286800 
12 -7.858100 
13 -8.479200 
14 -9.078800 
15 -9.634100 
16 -10.115900 
17 -10.490900 
18 -10.734100 
19 -10.844100 
20 -10.844500 
21 -10.769700 
22 -10.650500 
23 -10.509500 
24 -10.361600 
25 -10.217000 
26 -10.082100 
27 -9.962300 
28 -9.862200 
29 -9.786400 
30 -9.739000 
31 -9.722900 
32 -9.854300 
33 -10.205500 
34 -10.689300 
35 -11.230400 
36 -11.546600 
37 -10.901000 
38 -10.378300 
39 -9.992100 
40 -9.754600 
41 -9.674400 
42 -9.779800 
43 -10.077800 
44 -10.518500 
45 -11.029200 
46 -10.405700 
47 -9.920400 
48 -9.612400 
49 -9.475000 
50 -9.457200 
51 -9.469900 
52 -9.459000 
53 -9.413900 
54 -9.323400 
55 -9.201900 
56 -9.075200 
57 -8.963100 
58 -8.876200 
59 -8.817800 
60 -8.786900 
61 -8.779800 
62 -8.792500 
63 -8.822400 
64 -8.910900 
65 -9.108800 
66 -9.287600 
67 -9.440900 
68 -9.563400 
69 -9.651900 
70 -9.705100 
71 -9.722900 
72 -9.739000 
73 -9.786400 
74 -9.862200 
75 -9.962300 
76 -10.082100 
77 -10.217000 
78 -10.361600 
79 -10.509500 
80 -10.650500 
81 -10.769700 
82 -10.844500 
83 -10.844100 
84 -10.734100 
85 -10.490900 
86 -10.115900 
87 -9.634100 
88 -9.078800 
89 -8.479200 
90 -7.858100 
91 -7.286800 

1 -10.694700 
2 -10.458400 
3 -9.876300 
4 -9.494400 
5 -9.496400 
6 -9.472500 
7 -9.392300 
8 -9.201900 
9 -8.815900 
10 -8.153300 
11 -7.286800 
12 -7.858100 
13 -8.479200 
14 -9.078800 
15 -9.634100 
16 -10.115900 
17 -10.490900 
18 -10.734100 
19 -10.844100 
20 -10.844500 
21 -10.769700 
22 -10.650500 
23 -10.509500 
24 -10.361600 
25 -10.217000 
26 -10.082100 
27 -9.962300 
28 -9.862200 
29 -9.786400 
30 -9.739000 
31 -9.722900 
32 -9.854300 
33 -10.205500 
34 -10.689300 
35 -11.230400 
36 -11.777900 
44 -11.774800 
45 -11.039700 
46 -11.444700 
47 -11.352100 
48 -11.111200 
49 -10.893700 
50 -10.746500 
51 -10.694700 
52 -10.723100 
53 -10.827200 
54 -11.028400 
55 -11.308900 
56 -11.620700 
57 -11.906800 
65 -11.673200 
66 -11.150600 
67 -10.684400 
68 -10.289800 
69 -9.984900 
70 -9.790100 
71 -9.722900 
72 -9.739000 
73 -9.786400 
74 -9.862200 
75 -9.962300 
76 -10.082100 
77 -10.217000 
78 -10.361600 
79 -10.509500 
80 -10.650500 
81 -10.769700 
82 -10.844500 
83 -10.844100 
84 -10.734100 
85 -10.490900 
86 -10.115900 
87 -9.634100 
88 -9.078800 
89 -8.479200 
90 -7.858100 
91 -7.286800 

36 -11.777900 
45 -11.922400 
46 -11.841500 













