1 0.998800 
2 1.067800 
3 1.251800 
4 1.504800 
5 1.780800 
6 2.048800 
7 2.285800 
8 2.480800 
9 2.623800 
10 2.710800 
11 2.740800 
12 2.829800 
13 3.103800 
14 3.536800 
15 4.056800 
16 4.583800 
17 5.062800 
18 5.459800 
19 5.753800 
20 5.934800 
21 5.995800 
22 5.964800 
23 5.873800 
24 5.723800 
25 5.515800 
26 5.252800 
27 4.939800 
28 4.580800 
29 4.184800 
30 3.759800 
31 3.319800 
32 2.883800 
33 2.475800 
34 2.127800 
35 1.866800 
36 1.707800 
37 1.636800 
38 1.624800 
39 1.639800 
40 1.658800 
41 1.666800 
42 1.655800 
43 1.624800 
44 1.574800 
45 1.508800 
46 1.429800 
47 1.341800 
48 1.250800 
49 1.161800 
50 1.079800 
51 1.009800 
52 1.126800 
53 1.303800 
54 1.416800 
55 1.466800 
56 1.459800 
57 1.399800 
58 1.300800 
59 1.180800 
60 1.067800 
61 0.998800 
62 1.127800 
63 1.637800 
64 2.364800 
65 3.158800 
66 3.929800 
67 4.623800 
68 5.201800 
69 5.635800 
70 5.904800 
71 5.995800 
72 5.934800 
73 5.753800 
74 5.459800 
75 5.062800 
76 4.583800 
77 4.056800 
78 3.536800 
79 3.103800 
80 2.829800 
81 2.740800 

1 0.998800 
2 1.019800 
3 1.016800 
4 0.991800 
5 0.949800 
6 0.894800 
7 0.833800 
8 0.774800 
9 0.723800 
10 0.689800 
11 0.677800 
12 0.652800 
13 0.578800 
14 0.460800 
15 0.309800 
16 0.137800 
17 -0.039200 
18 -0.203200 
19 -0.337200 
20 -0.424200 
21 -0.454200 
22 -0.453200 
23 -0.449200 
24 -0.445200 
25 -0.444200 
26 -0.451200 
27 -0.471200 
28 -0.508200 
29 -0.569200 
30 -0.449200 
31 -0.130200 
32 0.177800 
33 0.467800 
34 0.733800 
35 0.971800 
36 1.179800 
37 1.351800 
38 1.488800 
39 1.586800 
40 1.646800 
41 1.666800 
42 1.655800 
43 1.624800 
44 1.574800 
45 1.508800 
46 1.429800 
47 1.341800 
48 1.250800 
49 1.161800 
50 1.079800 
51 1.009800 
52 0.954800 
53 0.916800 
54 0.894800 
55 0.887800 
56 0.893800 
57 0.908800 
58 0.930800 
59 0.954800 
60 0.978800 
61 0.998800 
62 1.012800 
63 0.973800 
64 0.862800 
65 0.674800 
66 0.422800 
67 0.140800 
68 -0.120200 
69 -0.313200 
70 -0.421200 
71 -0.454200 
72 -0.424200 
73 -0.337200 
74 -0.203200 
75 -0.039200 
76 0.137800 
77 0.309800 
78 0.460800 
79 0.578800 
80 0.652800 
81 0.677800 

1 0.998800 
2 0.952800 
3 0.880800 
4 0.785800 
5 0.669800 
6 0.539800 
7 0.402800 
8 0.271800 
9 0.160800 
10 0.085800 
11 0.058800 
12 0.125800 
13 0.224800 
14 0.226800 
15 0.112800 
16 -0.065200 
17 -0.242200 
18 -0.367200 
19 -0.429200 
20 -0.450200 
21 -0.454200 
22 -0.453200 
23 -0.449200 
24 -0.445200 
25 -0.444200 
26 -0.451200 
27 -0.471200 
28 -0.508200 
29 -0.569200 
30 -0.657200 
31 -0.779200 
32 -0.936200 
33 -1.133200 
34 -1.372200 
35 -1.655200 
36 -1.982200 
37 -2.353200 
38 -2.768200 
39 -3.224200 
40 -3.715200 
41 -4.125200 
42 -3.670200 
43 -3.053200 
44 -2.422200 
45 -1.808200 
46 -1.227200 
47 -0.691200 
48 -0.208200 
49 0.217800 
50 0.583800 
51 0.886800 
52 0.954800 
53 0.916800 
54 0.894800 
55 0.887800 
56 0.893800 
57 0.908800 
58 0.930800 
59 0.954800 
60 0.978800 
61 0.998800 
62 1.012800 
63 0.973800 
64 0.862800 
65 0.674800 
66 0.422800 
67 0.140800 
68 -0.120200 
69 -0.313200 
70 -0.421200 
71 -0.454200 
72 -0.450200 
73 -0.429200 
74 -0.367200 
75 -0.242200 
76 -0.065200 
77 0.112800 
78 0.226800 
79 0.224800 
80 0.125800 
81 0.058800 

1 -2.797200 
2 -2.781200 
3 -2.725200 
4 -2.633200 
5 -2.523200 
6 -2.408200 
7 -2.301200 
8 -2.210200 
9 -2.141200 
10 -2.099200 
11 -2.084200 
12 -2.116200 
13 -2.160200 
14 -2.157200 
15 -2.117200 
16 -1.947200 
17 -1.424200 
18 -1.006200 
19 -0.701200 
20 -0.516200 
21 -0.454200 
22 -0.472200 
23 -0.523200 
24 -0.609200 
25 -0.728200 
26 -0.880200 
27 -1.061200 
28 -1.090200 
29 -0.772200 
30 -0.657200 
31 -0.779200 
32 -0.936200 
33 -1.133200 
34 -1.372200 
35 -1.655200 
36 -1.982200 
37 -2.353200 
38 -2.768200 
39 -3.224200 
40 -3.715200 
41 -4.125200 
42 -3.965200 
43 -3.724200 
44 -3.490200 
45 -3.275200 
46 -3.083200 
47 -2.918200 
48 -2.783200 
49 -2.680200 
50 -2.608200 
51 -2.568200 
52 -2.556200 
53 -2.568200 
54 -2.597200 
55 -2.636200 
56 -2.678200 
57 -2.718200 
58 -2.752200 
59 -2.777200 
60 -2.792200 
61 -2.797200 
62 -2.777200 
63 -2.723200 
64 -2.636200 
65 -2.530200 
66 -2.421200 
67 -2.121200 
68 -1.404200 
69 -0.880200 
70 -0.561200 
71 -0.454200 
72 -0.516200 
73 -0.701200 
74 -1.006200 
75 -1.424200 
76 -1.947200 
77 -2.117200 
78 -2.157200 
79 -2.160200 
80 -2.116200 
81 -2.084200 

1 -2.797200 
2 -2.795200 
3 -2.791200 
4 -2.785200 
5 -2.777200 
6 -2.769200 
7 -2.760200 
8 -2.752200 
9 -2.746200 
10 -2.742200 
11 -2.741200 
12 -2.728200 
13 -2.693200 
14 -2.644200 
15 -2.558200 
16 -2.078200 
17 -2.083200 
18 -2.153200 
19 -2.265200 
20 -2.365200 
21 -2.404200 
22 -2.372200 
23 -2.278200 
24 -2.126200 
25 -1.923200 
26 -1.676200 
27 -1.395200 
28 -1.272200 
29 -1.508200 
30 -1.766200 
31 -2.041200 
32 -2.329200 
33 -2.466200 
34 -2.457200 
35 -2.559200 
36 -2.791200 
37 -3.139200 
38 -3.556200 
39 -3.973200 
40 -4.095200 
41 -4.125200 
42 -3.965200 
43 -3.724200 
44 -3.490200 
45 -3.275200 
46 -3.083200 
47 -2.918200 
48 -2.783200 
49 -2.680200 
50 -2.608200 
51 -2.568200 
52 -2.556200 
53 -2.568200 
54 -2.597200 
55 -2.636200 
56 -2.678200 
57 -2.718200 
58 -2.752200 
59 -2.777200 
60 -2.792200 
61 -2.797200 
62 -2.777200 
63 -2.723200 
64 -2.636200 
65 -2.530200 
66 -2.421200 
67 -2.338200 
68 -2.305200 
69 -2.330200 
70 -2.380200 
71 -2.404200 
72 -2.365200 
73 -2.265200 
74 -2.153200 
75 -2.083200 
76 -2.078200 
77 -2.558200 
78 -2.644200 
79 -2.693200 
80 -2.728200 
81 -2.741200 

1 -3.039200 
2 -3.130200 
3 -3.394200 
4 -3.786200 
5 -4.252200 
6 -4.749200 
7 -5.245200 
8 -5.200200 
9 -4.938200 
10 -4.770200 
11 -4.713200 
12 -4.473200 
13 -3.907200 
14 -3.230200 
15 -2.588200 
16 -2.534200 
17 -2.487200 
18 -2.450200 
19 -2.425200 
20 -2.409200 
21 -2.404200 
22 -2.418200 
23 -2.459200 
24 -2.521200 
25 -2.599200 
26 -2.681200 
27 -2.750200 
28 -2.791200 
29 -2.789200 
30 -2.739200 
31 -2.649200 
32 -2.545200 
33 -2.622200 
34 -2.912200 
35 -3.191200 
36 -3.449200 
37 -3.677200 
38 -3.866200 
39 -4.008200 
40 -4.297200 
41 -4.423200 
42 -4.592200 
43 -4.858200 
44 -5.134200 
45 -5.406200 
46 -5.552200 
47 -5.524200 
48 -5.450200 
49 -5.341200 
50 -5.203200 
51 -5.041200 
52 -4.858200 
53 -4.654200 
54 -4.434200 
55 -4.199200 
56 -3.954200 
57 -3.705200 
58 -3.466200 
59 -3.254200 
60 -3.100200 
61 -3.039200 
62 -3.337200 
63 -4.217200 
64 -4.992200 
65 -4.010200 
66 -3.005200 
67 -2.338200 
68 -2.305200 
69 -2.330200 
70 -2.380200 
71 -2.404200 
72 -2.409200 
73 -2.425200 
74 -2.450200 
75 -2.487200 
76 -2.534200 
77 -2.588200 
78 -3.230200 
79 -3.907200 
80 -4.473200 
81 -4.713200 

1 -8.107200 
2 -7.697200 
3 -7.259200 
4 -6.808200 
5 -6.359200 
6 -5.930200 
7 -5.537200 
8 -5.705200 
9 -6.092200 
10 -6.360200 
11 -6.458200 
12 -6.686200 
13 -7.320200 
14 -8.236200 
15 -9.281200 
16 -10.306200 
17 -11.141200 
18 -11.545200 
19 -11.868200 
20 -12.078200 
21 -12.150200 
22 -12.112200 
23 -12.000200 
24 -11.816200 
25 -11.574200 
26 -11.293200 
27 -11.005200 
28 -10.742200 
29 -10.534200 
30 -10.400200 
31 -10.335200 
32 -9.910200 
33 -9.322200 
34 -8.697200 
35 -8.050200 
36 -7.392200 
37 -6.735200 
38 -6.089200 
39 -5.463200 
40 -4.867200 
41 -4.423200 
42 -4.592200 
43 -4.858200 
44 -5.134200 
45 -5.406200 
46 -5.666200 
47 -5.910200 
48 -6.133200 
49 -6.333200 
50 -6.510200 
51 -6.666200 
52 -6.804200 
53 -6.930200 
54 -7.049200 
55 -7.169200 
56 -7.294200 
57 -7.430200 
58 -7.578200 
59 -7.741200 
60 -7.918200 
61 -8.107200 
62 -7.243200 
63 -6.251200 
64 -5.715200 
65 -7.181200 
66 -8.812200 
67 -10.316200 
68 -11.452200 
69 -11.866200 
70 -12.080200 
71 -12.150200 
72 -12.078200 
73 -11.868200 
74 -11.545200 
75 -11.141200 
76 -10.306200 
77 -9.281200 
78 -8.236200 
79 -7.320200 
80 -6.686200 
81 -6.458200 

1 -8.107200 
2 -8.136200 
3 -8.217200 
4 -8.332200 
5 -8.456200 
6 -8.565200 
7 -8.637200 
8 -8.662200 
9 -8.643200 
10 -8.605200 
11 -8.586200 
12 -8.846200 
13 -9.463200 
14 -9.857200 
15 -10.255200 
16 -10.697200 
17 -11.171200 
18 -11.769200 
19 -12.068200 
20 -12.148200 
21 -12.150200 
22 -12.153200 
23 -12.158200 
24 -12.152200 
25 -12.115200 
26 -12.028200 
27 -11.873200 
28 -11.639200 
29 -11.321200 
30 -10.921200 
31 -10.447200 
32 -9.910200 
33 -9.322200 
34 -8.697200 
35 -8.050200 
36 -7.392200 
37 -6.735200 
38 -6.089200 
39 -5.463200 
40 -4.867200 
41 -4.423200 
42 -4.793200 
43 -5.159200 
44 -5.396200 
45 -5.518200 
46 -5.666200 
47 -5.910200 
48 -6.133200 
49 -6.333200 
50 -6.510200 
51 -6.666200 
52 -6.804200 
53 -6.930200 
54 -7.049200 
55 -7.169200 
56 -7.294200 
57 -7.430200 
58 -7.578200 
59 -7.741200 
60 -7.918200 
61 -8.107200 
62 -8.518200 
63 -8.967200 
64 -9.452200 
65 -9.972200 
66 -10.513200 
67 -11.043200 
68 -11.511200 
69 -11.866200 
70 -12.080200 
71 -12.150200 
72 -12.148200 
73 -12.068200 
74 -11.769200 
75 -11.171200 
76 -10.697200 
77 -10.255200 
78 -9.857200 
79 -9.463200 
80 -8.846200 
81 -8.586200 

1 -8.107200 
2 -8.474200 
3 -8.784200 
4 -9.029200 
5 -9.202200 
6 -9.304200 
7 -9.344200 
8 -9.339200 
9 -9.309200 
10 -9.280200 
11 -9.267200 
12 -9.338200 
13 -9.541200 
14 -10.195200 
15 -10.889200 
16 -11.456200 
17 -11.849200 
18 -12.066200 
19 -12.147200 
20 -12.155200 
21 -12.150200 
22 -12.153200 
23 -12.158200 
24 -12.152200 
25 -12.115200 
26 -12.028200 
27 -11.873200 
28 -11.639200 
29 -11.321200 
30 -10.921200 
31 -10.447200 
32 -10.318200 
33 -10.312200 
34 -10.274200 
35 -10.166200 
36 -9.965200 
37 -9.670200 
38 -9.307200 
39 -8.930200 
40 -8.629200 
41 -8.511200 
42 -8.603200 
43 -8.871200 
44 -9.279200 
45 -9.766200 
46 -10.260200 
47 -10.698200 
48 -11.028200 
49 -11.213200 
50 -11.241200 
51 -11.122200 
52 -10.889200 
53 -10.591200 
54 -10.270200 
55 -9.958200 
56 -9.665200 
57 -9.385200 
58 -9.104200 
59 -8.806200 
60 -8.476200 
61 -8.107200 
62 -8.518200 
63 -8.967200 
64 -9.452200 
65 -9.972200 
66 -10.513200 
67 -11.043200 
68 -11.511200 
69 -12.049200 
70 -12.176200 
71 -12.150200 
72 -12.155200 
73 -12.147200 
74 -12.066200 
75 -11.849200 
76 -11.456200 
77 -10.889200 
78 -10.195200 
79 -9.541200 
80 -9.338200 
81 -9.267200 

