1 -0.727900 
2 -0.708800 
3 -0.657800 
4 -0.588200 
5 -0.512500 
6 -0.439600 
7 -0.375000 
8 -0.322100 
9 -0.283200 
10 -0.259400 
11 -0.251300 
12 -0.233600 
13 -0.181100 
14 -0.096900 
15 0.014100 
16 0.145400 
17 0.290300 
18 0.442500 
19 0.597000 
20 0.749600 
21 0.897000 
22 1.036400 
23 1.165800 
24 1.283500 
25 1.388000 
26 1.478300 
27 1.553300 
28 1.612400 
29 1.655000 
30 1.680800 
31 1.689400 
32 1.682900 
33 1.663600 
34 1.631600 
35 1.587200 
36 1.530800 
37 1.462800 
38 1.383900 
39 1.294800 
40 1.196300 
41 1.089500 
42 0.975500 
43 0.855700 
44 0.731700 
45 0.605600 
46 0.479800 
47 0.357900 
48 0.244700 
49 0.148000 
50 0.079700 
51 0.054500 
52 0.040300 
53 -0.001800 
54 -0.070900 
55 -0.164800 
56 -0.280300 
57 -0.412400 
58 -0.552600 
59 -0.664600 
60 -0.656600 
61 -0.613100 
62 -0.686700 
63 -0.605300 
64 -0.448900 
65 -0.273200 
66 -0.088700 
67 0.098500 
68 0.284300 
69 0.465800 
70 0.640500 
71 0.806500 
72 0.962200 
73 1.106000 
74 1.236600 
75 1.352700 
76 1.453100 
77 1.536900 
78 1.603000 
79 1.650800 
80 1.679700 
81 1.689400 
82 1.682900 
83 1.663600 
84 1.631600 
85 1.587200 
86 1.530800 
87 1.462800 
88 1.383900 
89 1.294800 
90 1.196300 
91 1.089500 
92 0.975500 
93 0.855700 
94 0.731700 
95 0.605600 
96 0.479800 
97 0.357900 
98 0.244700 
99 0.148000 
100 0.079700 
101 0.054500 

1 -1.160500 
2 -1.135200 
3 -1.111900 
4 -1.091000 
5 -1.072600 
6 -1.057100 
7 -1.044400 
8 -1.034500 
9 -1.027500 
10 -1.023400 
11 -1.022000 
12 -1.027200 
13 -1.042800 
14 -1.068800 
15 -1.105000 
16 -1.151300 
17 -1.207500 
18 -1.273400 
19 -1.348400 
20 -1.432300 
21 -1.524200 
22 -1.623300 
23 -1.728500 
24 -1.838000 
25 -1.949800 
26 -2.060500 
27 -2.166100 
28 -2.260600 
29 -2.336900 
30 -2.387200 
31 -2.404800 
32 -2.390600 
33 -2.349600 
34 -2.285900 
35 -2.205000 
36 -2.112000 
37 -2.011100 
38 -1.905500 
39 -1.797700 
40 -1.689100 
41 -1.580700 
42 -1.473100 
43 -1.366700 
44 -1.261400 
45 -1.157600 
46 -1.055600 
47 -0.957000 
48 -0.864500 
49 -0.784100 
50 -0.726200 
51 -0.704600 
52 -0.703600 
53 -0.701100 
54 -0.697500 
55 -0.693700 
56 -0.690400 
57 -0.688100 
58 -0.686700 
59 -0.706600 
60 -0.812600 
61 -0.888600 
62 -0.810900 
63 -0.868300 
64 -0.987100 
65 -1.118800 
66 -1.258200 
67 -1.285700 
68 -1.323600 
69 -1.373400 
70 -1.435000 
71 -1.508600 
72 -1.593600 
73 -1.689200 
74 -1.793800 
75 -1.905200 
76 -2.020100 
77 -2.133400 
78 -2.238300 
79 -2.325300 
80 -2.384000 
81 -2.404800 
82 -2.390600 
83 -2.349600 
84 -2.285900 
85 -2.205000 
86 -2.112000 
87 -2.011100 
88 -1.905500 
89 -1.797700 
90 -1.689100 
91 -1.580700 
92 -1.473100 
93 -1.366700 
94 -1.261400 
95 -1.157600 
96 -1.055600 
97 -0.957000 
98 -0.864500 
99 -0.784100 
100 -0.726200 
101 -0.704600 

1 -1.160500 
2 -1.187100 
3 -1.214600 
4 -1.242000 
5 -1.268600 
6 -1.293400 
7 -1.315400 
8 -1.333700 
9 -1.347400 
10 -1.355900 
11 -1.358800 
12 -1.363600 
13 -1.379600 
14 -1.410000 
15 -1.458100 
16 -1.525200 
17 -1.611700 
18 -1.716600 
19 -1.838700 
20 -1.976500 
21 -2.128100 
22 -2.291100 
23 -2.462700 
24 -2.592700 
25 -2.541600 
26 -2.499000 
27 -2.464700 
28 -2.438300 
29 -2.419600 
30 -2.408500 
31 -2.404800 
32 -2.408000 
33 -2.417400 
34 -2.432300 
35 -2.451000 
36 -2.471500 
37 -2.490400 
38 -2.504100 
39 -2.508800 
40 -2.502500 
41 -2.485600 
42 -2.460300 
43 -2.430100 
44 -2.397900 
45 -2.366400 
46 -2.337300 
47 -2.312000 
48 -2.291600 
49 -2.276500 
50 -2.267400 
51 -2.264300 
52 -2.232900 
53 -2.146700 
54 -2.023500 
55 -1.881200 
56 -1.733400 
57 -1.589900 
58 -1.458600 
59 -1.349600 
60 -1.278600 
61 -1.262500 
62 -1.247900 
63 -1.238700 
64 -1.236700 
65 -1.243000 
66 -1.259100 
67 -1.403400 
68 -1.552400 
69 -1.703200 
70 -1.852900 
71 -1.997600 
72 -2.132200 
73 -2.249900 
74 -2.343300 
75 -2.405900 
76 -2.436900 
77 -2.442500 
78 -2.433300 
79 -2.419700 
80 -2.408800 
81 -2.404800 
82 -2.408000 
83 -2.417400 
84 -2.432300 
85 -2.451000 
86 -2.471500 
87 -2.490400 
88 -2.504100 
89 -2.508800 
90 -2.502500 
91 -2.485600 
92 -2.460300 
93 -2.430100 
94 -2.397900 
95 -2.366400 
96 -2.337300 
97 -2.312000 
98 -2.291600 
99 -2.276500 
100 -2.267400 
101 -2.264300 

1 -2.007100 
2 -2.042400 
3 -2.142200 
4 -2.292700 
5 -2.480900 
6 -2.697300 
7 -2.935200 
8 -3.189000 
9 -3.452800 
10 -3.712800 
11 -3.875600 
12 -3.828900 
13 -3.720600 
14 -3.590800 
15 -3.457400 
16 -3.327700 
17 -3.204600 
18 -3.089700 
19 -2.983700 
20 -2.886900 
21 -2.799500 
22 -2.721400 
23 -2.652500 
24 -2.592700 
25 -2.541600 
26 -2.499000 
27 -2.464700 
28 -2.438300 
29 -2.419600 
30 -2.408500 
31 -2.404800 
32 -2.408000 
33 -2.417400 
34 -2.432300 
35 -2.451000 
36 -2.471500 
37 -2.490400 
38 -2.504100 
39 -2.508800 
40 -2.502500 
41 -2.485600 
42 -2.460300 
43 -2.430100 
44 -2.397900 
45 -2.366400 
46 -2.337300 
47 -2.312000 
48 -2.291600 
49 -2.276500 
50 -2.267400 
51 -2.264300 
52 -2.275000 
53 -2.306800 
54 -2.358900 
55 -2.430000 
56 -2.517700 
57 -2.618700 
58 -2.727900 
59 -2.837800 
60 -2.939100 
61 -2.986900 
62 -2.922900 
63 -2.839200 
64 -2.771200 
65 -2.719200 
66 -2.683500 
67 -2.664000 
68 -2.660900 
69 -2.673800 
70 -2.702300 
71 -2.746000 
72 -2.803900 
73 -2.732300 
74 -2.657000 
75 -2.591000 
76 -2.534600 
77 -2.488200 
78 -2.451800 
79 -2.425700 
80 -2.410000 
81 -2.404800 
82 -2.408000 
83 -2.417400 
84 -2.432300 
85 -2.451000 
86 -2.471500 
87 -2.490400 
88 -2.504100 
89 -2.508800 
90 -2.502500 
91 -2.485600 
92 -2.460300 
93 -2.430100 
94 -2.397900 
95 -2.366400 
96 -2.337300 
97 -2.312000 
98 -2.291600 
99 -2.276500 
100 -2.267400 
101 -2.264300 

1 -4.278600 
2 -4.270700 
3 -4.208500 
4 -4.144800 
5 -4.082700 
6 -4.024900 
7 -3.974000 
8 -3.932200 
9 -3.901200 
10 -3.882100 
11 -3.875600 
12 -3.828900 
13 -3.720600 
14 -3.590800 
15 -3.457400 
16 -3.327700 
17 -3.204600 
18 -3.089700 
19 -2.983700 
20 -2.886900 
21 -2.799500 
22 -2.721400 
23 -2.652500 
24 -2.639100 
25 -2.815700 
26 -2.986200 
27 -3.143200 
28 -3.278000 
29 -3.382000 
30 -3.447700 
31 -3.470200 
32 -3.463200 
33 -3.443300 
34 -3.413600 
35 -3.378500 
36 -3.343700 
37 -3.315400 
38 -3.299800 
39 -3.302700 
40 -3.327600 
41 -3.375100 
42 -3.443300 
43 -3.528700 
44 -3.627800 
45 -3.736600 
46 -3.850800 
47 -3.965300 
48 -4.073100 
49 -4.164500 
50 -4.227400 
51 -4.250000 
52 -4.238800 
53 -4.176600 
54 -4.029800 
55 -3.843600 
56 -3.645700 
57 -3.452000 
58 -3.275100 
59 -3.128400 
60 -3.027100 
61 -3.021800 
62 -3.027800 
63 -3.131200 
64 -3.289500 
65 -3.493800 
66 -3.469600 
67 -3.347500 
68 -3.229300 
69 -3.116100 
70 -3.009000 
71 -2.908800 
72 -2.816400 
73 -2.874700 
74 -2.956600 
75 -3.047200 
76 -3.142800 
77 -3.238700 
78 -3.328000 
79 -3.402400 
80 -3.452400 
81 -3.470200 
82 -3.463200 
83 -3.443300 
84 -3.413600 
85 -3.378500 
86 -3.343700 
87 -3.315400 
88 -3.299800 
89 -3.302700 
90 -3.327600 
91 -3.375100 
92 -3.443300 
93 -3.528700 
94 -3.627800 
95 -3.736600 
96 -3.850800 
97 -3.965300 
98 -4.073100 
99 -4.164500 
100 -4.227400 
101 -4.250000 

1 -4.328300 
2 -4.277600 
3 -4.275000 
4 -4.270800 
5 -4.265600 
6 -4.260000 
7 -4.254300 
8 -4.249200 
9 -4.244900 
10 -4.240200 
11 -4.211400 
12 -4.243800 
13 -4.237200 
14 -4.205200 
15 -4.162900 
16 -4.112300 
17 -4.055700 
18 -3.995200 
19 -3.932700 
20 -3.870100 
21 -3.808800 
22 -3.750100 
23 -3.695300 
24 -3.645000 
25 -3.600200 
26 -3.561400 
27 -3.529000 
28 -3.503500 
29 -3.485000 
30 -3.473900 
31 -3.470200 
32 -3.463200 
33 -3.443300 
34 -3.413600 
35 -3.378500 
36 -3.343700 
37 -3.315400 
38 -3.299800 
39 -3.302700 
40 -3.327600 
41 -3.375100 
42 -3.443300 
43 -3.528700 
44 -3.627800 
45 -3.736600 
46 -3.850800 
47 -3.965300 
48 -4.073100 
49 -4.164500 
50 -4.227400 
51 -4.250000 
52 -4.240500 
53 -4.213500 
54 -4.173600 
55 -4.126600 
56 -4.079100 
57 -4.037500 
58 -4.008800 
59 -4.000600 
60 -4.021200 
61 -4.076700 
62 -3.962600 
63 -3.842500 
64 -3.718900 
65 -3.593900 
66 -3.735000 
67 -4.002700 
68 -4.267600 
69 -4.285600 
70 -4.113000 
71 -3.937900 
72 -3.779500 
73 -3.646400 
74 -3.544900 
75 -3.479100 
76 -3.447000 
77 -3.440400 
78 -3.447500 
79 -3.458500 
80 -3.467000 
81 -3.470200 
82 -3.463200 
83 -3.443300 
84 -3.413600 
85 -3.378500 
86 -3.343700 
87 -3.315400 
88 -3.299800 
89 -3.302700 
90 -3.327600 
91 -3.375100 
92 -3.443300 
93 -3.528700 
94 -3.627800 
95 -3.736600 
96 -3.850800 
97 -3.965300 
98 -4.073100 
99 -4.164500 
100 -4.227400 
101 -4.250000 

1 -4.328300 
2 -4.378900 
3 -4.420500 
4 -4.452100 
5 -4.474000 
6 -4.487300 
7 -4.493900 
8 -4.495300 
9 -4.494700 
10 -4.402800 
11 -4.263900 
12 -4.257200 
13 -4.338700 
14 -4.489200 
15 -4.686600 
16 -4.921300 
17 -5.183300 
18 -5.459600 
19 -5.723700 
20 -5.901400 
21 -5.925200 
22 -5.873700 
23 -5.810300 
24 -5.713000 
25 -5.473800 
26 -5.254200 
27 -5.058900 
28 -4.894200 
29 -4.767600 
30 -4.687100 
31 -4.659400 
32 -4.680200 
33 -4.740100 
34 -4.831900 
35 -4.940100 
36 -5.021900 
37 -4.999000 
38 -4.899400 
39 -4.783400 
40 -4.670500 
41 -4.567000 
42 -4.475600 
43 -4.398100 
44 -4.335900 
45 -4.290400 
46 -4.262600 
47 -4.253700 
48 -4.265000 
49 -4.297400 
50 -4.350500 
51 -4.403000 
52 -4.372700 
53 -4.335800 
54 -4.359700 
55 -4.419900 
56 -4.502100 
57 -4.600300 
58 -4.709500 
59 -4.824100 
60 -4.930400 
61 -4.953200 
62 -5.085000 
63 -5.227500 
64 -5.155700 
65 -5.041700 
66 -4.894300 
67 -4.724300 
68 -4.561500 
69 -4.643400 
70 -4.887600 
71 -5.057900 
72 -5.135000 
73 -5.171500 
74 -5.207100 
75 -5.260000 
76 -5.263200 
77 -5.079900 
78 -4.913700 
79 -4.779000 
80 -4.690500 
81 -4.659400 
82 -4.680200 
83 -4.740100 
84 -4.831900 
85 -4.940100 
86 -5.021900 
87 -4.999000 
88 -4.899400 
89 -4.783400 
90 -4.670500 
91 -4.567000 
92 -4.475600 
93 -4.398100 
94 -4.335900 
95 -4.290400 
96 -4.262600 
97 -4.253700 
98 -4.265000 
99 -4.297400 
100 -4.350500 
101 -4.403000 

1 -4.499800 
2 -4.499700 
3 -4.499300 
4 -4.498600 
5 -4.497900 
6 -4.497000 
7 -4.496100 
8 -4.496000 
9 -4.495600 
10 -4.494300 
11 -4.494200 
12 -4.549700 
13 -4.684200 
14 -4.856900 
15 -5.048600 
16 -5.250000 
17 -5.454600 
18 -5.655800 
19 -5.844500 
20 -6.008100 
21 -6.131000 
22 -6.200400 
23 -5.968100 
24 -5.755600 
25 -5.718100 
26 -5.702900 
27 -5.713500 
28 -5.750800 
29 -5.809100 
30 -5.869600 
31 -5.897300 
32 -5.854800 
33 -5.748500 
34 -5.614900 
35 -5.485300 
36 -5.407400 
37 -5.459100 
38 -5.608800 
39 -5.787700 
40 -5.956000 
41 -6.052400 
42 -5.998000 
43 -5.823800 
44 -5.608800 
45 -5.389800 
46 -5.181000 
47 -4.988800 
48 -4.816900 
49 -4.667700 
50 -4.543500 
51 -4.467100 
52 -4.526500 
53 -4.682100 
54 -4.905700 
55 -5.176900 
56 -5.475400 
57 -5.746700 
58 -5.758400 
59 -5.583900 
60 -5.373200 
61 -5.233800 
62 -5.256200 
63 -5.228900 
64 -5.378300 
65 -5.534800 
66 -5.693400 
67 -5.848600 
68 -5.797600 
69 -5.734400 
70 -5.751200 
71 -5.900900 
72 -5.949100 
73 -5.798500 
74 -5.630800 
75 -5.450300 
76 -5.338400 
77 -5.444600 
78 -5.575100 
79 -5.717600 
80 -5.842900 
81 -5.897300 
82 -5.854800 
83 -5.748500 
84 -5.614900 
85 -5.485300 
86 -5.407400 
87 -5.459100 
88 -5.608800 
89 -5.787700 
90 -5.956000 
91 -6.052400 
92 -5.998000 
93 -5.823800 
94 -5.608800 
95 -5.389800 
96 -5.181000 
97 -4.988800 
98 -4.816900 
99 -4.667700 
100 -4.543500 
101 -4.467100 

1 -6.009600 
2 -5.990500 
3 -5.930300 
4 -5.823200 
5 -5.665400 
6 -5.460000 
7 -5.217100 
8 -4.949800 
9 -4.671500 
10 -4.494600 
11 -4.494200 
12 -4.549700 
13 -4.684200 
14 -4.856900 
15 -5.048600 
16 -5.250000 
17 -5.454600 
18 -5.655800 
19 -5.844500 
20 -6.008100 
21 -6.131000 
22 -6.200400 
23 -6.215100 
24 -6.188100 
25 -6.137100 
26 -6.077100 
27 -6.018500 
28 -5.967900 
29 -5.929400 
30 -5.905400 
31 -5.897300 
32 -5.914400 
33 -5.964900 
34 -6.046300 
35 -6.155200 
36 -6.287700 
37 -6.439900 
38 -6.607700 
39 -6.786200 
40 -6.967700 
41 -6.915500 
42 -6.942800 
43 -7.111600 
44 -6.919700 
45 -6.708100 
46 -6.500300 
47 -6.307000 
48 -6.137000 
49 -6.000900 
50 -5.911000 
51 -5.879400 
52 -5.888700 
53 -5.914200 
54 -5.948500 
55 -5.981100 
56 -5.999700 
57 -5.991900 
58 -5.947700 
59 -5.862200 
60 -5.737900 
61 -5.584700 
62 -5.831000 
63 -6.080900 
64 -6.333400 
65 -6.233800 
66 -6.056900 
67 -5.909300 
68 -5.990700 
69 -6.099300 
70 -6.134900 
71 -6.072300 
72 -6.188800 
73 -6.451300 
74 -6.350900 
75 -6.239100 
76 -6.135000 
77 -6.048200 
78 -5.981300 
79 -5.934300 
80 -5.906500 
81 -5.897300 
82 -5.914400 
83 -5.964900 
84 -6.046300 
85 -6.155200 
86 -6.287700 
87 -6.439900 
88 -6.607700 
89 -6.786200 
90 -6.967700 
91 -6.915500 
92 -6.942800 
93 -7.111600 
94 -6.919700 
95 -6.708100 
96 -6.500300 
97 -6.307000 
98 -6.137000 
99 -6.000900 
100 -5.911000 
101 -5.879400 

1 -7.847200 
2 -7.796700 
3 -7.678400 
4 -7.547700 
5 -7.440200 
6 -7.368400 
7 -7.329500 
8 -7.314000 
9 -7.311700 
10 -7.314000 
11 -7.315400 
12 -7.286100 
13 -7.204900 
14 -7.087600 
15 -6.950100 
16 -6.805500 
17 -6.664800 
18 -6.540200 
19 -6.457200 
20 -6.488700 
21 -6.514100 
22 -6.236000 
23 -6.215100 
24 -6.188100 
25 -6.137100 
26 -6.077100 
27 -6.018500 
28 -5.967900 
29 -5.929400 
30 -5.905400 
31 -5.897300 
32 -5.914400 
33 -5.964900 
34 -6.046300 
35 -6.155200 
36 -6.287700 
37 -6.439900 
38 -6.607700 
39 -6.786200 
40 -6.967700 
41 -7.131700 
42 -7.209100 
43 -7.111600 
44 -6.919700 
45 -6.708100 
46 -6.500300 
47 -6.307000 
48 -6.137000 
49 -6.000900 
50 -5.911000 
51 -5.879400 
52 -5.905100 
53 -5.968300 
54 -6.038100 
55 -6.083400 
56 -6.083200 
57 -6.064200 
58 -6.246900 
59 -6.555500 
60 -6.834800 
61 -7.008700 
62 -6.836600 
63 -6.638200 
64 -6.431700 
65 -6.587600 
66 -6.842600 
67 -6.952600 
68 -6.786200 
69 -6.648500 
70 -6.565100 
71 -6.540700 
72 -6.516400 
73 -6.558800 
74 -6.967700 
75 -6.894100 
76 -6.624300 
77 -6.385200 
78 -6.183900 
79 -6.029300 
80 -5.931100 
81 -5.897300 
82 -5.914400 
83 -5.964900 
84 -6.046300 
85 -6.155200 
86 -6.287700 
87 -6.439900 
88 -6.607700 
89 -6.786200 
90 -6.967700 
91 -7.131700 
92 -7.209100 
93 -7.111600 
94 -6.919700 
95 -6.708100 
96 -6.500300 
97 -6.307000 
98 -6.137000 
99 -6.000900 
100 -5.911000 
101 -5.879400 

1 -8.025200 
2 -8.009400 
3 -8.015700 
4 -8.039600 
5 -8.073400 
6 -8.107400 
7 -8.133400 
8 -8.148200 
9 -8.154200 
10 -8.155700 
11 -8.155800 
12 -8.170700 
13 -8.215100 
14 -8.287600 
15 -8.248000 
16 -7.967700 
17 -7.678300 
18 -7.384800 
19 -7.091000 
20 -6.799900 
21 -6.700900 
22 -7.013900 
23 -7.362300 
24 -7.721600 
25 -8.063000 
26 -8.103200 
27 -7.784300 
28 -7.469400 
29 -7.201600 
30 -7.011400 
31 -6.939800 
32 -6.993200 
33 -7.132200 
34 -7.320700 
35 -7.529100 
36 -7.716600 
37 -7.756200 
38 -7.564800 
39 -7.303600 
40 -7.063100 
41 -7.131700 
42 -7.209100 
43 -7.115500 
44 -7.355500 
45 -7.626800 
46 -7.915500 
47 -8.215300 
48 -8.522200 
49 -8.833000 
50 -9.143800 
51 -9.415000 
52 -9.370100 
53 -9.116700 
54 -8.854800 
55 -8.612900 
56 -8.413100 
57 -8.269700 
58 -8.181800 
59 -8.134300 
60 -8.126800 
61 -8.212600 
62 -7.982500 
63 -7.757800 
64 -7.540800 
65 -7.333200 
66 -7.136400 
67 -7.097600 
68 -7.351800 
69 -7.604400 
70 -7.853700 
71 -8.085100 
72 -7.835400 
73 -7.504300 
74 -7.188900 
75 -7.386900 
76 -7.746000 
77 -7.733600 
78 -7.475400 
79 -7.217000 
80 -7.018700 
81 -6.939800 
82 -6.993200 
83 -7.132200 
84 -7.320700 
85 -7.529100 
86 -7.716600 
87 -7.756200 
88 -7.564800 
89 -7.303600 
90 -7.063100 
91 -7.131700 
92 -7.209100 
93 -7.115500 
94 -7.355500 
95 -7.626800 
96 -7.915500 
97 -8.215300 
98 -8.522200 
99 -8.833000 
100 -9.143800 
101 -9.415000 

1 -8.025200 
2 -8.064700 
3 -8.127400 
4 -8.211500 
5 -8.314500 
6 -8.433300 
7 -8.563700 
8 -8.700300 
9 -8.833500 
10 -8.943300 
11 -8.990000 
12 -8.920400 
13 -8.744800 
14 -8.511600 
15 -8.386300 
16 -8.508800 
17 -8.456600 
18 -8.260800 
19 -8.098500 
20 -7.983700 
21 -7.932900 
22 -7.959500 
23 -8.064400 
24 -8.234500 
25 -8.450700 
26 -8.545800 
27 -8.857000 
28 -9.171400 
29 -9.438500 
30 -9.621700 
31 -9.689400 
32 -9.592800 
33 -9.358800 
34 -9.065000 
35 -8.758200 
36 -8.486400 
37 -8.381000 
38 -8.530000 
39 -8.330200 
40 -8.088900 
41 -7.876400 
42 -7.763100 
43 -7.838100 
44 -8.022000 
45 -8.241100 
46 -8.474000 
47 -8.712900 
48 -8.953800 
49 -9.193300 
50 -9.427700 
51 -9.497800 
52 -9.418600 
53 -9.273000 
54 -9.084500 
55 -8.901000 
56 -8.727700 
57 -8.571700 
58 -8.440900 
59 -8.341000 
60 -8.273200 
61 -8.234500 
62 -8.279300 
63 -8.336200 
64 -8.405500 
65 -8.486900 
66 -8.580100 
67 -8.684600 
68 -8.800000 
69 -8.904500 
70 -8.546000 
71 -8.204300 
72 -8.331400 
73 -8.328100 
74 -8.415400 
75 -8.568100 
76 -8.342400 
77 -8.470400 
78 -8.858900 
79 -9.250900 
80 -9.562300 
81 -9.689400 
82 -9.592800 
83 -9.358800 
84 -9.065000 
85 -8.758200 
86 -8.486400 
87 -8.381000 
88 -8.530000 
89 -8.330200 
90 -8.088900 
91 -7.876400 
92 -7.763100 
93 -7.838100 
94 -8.022000 
95 -8.241100 
96 -8.474000 
97 -8.712900 
98 -8.953800 
99 -9.193300 
100 -9.427700 
101 -9.497800 

1 -9.135200 
2 -9.186300 
3 -9.101000 
4 -9.039000 
5 -9.007400 
6 -9.012800 
7 -9.057000 
8 -9.132300 
9 -9.220000 
10 -9.292400 
11 -9.320900 
12 -9.360100 
13 -9.345600 
14 -9.134700 
15 -8.904800 
16 -8.674700 
17 -8.456600 
18 -8.260800 
19 -8.098500 
20 -7.983700 
21 -7.932900 
22 -7.959500 
23 -8.064400 
24 -8.234500 
25 -8.450700 
26 -8.695600 
27 -8.954500 
28 -9.211800 
29 -9.446100 
30 -9.621700 
31 -9.689400 
32 -9.662500 
33 -9.581500 
34 -9.448000 
35 -9.269300 
36 -9.057400 
37 -8.823800 
38 -8.578600 
39 -8.330200 
40 -8.088900 
41 -7.876400 
42 -7.763100 
43 -7.838100 
44 -8.022000 
45 -8.241100 
46 -8.474000 
47 -8.712900 
48 -8.953800 
49 -9.193300 
50 -9.427700 
51 -9.625100 
52 -9.462900 
53 -9.417800 
54 -9.345300 
55 -9.190800 
56 -8.997800 
57 -8.796100 
58 -8.613000 
59 -8.476700 
60 -8.408500 
61 -8.393800 
62 -8.418200 
63 -8.479900 
64 -8.567000 
65 -8.670900 
66 -8.786700 
67 -8.912200 
68 -9.046200 
69 -8.908400 
70 -8.638100 
71 -8.438500 
72 -8.348800 
73 -8.581300 
74 -8.805000 
75 -8.606300 
76 -8.763200 
77 -8.983500 
78 -9.214100 
79 -9.436200 
80 -9.615200 
81 -9.689400 
82 -9.662500 
83 -9.581500 
84 -9.448000 
85 -9.269300 
86 -9.057400 
87 -8.823800 
88 -8.578600 
89 -8.330200 
90 -8.088900 
91 -7.876400 
92 -7.763100 
93 -7.838100 
94 -8.022000 
95 -8.241100 
96 -8.474000 
97 -8.712900 
98 -8.953800 
99 -9.193300 
100 -9.427700 
101 -9.625100 

1 -9.288400 
2 -9.199400 
3 -9.358100 
4 -9.549100 
5 -9.707200 
6 -9.757200 
7 -9.758800 
8 -9.693000 
9 -9.627900 
10 -9.583100 
11 -9.567300 
12 -9.505200 
13 -9.345600 
14 -9.134700 
15 -8.904900 
16 -8.674700 
17 -8.652400 
18 -8.814300 
19 -8.991900 
20 -9.182400 
21 -9.383300 
22 -9.591400 
23 -9.401800 
24 -8.985700 
25 -8.606700 
26 -8.695600 
27 -8.954500 
28 -9.211800 
29 -9.446100 
30 -9.622700 
31 -9.689400 
32 -9.662500 
33 -9.581500 
34 -9.448000 
35 -9.269300 
36 -9.057400 
37 -8.823800 
38 -8.578600 
39 -8.780300 
40 -9.061000 
41 -9.354200 
42 -9.652100 
43 -9.948600 
44 -10.236500 
45 -10.465100 
46 -10.425500 
47 -10.350600 
48 -10.230200 
49 -10.052700 
50 -9.762500 
51 -9.625100 
52 -9.533000 
53 -9.489600 
54 -9.485800 
55 -9.528900 
56 -9.596300 
57 -9.684700 
58 -9.791200 
59 -9.911000 
60 -10.002900 
61 -9.947000 
62 -10.056800 
63 -10.164900 
64 -10.226000 
65 -10.078900 
66 -9.832300 
67 -9.529400 
68 -9.210200 
69 -8.925600 
70 -9.060800 
71 -9.205000 
72 -9.357600 
73 -9.324400 
74 -8.955600 
75 -9.014800 
76 -9.205700 
77 -9.372000 
78 -9.507700 
79 -9.607800 
80 -9.668900 
81 -9.689400 
82 -9.662500 
83 -9.581500 
84 -9.448000 
85 -9.269300 
86 -9.057400 
87 -8.823800 
88 -8.578600 
89 -8.780300 
90 -9.061000 
91 -9.354200 
92 -9.652100 
93 -9.948600 
94 -10.236500 
95 -10.465100 
96 -10.425500 
97 -10.350600 
98 -10.230200 
99 -10.052700 
100 -9.762500 
101 -9.625100 

1 -9.288400 
2 -9.401200 
3 -9.518000 
4 -9.630500 
5 -9.711400 
6 -9.783400 
7 -9.808600 
8 -9.770500 
9 -9.691900 
10 -9.607100 
11 -9.567300 
12 -9.505200 
13 -9.470700 
14 -9.636500 
15 -9.840700 
16 -10.068800 
17 -10.308800 
18 -10.546300 
19 -10.736100 
20 -10.637000 
21 -10.256400 
22 -9.830200 
23 -9.804400 
24 -10.018700 
25 -10.230600 
26 -10.435400 
27 -10.627100 
28 -10.760000 
29 -10.784500 
30 -10.840700 
31 -10.908500 
32 -10.822100 
33 -10.707400 
34 -10.616700 
35 -10.554400 
36 -10.515800 
37 -10.494200 
38 -10.484000 
39 -10.481000 
40 -10.482400 
41 -10.485600 
42 -10.488600 
43 -10.488900 
44 -10.483000 
45 -10.465100 
46 -10.425500 
47 -10.350600 
48 -10.230200 
49 -10.067400 
50 -9.874300 
51 -9.689900 
52 -9.849700 
53 -10.028800 
54 -10.181400 
55 -10.256700 
56 -10.224800 
57 -10.155100 
58 -10.092600 
59 -10.044800 
60 -10.035900 
61 -10.133200 
62 -10.212200 
63 -10.265600 
64 -10.236700 
65 -10.177900 
66 -9.946100 
67 -9.625500 
68 -9.271900 
69 -9.187800 
70 -9.336200 
71 -9.489300 
72 -9.621100 
73 -9.517900 
74 -9.685100 
75 -9.858300 
76 -10.036700 
77 -10.219500 
78 -10.405400 
79 -10.592700 
80 -10.777200 
81 -10.908500 
82 -10.822100 
83 -10.707400 
84 -10.616700 
85 -10.554400 
86 -10.515800 
87 -10.494200 
88 -10.484000 
89 -10.481000 
90 -10.482400 
91 -10.485600 
92 -10.488600 
93 -10.488900 
94 -10.483000 
95 -10.465100 
96 -10.425500 
97 -10.350600 
98 -10.230200 
99 -10.067400 
100 -9.874300 
101 -9.689900 

1 -9.609500 
2 -9.616000 
3 -9.634900 
4 -9.665700 
5 -9.726900 
6 -9.791800 
7 -9.812900 
8 -9.869400 
9 -9.920100 
10 -9.956200 
11 -9.969400 
12 -10.021900 
13 -10.146600 
14 -10.295800 
15 -10.443600 
16 -10.578000 
17 -10.693500 
18 -10.787400 
19 -10.859300 
20 -10.856400 
21 -10.836000 
22 -10.816100 
23 -10.797400 
24 -10.780700 
25 -10.766800 
26 -10.757000 
27 -10.753500 
28 -10.760000 
29 -10.784500 
30 -10.840700 
31 -10.908500 
32 -10.822100 
33 -10.707500 
34 -10.616700 
35 -10.554400 
36 -10.515800 
37 -10.494200 
38 -10.484000 
39 -10.481000 
40 -10.482400 
41 -10.485600 
42 -10.488600 
43 -10.488900 
44 -10.483000 
45 -10.499600 
46 -10.662000 
47 -10.557600 
48 -10.324200 
49 -10.067400 
50 -9.874300 
51 -9.689900 
52 -9.867100 
53 -10.046700 
54 -10.193600 
55 -10.309400 
56 -10.393800 
57 -10.444000 
58 -10.455100 
59 -10.415300 
60 -10.311700 
61 -10.165600 
62 -10.232400 
63 -10.346000 
64 -10.532000 
65 -10.741600 
66 -10.817800 
67 -10.915900 
68 -10.965900 
69 -10.791300 
70 -10.453600 
71 -10.091300 
72 -9.743100 
73 -9.824500 
74 -9.986700 
75 -10.149900 
76 -10.309000 
77 -10.459400 
78 -10.596500 
79 -10.717100 
80 -10.825700 
81 -10.908500 
82 -10.822100 
83 -10.707500 
84 -10.616700 
85 -10.554400 
86 -10.515800 
87 -10.494200 
88 -10.484000 
89 -10.481000 
90 -10.482400 
91 -10.485600 
92 -10.488600 
93 -10.488900 
94 -10.483000 
95 -10.499600 
96 -10.662000 
97 -10.557600 
98 -10.324200 
99 -10.067400 
100 -9.874300 
101 -9.689900 

1 -10.825700 
2 -10.784400 
3 -10.683700 
4 -10.570000 
5 -10.493600 
6 -10.508000 
7 -10.613800 
8 -10.749700 
9 -10.869000 
10 -10.948100 
11 -10.975800 
12 -10.972800 
13 -10.966500 
14 -10.957400 
15 -10.945800 
16 -10.931300 
17 -10.914800 
18 -10.896300 
19 -10.876700 
20 -10.856400 
21 -10.836000 
22 -10.816100 
23 -10.797400 
24 -10.780700 
25 -10.766800 
26 -10.757000 
27 -10.753500 
28 -10.797200 
29 -10.915100 
30 -10.910100 
31 -10.908500 
32 -10.980600 
33 -11.060400 
34 -11.064100 
35 -11.069100 
36 -11.075600 
37 -11.083000 
38 -11.091300 
39 -11.100400 
40 -11.110300 
41 -11.120200 
42 -11.130200 
43 -11.140000 
44 -11.149400 
45 -11.138400 
46 -11.040500 
47 -10.943900 
48 -10.870200 
49 -10.827600 
50 -10.806600 
51 -10.800500 
52 -10.770900 
53 -10.712200 
54 -10.650800 
55 -10.621800 
56 -10.678000 
57 -10.755400 
58 -10.817100 
59 -10.861200 
60 -10.864300 
61 -10.780800 
62 -10.880400 
63 -10.827800 
64 -10.760200 
65 -10.754700 
66 -10.985700 
67 -11.167800 
68 -11.075200 
69 -10.971200 
70 -10.962700 
71 -10.951900 
72 -10.942700 
73 -10.937000 
74 -10.936300 
75 -10.941900 
76 -10.954700 
77 -10.975100 
78 -11.001100 
79 -11.028200 
80 -10.992900 
81 -10.908500 
82 -10.980600 
83 -11.060400 
84 -11.064100 
85 -11.069100 
86 -11.075600 
87 -11.083000 
88 -11.091300 
89 -11.100400 
90 -11.110300 
91 -11.120200 
92 -11.130200 
93 -11.140000 
94 -11.149400 
95 -11.138400 
96 -11.040500 
97 -10.943900 
98 -10.870200 
99 -10.827600 
100 -10.806600 
101 -10.800500 

1 -11.822500 
2 -11.686100 
3 -11.529000 
4 -11.365700 
5 -11.211300 
6 -11.082900 
7 -10.997200 
8 -10.959700 
9 -10.958200 
10 -10.969800 
11 -10.975900 
12 -10.972800 
13 -10.966500 
14 -10.957400 
15 -10.945800 
16 -10.931300 
17 -10.914800 
18 -10.896300 
19 -10.876700 
20 -10.910200 
21 -10.942500 
22 -10.959400 
23 -10.964700 
24 -10.961800 
25 -10.953900 
26 -10.943500 
27 -10.932600 
28 -10.922800 
29 -10.934300 
30 -11.025300 
31 -11.057400 
32 -11.058200 
33 -11.139900 
34 -11.307300 
35 -11.445900 
36 -11.547500 
37 -11.615800 
38 -11.655400 
39 -11.668500 
40 -11.654400 
41 -11.607700 
42 -11.525100 
43 -11.420900 
44 -11.292200 
45 -11.158100 
46 -11.048800 
47 -10.943900 
48 -10.870200 
49 -10.827600 
50 -10.806600 
51 -10.800500 
52 -10.781100 
53 -10.724500 
54 -10.678700 
55 -10.698600 
56 -10.766000 
57 -10.852600 
58 -10.916000 
59 -10.919300 
60 -10.892400 
61 -10.914600 
62 -10.917000 
63 -11.059700 
64 -11.199400 
65 -11.309200 
66 -11.221900 
67 -11.212300 
68 -11.293700 
69 -11.439200 
70 -11.607200 
71 -11.710700 
72 -11.758300 
73 -11.784000 
74 -11.788400 
75 -11.770800 
76 -11.729000 
77 -11.657200 
78 -11.475500 
79 -11.202800 
80 -11.049400 
81 -11.057400 
82 -11.058200 
83 -11.139900 
84 -11.307300 
85 -11.445900 
86 -11.547500 
87 -11.615800 
88 -11.655400 
89 -11.668500 
90 -11.654400 
91 -11.607700 
92 -11.525100 
93 -11.420900 
94 -11.292200 
95 -11.158100 
96 -11.048800 
97 -10.943900 
98 -10.870200 
99 -10.827600 
100 -10.806600 
101 -10.800500 

1 -11.822500 
2 -11.925600 
3 -11.899600 
4 -11.793000 
5 -11.666400 
6 -11.531800 
7 -11.399800 
8 -11.279800 
9 -11.181900 
10 -11.116700 
11 -11.093600 
12 -11.160500 
13 -11.330500 
14 -11.554700 
15 -11.797500 
18 -11.660100 
19 -11.306100 
20 -11.220100 
21 -11.400200 
22 -11.614000 
23 -11.822700 
28 -11.746000 
29 -11.452400 
30 -11.199700 
31 -11.057500 
32 -11.150400 
33 -11.285700 
34 -11.411200 
35 -11.517300 
36 -11.600400 
37 -11.658400 
38 -11.689500 
39 -11.691800 
40 -11.664300 
41 -11.607700 
42 -11.525100 
43 -11.420900 
44 -11.300900 
45 -11.173100 
46 -11.048800 
47 -11.162200 
48 -11.178100 
49 -11.182700 
50 -11.185100 
51 -11.185900 
52 -11.177800 
53 -11.168700 
54 -11.182000 
55 -11.231500 
56 -11.326300 
57 -11.470600 
58 -11.658100 
59 -11.873100 
61 -11.993500 
62 -11.989300 
63 -11.751500 
64 -11.484800 
65 -11.324900 
66 -11.401600 
67 -11.372200 
68 -11.426400 
69 -11.545100 
70 -11.640300 
71 -11.778900 
72 -11.946500 
76 -11.908300 
77 -11.733900 
78 -11.545400 
79 -11.370200 
80 -11.187900 
81 -11.057500 
82 -11.150400 
83 -11.285700 
84 -11.411200 
85 -11.517300 
86 -11.600400 
87 -11.658400 
88 -11.689500 
89 -11.691800 
90 -11.664300 
91 -11.607700 
92 -11.525100 
93 -11.420900 
94 -11.300900 
95 -11.173100 
96 -11.048800 
97 -11.162200 
98 -11.178100 
99 -11.182700 
100 -11.185100 
101 -11.185900 

1 -11.961700 
2 -11.972000 
3 -11.982000 
4 -11.980800 
5 -11.916100 
6 -11.791400 
7 -11.623200 
8 -11.437400 
9 -11.264900 
10 -11.139900 
11 -11.093600 
12 -11.160500 
13 -11.330500 
14 -11.554700 
15 -11.797500 
28 -11.746000 
29 -11.452400 
30 -11.199700 
31 -11.057500 
32 -11.150400 
33 -11.285700 
34 -11.411200 
35 -11.517300 
36 -11.600400 
37 -11.658400 
38 -11.689500 
39 -11.691800 
40 -11.664300 
41 -11.610900 
42 -11.536000 
43 -11.428900 
44 -11.300900 
45 -11.173100 
46 -11.165900 
47 -11.172700 
48 -11.364300 
49 -11.551800 
50 -11.692400 
51 -11.748300 
52 -11.756000 
53 -11.783500 
54 -11.832800 
55 -11.899200 
56 -11.975400 
63 -11.860000 
64 -11.699800 
65 -11.615300 
66 -11.628600 
67 -11.709600 
68 -11.825700 
69 -11.955900 
77 -11.773300 
78 -11.553800 
79 -11.384900 
80 -11.190500 
81 -11.057500 
82 -11.150400 
83 -11.285700 
84 -11.411200 
85 -11.517300 
86 -11.600400 
87 -11.658400 
88 -11.689500 
89 -11.691800 
90 -11.664300 
91 -11.610900 
92 -11.536000 
93 -11.428900 
94 -11.300900 
95 -11.173100 
96 -11.165900 
97 -11.172700 
98 -11.364300 
99 -11.551800 
100 -11.692400 
101 -11.748300 

1 -11.997700 


