1 -10.154900 
2 -10.093900 
3 -9.920900 
4 -9.656900 
5 -9.335900 
6 -8.991900 
7 -8.660900 
8 -8.371900 
9 -8.149900 
10 -8.009900 
11 -7.961900 
12 -7.447900 
13 -6.027900 
14 -4.006900 
15 -1.722900 
16 0.558100 
17 2.677100 
18 4.562100 
19 6.200100 
20 7.605100 
21 8.806100 
22 9.828100 
23 10.695100 
24 11.429100 
25 12.044100 
26 12.551100 
27 12.958100 
28 13.270100 
29 13.491100 
30 13.623100 
31 13.667100 
32 13.634100 
33 13.535100 
34 13.370100 
35 13.137100 
36 12.835100 
37 12.461100 
38 12.011100 
39 11.480100 
40 10.862100 
41 10.148100 
42 9.331100 
43 8.401100 
44 7.352100 
45 6.188100 
46 4.928100 
47 3.621100 
48 2.358100 
49 1.274100 
50 0.529100 
51 0.263100 
52 0.150100 
53 -0.190900 
54 -0.764900 
55 -1.573900 
56 -2.614900 
57 -3.861900 
58 -5.250900 
59 -6.647900 
60 -7.828900 
61 -8.490900 
62 -7.822900 
63 -6.666900 
64 -5.037900 
65 -3.051900 
66 -0.886900 
67 1.280100 
68 3.315100 
69 5.147100 
70 6.749100 
71 8.128100 
72 9.303100 
73 10.298100 
74 11.136100 
75 11.835100 
76 12.409100 
77 12.868100 
78 13.220100 
79 13.469100 
80 13.618100 
81 13.667100 
82 13.634100 
83 13.535100 
84 13.370100 
85 13.137100 
86 12.835100 
87 12.461100 
88 12.011100 
89 11.480100 
90 10.862100 
91 10.148100 
92 9.331100 
93 8.401100 
94 7.352100 
95 6.188100 
96 4.928100 
97 3.621100 
98 2.358100 
99 1.274100 
100 0.529100 
101 0.263100 

