1 -0.896900 
2 -0.833900 
3 -0.726800 
4 -0.600900 
5 -0.482000 
6 -0.376500 
7 -0.287700 
8 -0.217200 
9 -0.166100 
10 -0.135200 
11 -0.124900 
12 -0.008400 
13 0.205600 
14 0.428000 
15 0.636900 
16 0.823100 
17 0.981000 
18 1.107200 
19 1.199000 
20 1.254700 
21 1.273400 
22 1.264100 
23 1.236100 
24 1.189700 
25 1.125200 
26 1.043100 
27 0.943900 
28 0.828600 
29 0.697900 
30 0.553000 
31 0.395200 
32 0.226400 
33 0.048900 
34 -0.133800 
35 -0.316500 
36 -0.491200 
37 -0.645800 
38 -0.766300 
39 -0.844500 
40 -0.884200 
41 -0.895900 
42 -0.894200 
43 -0.889300 
44 -0.881400 
45 -0.871100 
46 -0.859000 
47 -0.845900 
48 -0.832400 
49 -0.819300 
50 -0.807500 
51 -0.797500 
52 -0.786700 
53 -0.747100 
54 -0.726800 
55 -0.725500 
56 -0.742500 
57 -0.776400 
58 -0.820100 
59 -0.840600 
60 -0.866100 
61 -0.896900 
62 -0.638800 
63 -0.301500 
64 0.029800 
65 0.336000 
66 0.607900 
67 0.839600 
68 1.025700 
69 1.162100 
70 1.245400 
71 1.273400 
72 1.254700 
73 1.199000 
74 1.107200 
75 0.981000 
76 0.823100 
77 0.636900 
78 0.428000 
79 0.205600 
80 -0.008400 
81 -0.124900 

1 -0.896900 
2 -0.842000 
3 -0.778600 
4 -0.731000 
5 -0.690700 
6 -0.657500 
7 -0.631100 
8 -0.610900 
9 -0.596800 
10 -0.588400 
11 -0.585600 
12 -0.701800 
13 -0.916100 
14 -1.144000 
15 -1.370200 
16 -1.591500 
17 -1.802800 
18 -1.988700 
19 -2.121700 
20 -2.184200 
21 -2.205900 
22 -2.197700 
23 -2.174700 
24 -2.140200 
25 -2.098900 
26 -2.055300 
27 -2.013400 
28 -1.969800 
29 -1.821200 
30 -1.680400 
31 -1.549000 
32 -1.428100 
33 -1.318500 
34 -1.220800 
35 -1.135400 
36 -1.062600 
37 -1.002800 
38 -0.956100 
39 -0.922700 
40 -0.902600 
41 -0.895900 
42 -0.894200 
43 -0.889300 
44 -0.881400 
45 -0.871100 
46 -0.859000 
47 -0.845900 
48 -0.832400 
49 -0.819300 
50 -0.807500 
51 -0.797500 
52 -0.789900 
53 -0.785300 
54 -0.784100 
55 -0.786600 
56 -0.793300 
57 -0.804400 
58 -0.820100 
59 -0.840600 
60 -0.866100 
61 -0.896900 
62 -0.974700 
63 -1.075700 
64 -1.200800 
65 -1.350600 
66 -1.523400 
67 -1.713400 
68 -1.905800 
69 -2.071300 
70 -2.174100 
71 -2.205900 
72 -2.184200 
73 -2.121700 
74 -1.988700 
75 -1.802800 
76 -1.591500 
77 -1.370200 
78 -1.144000 
79 -0.916100 
80 -0.701800 
81 -0.585600 

1 -0.896900 
2 -0.967500 
3 -1.045200 
4 -1.129300 
5 -1.218000 
6 -1.308900 
7 -1.398300 
8 -1.480800 
9 -1.549100 
10 -1.595000 
11 -1.611300 
12 -1.621800 
13 -1.653100 
14 -1.704100 
15 -1.772700 
16 -1.855700 
17 -1.947900 
18 -2.041400 
19 -2.124900 
20 -2.188100 
21 -2.205900 
22 -2.197800 
23 -2.174700 
24 -2.140300 
25 -2.099000 
26 -2.055400 
27 -2.013400 
28 -1.976300 
29 -1.946200 
30 -1.924700 
31 -1.912800 
32 -1.911000 
33 -1.919000 
34 -1.936400 
35 -1.962000 
36 -1.899300 
37 -1.856400 
38 -1.873700 
39 -1.951000 
40 -2.061500 
41 -2.125300 
42 -2.054800 
43 -1.904800 
44 -1.735500 
45 -1.567600 
46 -1.409000 
47 -1.263400 
48 -1.132900 
49 -1.019200 
50 -0.923100 
51 -0.845400 
52 -0.789900 
53 -0.785300 
54 -0.784100 
55 -0.786600 
56 -0.793300 
57 -0.804400 
58 -0.824100 
59 -0.878200 
60 -0.917900 
61 -0.896900 
62 -0.974800 
63 -1.075700 
64 -1.200900 
65 -1.350600 
66 -1.523500 
67 -1.713400 
68 -1.905800 
69 -2.071400 
70 -2.174200 
71 -2.205900 
72 -2.188100 
73 -2.124900 
74 -2.041400 
75 -1.947900 
76 -1.855700 
77 -1.772700 
78 -1.704100 
79 -1.653100 
80 -1.621800 
81 -1.611300 

1 -1.385500 
2 -1.451800 
3 -1.600800 
4 -1.780600 
5 -1.968800 
6 -2.150300 
7 -2.307600 
8 -2.422000 
9 -2.488100 
10 -2.518200 
11 -2.526500 
12 -2.551200 
13 -2.612600 
14 -2.673900 
15 -2.698000 
16 -2.616800 
17 -2.470700 
18 -2.355600 
19 -2.272700 
20 -2.222600 
21 -2.205900 
22 -2.211400 
23 -2.227800 
24 -2.255100 
25 -2.293100 
26 -2.280500 
27 -2.124000 
28 -1.976300 
29 -1.946200 
30 -1.924700 
31 -1.912900 
32 -1.911000 
33 -1.919100 
34 -1.936500 
35 -1.962100 
36 -1.994000 
37 -2.029600 
38 -2.065200 
39 -2.096200 
40 -2.117600 
41 -2.125300 
42 -2.130700 
43 -2.146900 
44 -2.173800 
45 -2.211000 
46 -2.258300 
47 -2.314900 
48 -2.380200 
49 -2.453000 
50 -2.531800 
51 -2.615100 
52 -2.632400 
53 -2.512000 
54 -2.377400 
55 -2.229700 
56 -2.070700 
57 -1.903900 
58 -1.734600 
59 -1.572500 
60 -1.440100 
61 -1.385500 
62 -1.546200 
63 -1.857400 
64 -2.217200 
65 -2.542800 
66 -2.670100 
67 -2.583100 
68 -2.439500 
69 -2.314600 
70 -2.233700 
71 -2.205900 
72 -2.222600 
73 -2.272700 
74 -2.355600 
75 -2.470700 
76 -2.616800 
77 -2.698000 
78 -2.673900 
79 -2.612600 
80 -2.551200 
81 -2.526500 

1 -3.144700 
2 -3.135700 
3 -3.111900 
4 -3.082000 
5 -3.056700 
6 -3.048800 
7 -3.074500 
8 -3.106100 
9 -3.100900 
10 -3.097600 
11 -3.096500 
12 -3.053600 
13 -2.974100 
14 -2.901100 
15 -2.792600 
16 -2.685300 
17 -2.662900 
18 -2.660900 
19 -2.702900 
20 -2.776000 
21 -2.814400 
22 -2.783900 
23 -2.699800 
24 -2.578000 
25 -2.434500 
26 -2.341400 
27 -2.399800 
28 -2.467600 
29 -2.544300 
30 -2.629000 
31 -2.673000 
32 -2.473100 
33 -2.286700 
34 -2.123800 
35 -1.991900 
36 -1.994000 
37 -2.029600 
38 -2.065200 
39 -2.096200 
40 -2.117600 
41 -2.125300 
42 -2.130800 
43 -2.147000 
44 -2.173800 
45 -2.211000 
46 -2.258300 
47 -2.315000 
48 -2.380200 
49 -2.453000 
50 -2.531900 
51 -2.615100 
52 -2.700600 
53 -2.785600 
54 -2.867300 
55 -2.942400 
56 -3.007700 
57 -3.060800 
58 -3.100200 
59 -3.126300 
60 -3.140400 
61 -3.144700 
62 -3.130600 
63 -3.092100 
64 -3.031700 
65 -2.954600 
66 -2.871700 
67 -2.797900 
68 -2.749800 
69 -2.745400 
70 -2.785200 
71 -2.814400 
72 -2.776000 
73 -2.702900 
74 -2.660900 
75 -2.662900 
76 -2.685300 
77 -2.792600 
78 -2.901100 
79 -2.974100 
80 -3.053600 
81 -3.096500 

1 -3.144700 
2 -3.143500 
3 -3.139900 
4 -3.134400 
5 -3.127600 
6 -3.120100 
7 -3.112700 
8 -3.149300 
9 -3.272400 
10 -3.415600 
11 -3.471700 
12 -3.476800 
13 -3.225500 
14 -2.996200 
15 -2.846500 
16 -2.812100 
17 -2.796200 
18 -2.794900 
19 -2.802100 
20 -2.810700 
21 -2.814400 
22 -2.822200 
23 -2.845000 
24 -2.882000 
25 -2.930600 
26 -2.986200 
27 -3.038400 
28 -3.062300 
29 -3.011900 
30 -2.866800 
31 -2.720700 
32 -2.818100 
33 -2.919500 
34 -3.022800 
35 -3.125400 
36 -3.223900 
37 -3.314300 
38 -3.170200 
39 -2.945600 
40 -2.750700 
41 -2.660000 
42 -2.727300 
43 -2.860600 
44 -2.978800 
45 -3.042500 
46 -3.052100 
47 -3.025800 
48 -2.976600 
49 -2.911100 
50 -2.831600 
51 -2.738800 
52 -2.700600 
53 -2.785700 
54 -2.867400 
55 -2.942500 
56 -3.007800 
57 -3.060800 
58 -3.100200 
59 -3.126300 
60 -3.140400 
61 -3.144700 
62 -3.130600 
63 -3.092100 
64 -3.031700 
65 -2.954600 
66 -2.871700 
67 -2.797900 
68 -2.749800 
69 -2.745400 
70 -2.785200 
71 -2.814400 
72 -2.810700 
73 -2.802100 
74 -2.794900 
75 -2.796200 
76 -2.812100 
77 -2.846500 
78 -2.996200 
79 -3.225500 
80 -3.476800 
81 -3.471700 

1 -4.053300 
2 -4.009500 
3 -3.958800 
4 -3.906800 
5 -3.857600 
6 -3.813700 
7 -3.773900 
8 -3.658900 
9 -3.561100 
10 -3.495100 
11 -3.499600 
12 -3.500200 
13 -3.518400 
14 -3.598300 
15 -3.781600 
16 -4.067600 
17 -4.424100 
18 -4.622400 
19 -4.566300 
20 -4.498800 
21 -4.472300 
22 -4.495600 
23 -4.564300 
24 -4.674200 
25 -4.745000 
26 -4.411700 
27 -4.110000 
28 -3.865900 
29 -3.724800 
30 -3.703300 
31 -3.749000 
32 -3.807900 
33 -3.843600 
34 -3.827500 
35 -3.742300 
36 -3.591200 
37 -3.392900 
38 -3.392200 
39 -3.452600 
40 -3.491100 
41 -3.504300 
42 -3.510200 
43 -3.527600 
44 -3.555600 
45 -3.592900 
46 -3.637600 
47 -3.687200 
48 -3.739100 
49 -3.790100 
50 -3.837300 
51 -3.877800 
52 -3.910000 
53 -3.933400 
54 -3.949400 
55 -3.960800 
56 -3.971000 
57 -3.982600 
58 -3.997300 
59 -4.014900 
60 -4.034100 
61 -4.053300 
62 -3.969500 
63 -3.852500 
64 -3.705700 
65 -3.607500 
66 -3.741800 
67 -4.141400 
68 -4.652600 
69 -4.561000 
70 -4.494400 
71 -4.472300 
72 -4.498800 
73 -4.566300 
74 -4.622400 
75 -4.424100 
76 -4.067600 
77 -3.781600 
78 -3.598300 
79 -3.518400 
80 -3.500200 
81 -3.499600 

1 -4.053300 
2 -4.065900 
3 -4.085700 
4 -4.055300 
5 -3.987700 
6 -3.889200 
7 -3.776400 
8 -3.746900 
9 -3.725500 
10 -3.712600 
11 -3.708300 
12 -3.541100 
13 -3.699500 
14 -3.900700 
15 -4.126200 
16 -4.358500 
17 -4.554700 
18 -4.781000 
19 -4.652000 
20 -4.518700 
21 -4.472300 
22 -4.495700 
23 -4.564300 
24 -4.674200 
25 -4.819600 
26 -4.993200 
27 -5.162000 
28 -5.227500 
29 -5.091400 
30 -4.924800 
31 -4.749500 
32 -4.571800 
33 -4.395700 
34 -4.224800 
35 -4.062400 
36 -3.912300 
37 -3.778300 
38 -3.665300 
39 -3.578400 
40 -3.523300 
41 -3.504300 
42 -3.510200 
43 -3.527600 
44 -3.555700 
45 -3.593000 
46 -3.637600 
47 -3.687200 
48 -3.739100 
49 -3.790100 
50 -3.837300 
51 -3.877900 
52 -3.910000 
53 -3.933400 
54 -3.949500 
55 -3.960900 
56 -3.971000 
57 -3.982600 
58 -3.997400 
59 -4.015000 
60 -4.034100 
61 -4.053300 
62 -4.090400 
63 -4.135500 
64 -4.209800 
65 -4.329800 
66 -4.498000 
67 -4.699800 
68 -4.671700 
69 -4.798500 
70 -4.573700 
71 -4.472300 
72 -4.518700 
73 -4.652000 
74 -4.781000 
75 -4.554700 
76 -4.358500 
77 -4.126200 
78 -3.900700 
79 -3.699500 
80 -3.541100 
81 -3.708300 

1 -4.053400 
2 -4.082100 
3 -4.099100 
4 -4.141200 
5 -4.176900 
6 -4.190400 
7 -4.168200 
8 -4.103500 
9 -3.999600 
10 -3.874900 
11 -3.798300 
12 -4.045500 
13 -4.342400 
14 -4.643300 
15 -4.937300 
16 -5.211800 
17 -5.119200 
18 -4.857500 
19 -4.749200 
20 -4.552900 
21 -4.472300 
22 -4.504100 
23 -4.591500 
24 -4.716900 
25 -4.819700 
26 -4.993300 
27 -5.177000 
28 -5.227500 
29 -5.091400 
30 -4.924800 
31 -4.749500 
32 -4.571800 
33 -4.395700 
34 -4.224800 
35 -4.062500 
36 -3.912300 
37 -3.778400 
38 -3.665300 
39 -3.578400 
40 -3.523300 
41 -3.504300 
42 -3.511700 
43 -3.540900 
44 -3.612200 
45 -3.743000 
46 -3.922300 
47 -4.122600 
48 -4.319200 
49 -4.488300 
50 -4.605200 
51 -4.650900 
52 -4.628200 
53 -4.560600 
54 -4.474100 
55 -4.386000 
56 -4.305700 
57 -4.236800 
58 -4.179500 
59 -4.132000 
60 -4.091200 
61 -4.053400 
62 -4.090400 
63 -4.135500 
64 -4.209800 
65 -4.329800 
66 -4.498100 
67 -4.699800 
68 -4.870100 
69 -4.798600 
70 -4.573800 
71 -4.472300 
72 -4.552900 
73 -4.749200 
74 -4.857500 
75 -5.119200 
76 -5.211800 
77 -4.937300 
78 -4.643300 
79 -4.342400 
80 -4.045500 
81 -3.798300 

1 -6.660700 
2 -6.437400 
3 -6.251700 
4 -6.130300 
5 -6.081000 
6 -6.101100 
7 -6.097600 
8 -6.019100 
9 -5.962100 
10 -5.927500 
11 -5.916000 
12 -5.953000 
13 -6.037900 
14 -6.062400 
15 -5.753100 
16 -5.422200 
17 -5.323000 
18 -5.175600 
19 -5.342900 
20 -5.706000 
21 -5.887800 
22 -5.745700 
23 -5.441700 
24 -5.094300 
25 -4.862300 
26 -5.013800 
27 -5.177000 
28 -5.301700 
29 -5.430400 
30 -5.547700 
31 -5.654200 
32 -5.750900 
33 -5.838400 
34 -5.813200 
35 -5.778800 
36 -5.816000 
37 -5.901200 
38 -6.005500 
39 -6.102000 
40 -6.169400 
41 -6.193500 
42 -6.182200 
43 -6.149400 
44 -6.099000 
45 -6.035900 
46 -5.965800 
47 -5.894300 
48 -5.827100 
49 -5.769500 
50 -5.726700 
51 -5.703300 
52 -5.703100 
53 -5.728300 
54 -5.779700 
55 -5.856400 
56 -5.956600 
57 -6.078000 
58 -6.217400 
59 -6.370500 
60 -6.527200 
61 -6.660700 
62 -6.251400 
63 -5.881800 
64 -5.553600 
65 -5.268000 
66 -5.025500 
67 -4.826600 
68 -4.870200 
69 -5.186200 
70 -5.661700 
71 -5.887800 
72 -5.706000 
73 -5.342900 
74 -5.175600 
75 -5.323000 
76 -5.422200 
77 -5.753100 
78 -6.062400 
79 -6.037900 
80 -5.953000 
81 -5.916000 

1 -6.660700 
2 -6.673500 
3 -6.596800 
4 -6.449500 
5 -6.314700 
6 -6.196700 
7 -6.180600 
8 -6.307300 
9 -6.470800 
10 -6.492200 
11 -6.496300 
12 -6.482800 
13 -6.428700 
14 -6.087800 
15 -5.766800 
16 -5.496700 
17 -5.432800 
18 -5.339000 
19 -5.534200 
20 -5.768500 
21 -5.887800 
22 -5.874900 
23 -5.836100 
24 -5.771900 
25 -5.683800 
26 -5.575500 
27 -5.462900 
28 -5.488600 
29 -5.705800 
30 -5.958700 
31 -6.225500 
32 -6.097400 
33 -5.924900 
34 -5.917100 
35 -5.987000 
36 -6.047800 
37 -6.098900 
38 -6.139600 
39 -6.169400 
40 -6.187500 
41 -6.193500 
42 -6.182200 
43 -6.149500 
44 -6.099000 
45 -6.035900 
46 -5.965800 
47 -5.894300 
48 -5.827100 
49 -5.769500 
50 -5.726700 
51 -5.703300 
52 -5.703100 
53 -5.728400 
54 -5.779700 
55 -5.856400 
56 -5.956700 
57 -6.078000 
58 -6.217400 
59 -6.370500 
60 -6.527200 
61 -6.660700 
62 -6.739100 
63 -6.532800 
64 -6.475300 
65 -6.570900 
66 -6.576900 
67 -6.044200 
68 -5.630500 
69 -5.564900 
70 -5.762400 
71 -5.887800 
72 -5.768500 
73 -5.534200 
74 -5.339000 
75 -5.432800 
76 -5.496700 
77 -5.766800 
78 -6.087800 
79 -6.428700 
80 -6.482800 
81 -6.496300 

1 -6.660700 
2 -6.733400 
3 -6.711700 
4 -6.774600 
5 -6.689100 
6 -6.593300 
7 -6.526300 
8 -6.492700 
9 -6.486100 
10 -6.660700 
11 -6.819900 
12 -6.702600 
13 -6.435900 
14 -6.096400 
15 -5.938100 
16 -5.712900 
17 -5.452200 
18 -5.644800 
19 -5.781700 
20 -5.861800 
21 -5.887900 
22 -5.874900 
23 -5.836100 
24 -5.771900 
25 -5.683800 
26 -5.575500 
27 -5.462900 
28 -5.488600 
29 -5.705800 
30 -5.958700 
31 -6.225500 
32 -6.499100 
33 -6.773700 
34 -7.042300 
35 -7.030000 
36 -6.888200 
37 -6.761200 
38 -6.654200 
39 -6.572500 
40 -6.521100 
41 -6.503500 
42 -6.516800 
43 -6.555900 
44 -6.619000 
45 -6.702400 
46 -6.791400 
47 -6.741100 
48 -6.545500 
49 -6.381800 
50 -6.287300 
51 -6.281100 
52 -6.358900 
53 -6.494600 
54 -6.657300 
55 -6.822800 
56 -6.972900 
57 -7.092800 
58 -7.122600 
59 -7.042600 
60 -6.879400 
61 -6.660700 
62 -6.770900 
63 -6.842100 
64 -6.944600 
65 -6.995500 
66 -6.577000 
67 -6.044200 
68 -5.630500 
69 -5.564900 
70 -5.762400 
71 -5.887900 
72 -5.861800 
73 -5.781700 
74 -5.644800 
75 -5.452200 
76 -5.712900 
77 -5.938100 
78 -6.096400 
79 -6.435900 
80 -6.702600 
81 -6.819900 

1 -7.017900 
2 -6.987800 
3 -6.907700 
4 -6.800400 
5 -6.861300 
6 -6.970400 
7 -7.100400 
8 -7.248600 
9 -7.395300 
10 -7.142400 
11 -6.962400 
12 -6.775100 
13 -6.460700 
14 -6.516800 
15 -6.708300 
16 -6.941200 
17 -7.074100 
18 -7.035100 
19 -6.951000 
20 -6.868700 
21 -6.815600 
22 -6.831700 
23 -6.880400 
24 -6.963100 
25 -7.006700 
26 -6.981700 
27 -6.927500 
28 -6.834100 
29 -6.693700 
30 -6.510300 
31 -6.302500 
32 -6.499100 
33 -6.773700 
34 -7.042400 
35 -7.296700 
36 -7.526400 
37 -7.720700 
38 -7.871200 
39 -7.968500 
40 -8.028300 
41 -8.054000 
42 -7.982800 
43 -7.801000 
44 -7.562100 
45 -7.303800 
46 -7.059600 
47 -6.987000 
48 -7.104300 
49 -7.250000 
50 -7.406600 
51 -7.569700 
52 -7.737500 
53 -7.795400 
54 -7.640900 
55 -7.491600 
56 -7.352500 
57 -7.227900 
58 -7.122600 
59 -7.042600 
60 -6.998700 
61 -7.017900 
62 -6.770900 
63 -6.842100 
64 -6.944600 
65 -6.995500 
66 -6.792700 
67 -7.106400 
68 -7.397900 
69 -7.219200 
70 -6.958200 
71 -6.815600 
72 -6.868700 
73 -6.951000 
74 -7.035100 
75 -7.074100 
76 -6.941200 
77 -6.708300 
78 -6.516800 
79 -6.460700 
80 -6.775100 
81 -6.962400 

1 -7.017900 
2 -7.056000 
3 -7.352500 
4 -7.601700 
5 -7.821100 
6 -8.035800 
7 -7.948200 
8 -7.666600 
9 -7.410700 
10 -7.573300 
11 -7.667300 
12 -7.834900 
13 -8.078900 
14 -8.197600 
15 -8.021300 
16 -7.738900 
17 -7.660700 
18 -7.543100 
19 -7.231900 
20 -6.949300 
21 -6.815600 
22 -6.888400 
23 -6.974500 
24 -7.006900 
25 -7.081500 
26 -7.237000 
27 -7.430200 
28 -7.659600 
29 -7.921700 
30 -7.833800 
31 -7.669100 
32 -7.504300 
33 -7.341300 
34 -7.182200 
35 -7.296700 
36 -7.526500 
37 -7.720800 
38 -7.871200 
39 -7.975100 
40 -8.034700 
41 -8.054000 
42 -8.066600 
43 -8.102900 
44 -8.158900 
45 -8.228100 
46 -8.301500 
47 -8.363100 
48 -8.384200 
49 -8.337300 
50 -8.233400 
51 -8.099100 
52 -7.950200 
53 -7.795400 
54 -7.640900 
55 -7.491700 
56 -7.352500 
57 -7.227900 
58 -7.167900 
59 -7.106700 
60 -6.998700 
61 -7.017900 
62 -7.327000 
63 -7.797600 
64 -7.904700 
65 -7.369200 
66 -7.322300 
67 -7.410900 
68 -7.397900 
69 -7.219200 
70 -6.958200 
71 -6.815600 
72 -6.949300 
73 -7.231900 
74 -7.543100 
75 -7.660700 
76 -7.738900 
77 -8.021300 
78 -8.197600 
79 -8.078900 
80 -7.834900 
81 -7.667300 

1 -7.017900 
2 -7.188200 
3 -7.388800 
4 -7.701400 
5 -8.072300 
6 -8.271300 
7 -8.282000 
8 -8.487900 
9 -8.334200 
10 -8.127500 
11 -8.018800 
12 -8.105900 
13 -8.252000 
14 -8.213900 
15 -8.175700 
16 -8.045500 
17 -7.826500 
18 -7.773300 
19 -7.748100 
20 -7.505700 
21 -7.371900 
22 -7.449100 
23 -7.684600 
24 -8.001000 
25 -8.260000 
26 -8.324000 
27 -8.226300 
28 -8.082100 
29 -7.952600 
30 -7.859500 
31 -7.802300 
32 -7.772400 
33 -7.761600 
34 -7.764800 
35 -7.780000 
36 -7.807300 
37 -7.848100 
38 -7.903200 
39 -7.975100 
40 -8.034800 
41 -8.054000 
42 -8.066600 
43 -8.102900 
44 -8.158900 
45 -8.228100 
46 -8.301500 
47 -8.363100 
48 -8.384200 
49 -8.337300 
50 -8.233400 
51 -8.099100 
52 -7.950200 
53 -7.910200 
54 -8.089100 
55 -8.081500 
56 -7.831200 
57 -7.583900 
58 -7.341900 
59 -7.183000 
60 -7.129100 
61 -7.017900 
62 -7.327100 
63 -7.797600 
64 -7.904700 
65 -7.369200 
66 -7.322400 
67 -7.410900 
68 -7.464000 
69 -7.712600 
70 -7.549400 
71 -7.371900 
72 -7.505700 
73 -7.748100 
74 -7.773300 
75 -7.826500 
76 -8.045500 
77 -8.175700 
78 -8.213900 
79 -8.252000 
80 -8.105900 
81 -8.018800 

1 -8.325200 
2 -8.357400 
3 -8.445300 
4 -8.571000 
5 -8.570600 
6 -8.450200 
7 -8.666900 
8 -8.521100 
9 -8.403100 
10 -8.325200 
11 -8.297800 
12 -8.284900 
13 -8.288400 
14 -8.412900 
15 -8.189600 
16 -8.199100 
17 -8.260000 
18 -8.383800 
19 -8.568400 
20 -8.783300 
21 -8.908400 
22 -8.856600 
23 -8.748400 
24 -8.637000 
25 -8.543800 
26 -8.462000 
27 -8.313400 
28 -8.157600 
29 -7.997200 
30 -8.211000 
31 -8.514000 
32 -8.577500 
33 -8.653400 
34 -8.741000 
35 -8.842000 
36 -8.960200 
37 -9.101300 
38 -9.268400 
39 -9.457800 
40 -9.456300 
41 -9.385300 
42 -9.436500 
43 -9.523200 
44 -9.363300 
45 -9.211300 
46 -9.073600 
47 -8.961100 
48 -8.897400 
49 -8.904900 
50 -8.968500 
51 -9.025200 
52 -8.810700 
53 -8.576800 
54 -8.331500 
55 -8.275400 
56 -8.464800 
57 -8.616500 
58 -8.581600 
59 -8.446000 
60 -8.353400 
61 -8.325200 
62 -8.398400 
63 -8.549800 
64 -8.403100 
65 -8.897400 
66 -9.107900 
67 -9.047800 
68 -8.839100 
69 -8.570300 
70 -8.705100 
71 -8.908400 
72 -8.783300 
73 -8.568400 
74 -8.383800 
75 -8.260000 
76 -8.199100 
77 -8.189600 
78 -8.412900 
79 -8.288400 
80 -8.284900 
81 -8.297800 

1 -9.791400 
2 -9.511700 
3 -9.201600 
4 -8.884700 
5 -8.715600 
6 -8.802900 
7 -8.810000 
8 -8.569400 
9 -8.672400 
10 -8.806500 
11 -8.857100 
12 -8.893400 
13 -8.842600 
14 -8.471100 
15 -8.618100 
16 -8.725600 
17 -8.800700 
18 -8.851600 
19 -8.697700 
20 -8.813100 
21 -8.908400 
22 -8.856700 
23 -8.748400 
24 -8.637000 
25 -8.543800 
26 -8.476400 
27 -8.436500 
28 -8.423100 
29 -8.433700 
30 -8.465100 
31 -8.514000 
32 -8.577500 
33 -8.653400 
34 -8.741000 
35 -8.842000 
36 -8.960200 
37 -9.101300 
38 -9.268500 
39 -9.457900 
40 -9.652700 
41 -9.775800 
42 -9.680400 
43 -9.523200 
44 -9.363300 
45 -9.211400 
46 -9.073600 
47 -8.961200 
48 -8.897500 
49 -8.905000 
50 -8.968500 
51 -9.058900 
52 -9.159200 
53 -9.262000 
54 -9.364000 
55 -9.453000 
56 -9.221900 
57 -9.038100 
58 -9.081900 
59 -9.292400 
60 -9.539700 
61 -9.791400 
62 -9.300100 
63 -8.643100 
64 -8.403100 
65 -8.897400 
66 -9.193300 
67 -9.047800 
68 -8.839100 
69 -8.787700 
70 -8.855900 
71 -8.908400 
72 -8.813100 
73 -8.697600 
74 -8.851600 
75 -8.800700 
76 -8.725600 
77 -8.618100 
78 -8.471100 
79 -8.842500 
80 -8.893400 
81 -8.857000 

1 -9.791500 
2 -9.686200 
3 -9.480900 
4 -9.263800 
5 -9.061100 
6 -8.945900 
7 -8.819600 
8 -9.099100 
9 -9.260800 
10 -9.321600 
11 -9.336100 
12 -9.198800 
13 -9.034200 
14 -9.323400 
15 -9.638200 
16 -9.519600 
17 -9.224200 
18 -8.856900 
19 -8.884300 
20 -8.902500 
21 -8.908400 
22 -8.885400 
23 -8.820200 
24 -8.721900 
25 -8.600000 
26 -8.476400 
27 -8.436500 
28 -8.423100 
29 -8.433700 
30 -8.465100 
31 -8.518800 
32 -8.832500 
33 -9.132300 
34 -9.389600 
35 -9.576000 
36 -9.686300 
37 -9.741100 
38 -9.764900 
39 -9.645900 
40 -9.652800 
41 -9.775900 
42 -9.680500 
43 -9.554900 
44 -9.669200 
45 -9.698700 
46 -9.646900 
47 -9.578600 
48 -9.487000 
49 -9.366300 
50 -9.212200 
51 -9.058900 
52 -9.159200 
53 -9.262100 
54 -9.364000 
55 -9.464100 
56 -9.562300 
57 -9.657500 
58 -9.744800 
59 -9.814600 
60 -9.846700 
61 -9.791500 
62 -9.300200 
63 -8.643200 
64 -8.731400 
65 -8.924400 
66 -9.193300 
67 -9.185600 
68 -8.882700 
69 -8.787800 
70 -8.855900 
71 -8.908500 
72 -8.902600 
73 -8.884400 
74 -8.856900 
75 -9.224200 
76 -9.519600 
77 -9.638000 
78 -9.323500 
79 -9.034200 
80 -9.198800 
81 -9.336000 

