1 1.121000 
2 1.287000 
3 1.432000 
4 1.767000 
5 2.156000 
6 2.554000 
7 2.924000 
8 3.239000 
9 3.478000 
10 3.627000 
11 3.678000 
12 3.659000 
13 3.626000 
14 3.659000 
15 3.862000 
16 4.266000 
17 4.773000 
18 5.258000 
19 5.636000 
20 5.867000 
21 5.943000 
22 5.905000 
23 5.791000 
24 5.602000 
25 5.341000 
26 5.013000 
27 4.630000 
28 4.208000 
29 3.767000 
30 3.338000 
31 2.957000 
32 2.671000 
33 2.516000 
34 2.505000 
35 2.618000 
36 2.810000 
37 3.063000 
38 3.277000 
39 3.431000 
40 3.524000 
41 3.555000 
42 3.530000 
43 3.453000 
44 3.329000 
45 3.159000 
46 2.950000 
47 2.708000 
48 2.442000 
49 2.161000 
50 1.879000 
51 1.609000 
52 1.636000 
53 1.897000 
54 2.053000 
55 2.109000 
56 2.076000 
57 1.963000 
58 1.785000 
59 1.566000 
60 1.333000 
61 1.121000 
62 1.297000 
63 1.407000 
64 1.707000 
65 2.504000 
66 3.363000 
67 4.189000 
68 4.915000 
69 5.480000 
70 5.828000 
71 5.943000 
72 5.867000 
73 5.636000 
74 5.258000 
75 4.773000 
76 4.266000 
77 3.862000 
78 3.659000 
79 3.626000 
80 3.659000 
81 3.678000 

1 1.121000 
2 1.203000 
3 1.414000 
4 1.504000 
5 1.566000 
6 1.604000 
7 1.625000 
8 1.634000 
9 1.637000 
10 1.637000 
11 1.636000 
12 1.595000 
13 1.472000 
14 1.278000 
15 1.027000 
16 0.740000 
17 0.443000 
18 0.167000 
19 -0.059000 
20 -0.207000 
21 -0.258000 
22 -0.257000 
23 -0.256000 
24 -0.261000 
25 -0.280000 
26 -0.321000 
27 -0.390000 
28 -0.493000 
29 -0.370000 
30 0.165000 
31 0.689000 
32 1.190000 
33 1.657000 
34 2.084000 
35 2.464000 
36 2.791000 
37 3.031000 
38 3.241000 
39 3.410000 
40 3.518000 
41 3.555000 
42 3.530000 
43 3.453000 
44 3.329000 
45 3.159000 
46 2.950000 
47 2.708000 
48 2.442000 
49 2.161000 
50 1.879000 
51 1.609000 
52 1.365000 
53 1.159000 
54 1.002000 
55 0.898000 
56 0.847000 
57 0.843000 
58 0.879000 
59 0.944000 
60 1.028000 
61 1.121000 
62 1.297000 
63 1.407000 
64 1.403000 
65 1.260000 
66 0.985000 
67 0.623000 
68 0.255000 
69 -0.034000 
70 -0.204000 
71 -0.258000 
72 -0.207000 
73 -0.059000 
74 0.167000 
75 0.443000 
76 0.740000 
77 1.027000 
78 1.278000 
79 1.472000 
80 1.595000 
81 1.636000 

1 1.121000 
2 0.910000 
3 0.652000 
4 0.345000 
5 -0.007000 
6 -0.401000 
7 -0.826000 
8 -1.260000 
9 -1.664000 
10 -1.968000 
11 -2.084000 
12 -1.776000 
13 -1.127000 
14 -0.491000 
15 -0.099000 
16 -0.009000 
17 -0.094000 
18 -0.192000 
19 -0.241000 
20 -0.255000 
21 -0.258000 
22 -0.257000 
23 -0.256000 
24 -0.261000 
25 -0.280000 
26 -0.321000 
27 -0.390000 
28 -0.493000 
29 -0.637000 
30 -0.828000 
31 -1.072000 
32 -1.375000 
33 -1.741000 
34 -2.174000 
35 -2.675000 
36 -3.243000 
37 -3.871000 
38 -4.540000 
39 -5.204000 
40 -5.754000 
41 -5.984000 
42 -5.703000 
43 -4.997000 
44 -4.096000 
45 -3.145000 
46 -2.213000 
47 -1.336000 
48 -0.536000 
49 0.171000 
50 0.774000 
51 1.263000 
52 1.365000 
53 1.159000 
54 1.002000 
55 0.898000 
56 0.847000 
57 0.843000 
58 0.879000 
59 0.944000 
60 1.028000 
61 1.121000 
62 0.908000 
63 1.119000 
64 1.403000 
65 1.260000 
66 0.985000 
67 0.623000 
68 0.255000 
69 -0.034000 
70 -0.204000 
71 -0.258000 
72 -0.255000 
73 -0.241000 
74 -0.192000 
75 -0.094000 
76 -0.009000 
77 -0.099000 
78 -0.491000 
79 -1.127000 
80 -1.776000 
81 -2.084000 

1 -4.002000 
2 -3.980000 
3 -3.915000 
4 -3.810000 
5 -3.680000 
6 -3.541000 
7 -3.409000 
8 -3.297000 
9 -3.214000 
10 -3.163000 
11 -3.146000 
12 -3.182000 
13 -3.159000 
14 -3.029000 
15 -2.849000 
16 -2.693000 
17 -1.894000 
18 -1.181000 
19 -0.666000 
20 -0.359000 
21 -0.258000 
22 -0.284000 
23 -0.360000 
24 -0.488000 
25 -0.665000 
26 -0.891000 
27 -1.163000 
28 -0.902000 
29 -0.637000 
30 -0.828000 
31 -1.072000 
32 -1.375000 
33 -1.741000 
34 -2.174000 
35 -2.675000 
36 -3.243000 
37 -3.871000 
38 -4.540000 
39 -5.204000 
40 -5.754000 
41 -5.984000 
42 -5.929000 
43 -5.778000 
44 -5.560000 
45 -5.306000 
46 -5.041000 
47 -4.782000 
48 -4.539000 
49 -4.322000 
50 -4.136000 
51 -3.988000 
52 -3.880000 
53 -3.815000 
54 -3.791000 
55 -3.801000 
56 -3.834000 
57 -3.881000 
58 -3.928000 
59 -3.967000 
60 -3.993000 
61 -4.002000 
62 -3.965000 
63 -3.853000 
64 -3.676000 
65 -3.455000 
66 -3.230000 
67 -3.055000 
68 -1.937000 
69 -0.990000 
70 -0.436000 
71 -0.258000 
72 -0.359000 
73 -0.666000 
74 -1.181000 
75 -1.894000 
76 -2.693000 
77 -2.849000 
78 -3.029000 
79 -3.159000 
80 -3.182000 
81 -3.146000 

1 -4.002000 
2 -4.000000 
3 -3.992000 
4 -3.980000 
5 -3.966000 
6 -3.950000 
7 -3.933000 
8 -3.919000 
9 -3.907000 
10 -3.900000 
11 -3.897000 
12 -3.868000 
13 -3.786000 
14 -3.670000 
15 -3.540000 
16 -2.780000 
17 -2.638000 
18 -2.724000 
19 -2.907000 
20 -3.078000 
21 -3.147000 
22 -3.092000 
23 -2.928000 
24 -2.665000 
25 -2.314000 
26 -1.892000 
27 -1.415000 
28 -1.480000 
29 -1.838000 
30 -2.232000 
31 -2.656000 
32 -3.102000 
33 -3.560000 
34 -4.019000 
35 -4.463000 
36 -4.879000 
37 -5.249000 
38 -5.558000 
39 -5.791000 
40 -5.935000 
41 -5.984000 
42 -5.929000 
43 -5.778000 
44 -5.560000 
45 -5.306000 
46 -5.041000 
47 -4.782000 
48 -4.539000 
49 -4.322000 
50 -4.136000 
51 -3.988000 
52 -3.880000 
53 -3.815000 
54 -3.791000 
55 -3.801000 
56 -3.834000 
57 -3.881000 
58 -3.928000 
59 -3.967000 
60 -3.993000 
61 -4.002000 
62 -3.965000 
63 -3.853000 
64 -3.676000 
65 -3.455000 
66 -3.230000 
67 -3.055000 
68 -2.980000 
69 -3.017000 
70 -3.103000 
71 -3.147000 
72 -3.078000 
73 -2.907000 
74 -2.724000 
75 -2.638000 
76 -2.780000 
77 -3.540000 
78 -3.670000 
79 -3.786000 
80 -3.868000 
81 -3.897000 

1 -8.298000 
2 -8.391000 
3 -8.659000 
4 -9.071000 
5 -9.584000 
6 -10.151000 
7 -9.412000 
8 -8.476000 
9 -7.707000 
10 -7.181000 
11 -6.990000 
12 -6.685000 
13 -5.898000 
14 -4.872000 
15 -3.795000 
16 -3.417000 
17 -3.312000 
18 -3.234000 
19 -3.183000 
20 -3.155000 
21 -3.147000 
22 -3.171000 
23 -3.244000 
24 -3.366000 
25 -3.533000 
26 -3.731000 
27 -3.943000 
28 -4.141000 
29 -4.300000 
30 -4.410000 
31 -4.490000 
32 -4.596000 
33 -4.800000 
34 -5.151000 
35 -5.656000 
36 -6.283000 
37 -6.980000 
38 -7.693000 
39 -8.364000 
40 -8.912000 
41 -9.154000 
42 -9.009000 
43 -8.821000 
44 -8.691000 
45 -8.593000 
46 -8.514000 
47 -8.455000 
48 -8.432000 
49 -8.470000 
50 -8.594000 
51 -8.816000 
52 -9.102000 
53 -9.357000 
54 -9.474000 
55 -9.422000 
56 -9.246000 
57 -9.007000 
58 -8.755000 
59 -8.527000 
60 -8.362000 
61 -8.298000 
62 -8.624000 
63 -9.648000 
64 -9.081000 
65 -6.907000 
66 -4.933000 
67 -3.261000 
68 -2.980000 
69 -3.017000 
70 -3.103000 
71 -3.147000 
72 -3.155000 
73 -3.183000 
74 -3.234000 
75 -3.312000 
76 -3.417000 
77 -3.795000 
78 -4.872000 
79 -5.898000 
80 -6.685000 
81 -6.990000 

1 -15.921000 
2 -14.983000 
3 -13.903000 
4 -12.752000 
5 -11.590000 
6 -10.464000 
7 -10.728000 
8 -11.270000 
9 -11.727000 
10 -11.909000 
11 -11.661000 
12 -11.707000 
13 -11.828000 
14 -11.979000 
15 -12.105000 
16 -12.151000 
17 -12.089000 
18 -11.926000 
19 -11.716000 
20 -11.539000 
21 -11.470000 
22 -11.539000 
23 -11.703000 
24 -11.862000 
25 -11.920000 
26 -11.828000 
27 -11.603000 
28 -11.306000 
29 -11.021000 
30 -10.826000 
31 -10.764000 
32 -10.832000 
33 -10.989000 
34 -11.178000 
35 -11.341000 
36 -11.429000 
37 -11.411000 
38 -11.275000 
39 -11.036000 
40 -10.754000 
41 -10.600000 
42 -10.680000 
43 -10.904000 
44 -11.230000 
45 -11.613000 
46 -12.011000 
47 -12.393000 
48 -12.736000 
49 -13.028000 
50 -13.266000 
51 -13.456000 
52 -13.611000 
53 -13.747000 
54 -13.884000 
55 -14.043000 
56 -14.238000 
57 -14.481000 
58 -14.777000 
59 -15.122000 
60 -15.509000 
61 -15.921000 
62 -13.942000 
63 -11.686000 
64 -11.674000 
65 -13.809000 
66 -15.918000 
67 -15.530000 
68 -14.060000 
69 -12.716000 
70 -11.795000 
71 -11.470000 
72 -11.539000 
73 -11.716000 
74 -11.926000 
75 -12.089000 
76 -12.151000 
77 -12.105000 
78 -11.979000 
79 -11.828000 
80 -11.707000 
81 -11.661000 

1 -15.921000 
2 -16.028000 
3 -16.333000 
4 -16.786000 
5 -16.616000 
6 -15.823000 
7 -14.765000 
8 -13.623000 
9 -12.607000 
10 -12.042000 
11 -12.156000 
12 -12.548000 
13 -13.568000 
14 -14.871000 
15 -16.056000 
16 -16.697000 
17 -16.437000 
18 -15.226000 
19 -13.405000 
20 -11.977000 
21 -11.470000 
22 -11.726000 
23 -12.482000 
24 -13.694000 
25 -15.274000 
26 -17.072000 
27 -18.877000 
28 -20.445000 
29 -21.554000 
30 -22.063000 
31 -21.949000 
32 -21.285000 
33 -20.205000 
34 -18.855000 
35 -17.365000 
36 -15.839000 
37 -14.357000 
38 -12.987000 
39 -11.805000 
40 -10.938000 
41 -10.600000 
42 -10.680000 
43 -10.904000 
44 -11.230000 
45 -11.613000 
46 -12.011000 
47 -12.393000 
48 -12.736000 
49 -13.028000 
50 -13.266000 
51 -13.456000 
52 -13.611000 
53 -13.747000 
54 -13.884000 
55 -14.043000 
56 -14.238000 
57 -14.481000 
58 -14.777000 
59 -15.122000 
60 -15.509000 
61 -15.921000 
62 -16.744000 
63 -17.411000 
64 -17.731000 
65 -17.542000 
66 -16.778000 
67 -15.530000 
68 -14.060000 
69 -12.716000 
70 -11.795000 
71 -11.470000 
72 -11.977000 
73 -13.405000 
74 -15.226000 
75 -16.437000 
76 -16.697000 
77 -16.056000 
78 -14.871000 
79 -13.568000 
80 -12.548000 
81 -12.156000 

1 -15.921000 
2 -16.630000 
3 -17.023000 
4 -17.028000 
5 -17.313000 
6 -17.831000 
7 -18.257000 
8 -18.536000 
9 -18.661000 
10 -18.681000 
11 -18.675000 
12 -18.977000 
13 -19.669000 
14 -20.270000 
15 -20.283000 
16 -19.397000 
17 -17.652000 
18 -15.462000 
19 -13.505000 
20 -12.038000 
21 -11.470000 
22 -11.726000 
23 -12.482000 
24 -13.694000 
25 -15.274000 
26 -17.072000 
27 -18.877000 
28 -20.445000 
29 -21.554000 
30 -22.063000 
31 -21.949000 
32 -21.285000 
33 -20.205000 
34 -18.855000 
35 -17.365000 
36 -15.839000 
37 -14.357000 
38 -12.987000 
39 -11.805000 
40 -10.938000 
41 -10.600000 
42 -11.032000 
43 -11.929000 
44 -12.935000 
45 -13.888000 
46 -14.685000 
47 -15.250000 
48 -15.542000 
49 -15.571000 
50 -15.407000 
51 -15.172000 
52 -15.024000 
53 -15.111000 
54 -15.498000 
55 -16.095000 
56 -16.706000 
57 -17.146000 
58 -17.299000 
59 -17.128000 
60 -16.652000 
61 -15.921000 
62 -16.744000 
63 -17.411000 
64 -17.731000 
65 -17.542000 
66 -16.778000 
67 -17.224000 
68 -16.906000 
69 -14.897000 
70 -12.509000 
71 -11.470000 
72 -12.038000 
73 -13.505000 
74 -15.462000 
75 -17.652000 
76 -19.397000 
77 -20.283000 
78 -20.270000 
79 -19.669000 
80 -18.977000 
81 -18.675000 

