1 1.451100 
2 1.428100 
3 1.360100 
4 1.251100 
5 1.112100 
6 0.953100 
7 0.789100 
8 0.637100 
9 0.513100 
10 0.433100 
11 0.405100 
12 0.413100 
13 0.438100 
14 0.486100 
15 0.564100 
16 0.688100 
17 0.878100 
18 1.153100 
19 1.517100 
20 1.955100 
21 2.435100 
22 2.927100 
23 3.407100 
24 3.856100 
25 4.263100 
26 4.617100 
27 4.912100 
28 5.145100 
29 5.312100 
30 5.412100 
31 5.446100 
32 5.401100 
33 5.269100 
34 5.054100 
35 4.764100 
36 4.414100 
37 4.019100 
38 3.606100 
39 3.214100 
40 2.908100 
41 2.786100 
42 2.731100 
43 2.570100 
44 2.314100 
45 1.981100 
46 1.601100 
47 1.209100 
48 1.233100 
49 1.350100 
50 1.425100 
51 1.451100 
52 1.439100 
53 1.409100 
54 1.391100 
55 1.449100 
56 1.636100 
57 1.926100 
58 2.270100 
59 2.640100 
60 3.017100 
61 3.388100 
62 3.745100 
63 4.079100 
64 4.385100 
65 4.658100 
66 4.894100 
67 5.091100 
68 5.245100 
69 5.356100 
70 5.423100 
71 5.446100 
72 5.412100 
73 5.312100 
74 5.145100 
75 4.912100 
76 4.617100 
77 4.263100 
78 3.856100 
79 3.407100 
80 2.927100 
81 2.435100 
82 1.955100 
83 1.517100 
84 1.153100 
85 0.878100 
86 0.688100 
87 0.564100 
88 0.486100 
89 0.438100 
90 0.413100 
91 0.405100 

1 0.290100 
2 0.211100 
3 -0.030900 
4 -0.437900 
5 -1.008900 
6 -0.611900 
7 -0.256900 
8 0.028100 
9 0.236100 
10 0.362100 
11 0.405100 
12 0.379100 
13 0.304100 
14 0.181100 
15 0.013100 
16 -0.195900 
17 -0.433900 
18 -0.683900 
19 -0.907900 
20 -1.046900 
21 -1.047900 
22 -0.931900 
23 -0.759900 
24 -0.575900 
25 -0.401900 
26 -0.249900 
27 -0.122900 
28 -0.023900 
29 0.047100 
30 0.090100 
31 0.104100 
32 0.088100 
33 0.042100 
34 -0.030900 
35 -0.124900 
36 -0.211900 
37 -0.186900 
38 -0.065900 
39 0.130100 
40 0.327100 
41 0.415100 
42 0.438100 
43 0.506100 
44 0.615100 
45 0.758100 
46 0.920100 
47 1.084100 
48 0.845100 
49 0.549100 
50 0.357100 
51 0.290100 
52 0.323100 
53 0.413100 
54 0.523100 
55 0.581100 
56 0.525100 
57 0.377100 
58 0.186100 
59 -0.005900 
60 -0.165900 
61 -0.263900 
62 -0.296900 
63 -0.277900 
64 -0.226900 
65 -0.160900 
66 -0.090900 
67 -0.025900 
68 0.028100 
69 0.070100 
70 0.095100 
71 0.104100 
72 0.090100 
73 0.047100 
74 -0.023900 
75 -0.122900 
76 -0.249900 
77 -0.401900 
78 -0.575900 
79 -0.759900 
80 -0.931900 
81 -1.047900 
82 -1.046900 
83 -0.907900 
84 -0.683900 
85 -0.433900 
86 -0.195900 
87 0.013100 
88 0.181100 
89 0.304100 
90 0.379100 
91 0.405100 

1 -2.578900 
2 -2.369900 
3 -1.944900 
4 -1.477900 
5 -1.024900 
6 -0.611900 
7 -0.256900 
8 0.028100 
9 0.236100 
10 0.362100 
11 0.405100 
12 0.379100 
13 0.304100 
14 0.181100 
15 0.013100 
16 -0.195900 
17 -0.433900 
18 -0.683900 
19 -0.907900 
20 -1.046900 
21 -1.047900 
22 -0.931900 
23 -0.759900 
24 -0.575900 
25 -0.401900 
26 -0.249900 
27 -0.122900 
28 -0.023900 
29 0.047100 
30 0.090100 
31 0.104100 
32 0.082100 
33 0.020100 
34 -0.068900 
35 -0.158900 
36 -0.231900 
37 -0.342900 
38 -0.444900 
39 -0.528900 
40 -0.582900 
41 -0.601900 
42 -0.628900 
43 -0.714900 
44 -0.864900 
45 -1.077900 
46 -1.349900 
47 -1.664900 
48 -1.993900 
49 -2.291900 
50 -2.502900 
51 -2.578900 
52 -2.553900 
53 -2.477900 
54 -2.357900 
55 -2.199900 
56 -2.012900 
57 -1.806900 
58 -1.589900 
59 -1.369900 
60 -1.152900 
61 -0.944900 
62 -0.749900 
63 -0.571900 
64 -0.412900 
65 -0.273900 
66 -0.156900 
67 -0.061900 
68 0.011100 
69 0.063100 
70 0.094100 
71 0.104100 
72 0.090100 
73 0.047100 
74 -0.023900 
75 -0.122900 
76 -0.249900 
77 -0.401900 
78 -0.575900 
79 -0.759900 
80 -0.931900 
81 -1.047900 
82 -1.046900 
83 -0.907900 
84 -0.683900 
85 -0.433900 
86 -0.195900 
87 0.013100 
88 0.181100 
89 0.304100 
90 0.379100 
91 0.405100 

1 -2.578900 
2 -2.369900 
3 -1.944900 
4 -1.477900 
5 -1.024900 
6 -1.735900 
7 -2.606900 
8 -3.592900 
9 -4.624900 
10 -5.523900 
11 -5.917900 
12 -5.774900 
13 -5.385900 
14 -4.843900 
15 -4.243900 
16 -3.666900 
17 -3.175900 
18 -2.817900 
19 -2.617900 
20 -2.571900 
21 -2.660900 
22 -2.858900 
23 -3.145900 
24 -3.501900 
25 -3.911900 
26 -4.360900 
27 -4.832900 
28 -5.315900 
29 -5.798900 
30 -6.260900 
31 -6.550900 
32 -6.223900 
33 -5.696900 
34 -5.154900 
35 -4.637900 
36 -4.169900 
37 -3.768900 
38 -3.445900 
39 -3.209900 
40 -3.065900 
41 -3.017900 
42 -2.994900 
43 -2.933900 
44 -2.850900 
45 -2.765900 
46 -2.693900 
47 -2.640900 
48 -2.607900 
49 -2.589900 
50 -2.581900 
51 -2.578900 
52 -2.566900 
53 -2.532900 
54 -2.479900 
55 -2.416900 
56 -2.350900 
57 -2.293900 
58 -2.263900 
59 -2.284900 
60 -2.385900 
61 -2.586900 
62 -2.891900 
63 -3.279900 
64 -3.723900 
65 -4.198900 
66 -4.681900 
67 -5.153900 
68 -5.599900 
69 -6.007900 
70 -6.360900 
71 -6.550900 
72 -6.260900 
73 -5.798900 
74 -5.315900 
75 -4.832900 
76 -4.360900 
77 -3.911900 
78 -3.501900 
79 -3.145900 
80 -2.858900 
81 -2.660900 
82 -2.571900 
83 -2.617900 
84 -2.817900 
85 -3.175900 
86 -3.666900 
87 -4.243900 
88 -4.843900 
89 -5.385900 
90 -5.774900 
91 -5.917900 

1 -3.684900 
2 -3.873900 
3 -4.237900 
4 -4.613900 
5 -4.957900 
6 -5.252900 
7 -5.493900 
8 -5.680900 
9 -5.812900 
10 -5.891900 
11 -5.917900 
12 -5.812900 
13 -5.529900 
14 -5.131900 
15 -4.679900 
16 -4.219900 
17 -3.784900 
18 -3.405900 
19 -3.125900 
20 -3.004900 
21 -3.091900 
22 -3.360900 
23 -3.739900 
24 -4.173900 
25 -4.625900 
26 -5.067900 
27 -5.482900 
28 -5.853900 
29 -6.172900 
30 -6.427900 
31 -6.550900 
32 -6.223900 
33 -5.696900 
34 -5.154900 
35 -4.637900 
36 -4.169900 
37 -3.768900 
38 -3.445900 
39 -3.209900 
40 -3.065900 
41 -3.017900 
42 -3.032900 
43 -3.076900 
44 -3.146900 
45 -3.236900 
46 -3.337900 
47 -3.441900 
48 -3.538900 
49 -3.615900 
50 -3.666900 
51 -3.684900 
52 -3.685900 
53 -3.692900 
54 -3.704900 
55 -3.726900 
56 -3.758900 
57 -3.805900 
58 -3.867900 
59 -3.949900 
60 -4.053900 
61 -4.179900 
62 -4.330900 
63 -4.508900 
64 -4.712900 
65 -4.942900 
66 -5.198900 
67 -5.477900 
68 -5.776900 
69 -6.086900 
70 -6.383900 
71 -6.550900 
72 -6.427900 
73 -6.172900 
74 -5.853900 
75 -5.482900 
76 -5.067900 
77 -4.625900 
78 -4.173900 
79 -3.739900 
80 -3.360900 
81 -3.091900 
82 -3.004900 
83 -3.125900 
84 -3.405900 
85 -3.784900 
86 -4.219900 
87 -4.679900 
88 -5.131900 
89 -5.529900 
90 -5.812900 
91 -5.917900 

1 -3.684900 
2 -3.873900 
3 -4.237900 
4 -4.613900 
5 -4.957900 
6 -5.252900 
7 -5.493900 
8 -5.680900 
9 -5.812900 
10 -5.891900 
11 -5.917900 
12 -5.812900 
13 -5.529900 
14 -5.131900 
15 -4.679900 
16 -4.219900 
17 -3.784900 
18 -3.405900 
19 -3.125900 
20 -3.004900 
21 -3.091900 
22 -3.360900 
23 -3.739900 
24 -4.173900 
25 -4.625900 
26 -5.067900 
27 -5.482900 
28 -5.853900 
29 -6.172900 
30 -6.427900 
31 -6.550900 
32 -6.560900 
33 -6.592900 
34 -6.642900 
35 -6.706900 
36 -6.778900 
37 -6.851900 
38 -6.918900 
39 -6.972900 
40 -7.007900 
41 -7.019900 
42 -6.776900 
43 -6.309900 
44 -5.794900 
45 -5.291900 
46 -4.830900 
47 -4.431900 
48 -4.110900 
49 -3.875900 
50 -3.732900 
51 -3.684900 
52 -3.697900 
53 -3.737900 
54 -3.803900 
55 -3.894900 
56 -4.011900 
57 -4.151900 
58 -4.314900 
59 -4.497900 
60 -4.698900 
61 -4.912900 
62 -5.137900 
63 -5.366900 
64 -5.593900 
65 -5.812900 
66 -6.016900 
67 -6.195900 
68 -6.345900 
69 -6.457900 
70 -6.526900 
71 -6.550900 
72 -6.427900 
73 -6.172900 
74 -5.853900 
75 -5.482900 
76 -5.067900 
77 -4.625900 
78 -4.173900 
79 -3.739900 
80 -3.360900 
81 -3.091900 
82 -3.004900 
83 -3.125900 
84 -3.405900 
85 -3.784900 
86 -4.219900 
87 -4.679900 
88 -5.131900 
89 -5.529900 
90 -5.812900 
91 -5.917900 

1 -6.107900 
2 -6.691900 
3 -8.293900 
4 -10.389900 
5 -10.781900 
6 -10.854900 
7 -10.928900 
8 -10.996900 
9 -11.050900 
10 -11.085900 
11 -11.097900 
12 -11.204900 
13 -11.489900 
14 -11.874900 
15 -12.275900 
16 -12.623900 
17 -12.863900 
18 -12.956900 
19 -12.879900 
20 -12.631900 
21 -12.225900 
22 -11.693900 
23 -11.073900 
24 -10.407900 
25 -9.735900 
26 -9.092900 
27 -8.507900 
28 -7.998900 
29 -7.580900 
30 -7.266900 
31 -7.123900 
32 -7.272900 
33 -7.636900 
34 -8.044900 
35 -8.206900 
36 -8.246900 
37 -8.184900 
38 -8.056900 
39 -7.913900 
40 -7.803900 
41 -7.762900 
42 -7.911900 
43 -8.098900 
44 -8.149900 
45 -8.025900 
46 -7.737900 
47 -7.331900 
48 -6.885900 
49 -6.483900 
50 -6.206900 
51 -6.107900 
52 -6.157900 
53 -6.303900 
54 -6.534900 
55 -6.834900 
56 -7.180900 
57 -7.547900 
58 -7.908900 
59 -8.236900 
60 -8.508900 
61 -8.708900 
62 -8.824900 
63 -8.852900 
64 -8.794900 
65 -8.659900 
66 -8.327900 
67 -7.941900 
68 -7.605900 
69 -7.345900 
70 -7.180900 
71 -7.123900 
72 -7.266900 
73 -7.580900 
74 -7.998900 
75 -8.507900 
76 -9.092900 
77 -9.735900 
78 -10.407900 
79 -11.073900 
80 -11.693900 
81 -12.225900 
82 -12.631900 
83 -12.879900 
84 -12.956900 
85 -12.863900 
86 -12.623900 
87 -12.275900 
88 -11.874900 
89 -11.489900 
90 -11.204900 
91 -11.097900 

1 -10.621900 
2 -10.632900 
3 -10.665900 
4 -10.716900 
5 -11.582900 
6 -11.853900 
7 -11.971900 
8 -11.970900 
9 -11.770900 
10 -11.356900 
11 -11.097900 
12 -11.204900 
13 -11.489900 
14 -11.874900 
15 -12.275900 
16 -12.623900 
17 -12.863900 
18 -12.956900 
19 -12.879900 
20 -12.631900 
21 -12.225900 
22 -11.693900 
23 -11.073900 
24 -10.407900 
25 -9.735900 
26 -9.092900 
27 -8.507900 
28 -7.998900 
29 -7.580900 
30 -7.266900 
31 -7.123900 
32 -7.397900 
33 -7.764900 
34 -8.044900 
35 -8.206900 
36 -8.246900 
37 -8.184900 
38 -8.056900 
39 -7.913900 
40 -7.803900 
41 -7.762900 
42 -8.121900 
43 -9.011900 
44 -9.930900 
45 -10.332900 
46 -10.487900 
47 -10.585900 
48 -10.643900 
49 -10.656900 
50 -10.636900 
51 -10.621900 
52 -10.630900 
53 -10.653900 
54 -10.683900 
55 -10.712900 
56 -10.725900 
57 -10.710900 
58 -10.656900 
59 -10.550900 
60 -10.386900 
61 -10.160900 
62 -9.873900 
63 -9.531900 
64 -9.146900 
65 -8.737900 
66 -8.457900 
67 -8.202900 
68 -7.908900 
69 -7.595900 
70 -7.293900 
71 -7.123900 
72 -7.266900 
73 -7.580900 
74 -7.998900 
75 -8.507900 
76 -9.092900 
77 -9.735900 
78 -10.407900 
79 -11.073900 
80 -11.693900 
81 -12.225900 
82 -12.631900 
83 -12.879900 
84 -12.956900 
85 -12.863900 
86 -12.623900 
87 -12.275900 
88 -11.874900 
89 -11.489900 
90 -11.204900 
91 -11.097900 

1 -11.628900 
2 -11.660900 
3 -11.766900 
4 -12.043900 
5 -13.226900 
6 -14.677900 
7 -15.287900 
8 -15.096900 
9 -14.526900 
10 -14.067900 
11 -13.918900 
12 -14.021900 
13 -14.282900 
14 -14.586900 
15 -14.819900 
16 -14.896900 
17 -14.779900 
18 -14.470900 
19 -14.001900 
20 -13.419900 
21 -12.771900 
22 -12.096900 
23 -11.421900 
24 -10.764900 
25 -10.135900 
26 -9.534900 
27 -8.963900 
28 -8.418900 
29 -7.900900 
30 -7.419900 
31 -7.123900 
32 -7.397900 
33 -7.764900 
34 -8.058900 
35 -8.437900 
36 -8.776900 
37 -9.130900 
38 -9.528900 
39 -9.932900 
40 -10.245900 
41 -10.364900 
42 -10.389900 
43 -10.477900 
44 -10.738900 
45 -11.338900 
46 -11.816900 
47 -11.978900 
48 -11.917900 
49 -11.777900 
50 -11.666900 
51 -11.628900 
52 -11.646900 
53 -11.696900 
54 -11.758900 
55 -11.811900 
56 -11.829900 
57 -11.789900 
58 -11.679900 
59 -11.493900 
60 -11.233900 
61 -10.912900 
62 -10.541900 
63 -10.136900 
64 -9.712900 
65 -9.279900 
66 -8.848900 
67 -8.426900 
68 -8.022900 
69 -7.644900 
70 -7.307900 
71 -7.123900 
72 -7.419900 
73 -7.900900 
74 -8.418900 
75 -8.963900 
76 -9.534900 
77 -10.135900 
78 -10.764900 
79 -11.421900 
80 -12.096900 
81 -12.771900 
82 -13.419900 
83 -14.001900 
84 -14.470900 
85 -14.779900 
86 -14.896900 
87 -14.819900 
88 -14.586900 
89 -14.282900 
90 -14.021900 
91 -13.918900 

