1 1.696500 
2 1.672000 
3 1.599300 
4 1.481400 
5 1.323300 
6 1.133500 
7 0.924900 
8 0.716100 
9 0.532600 
10 0.404400 
11 0.357900 
12 0.376600 
13 0.430000 
14 0.512400 
15 0.619500 
16 0.754200 
17 0.929700 
18 1.168400 
19 1.490400 
20 1.898100 
21 2.370600 
22 2.874900 
23 3.380100 
24 3.862400 
25 4.304500 
26 4.694400 
27 5.023200 
28 5.284800 
29 5.474700 
30 5.589800 
31 5.628300 
32 5.577100 
33 5.426300 
34 5.184000 
35 4.862800 
36 4.478800 
37 4.051000 
38 3.604400 
39 3.176800 
40 2.837300 
41 2.699300 
42 2.637900 
43 2.459200 
44 2.180100 
45 1.827800 
46 1.438400 
47 1.256800 
48 1.436500 
49 1.576900 
50 1.666000 
51 1.696500 
52 1.681600 
53 1.641800 
54 1.596300 
55 1.590400 
56 1.690900 
57 1.919900 
58 2.237400 
59 2.601600 
60 2.985800 
61 3.373000 
62 3.750800 
63 4.109800 
64 4.442300 
65 4.742300 
66 5.004400 
67 5.224500 
68 5.399200 
69 5.525900 
70 5.602600 
71 5.628300 
72 5.589800 
73 5.474700 
74 5.284800 
75 5.023200 
76 4.694400 
77 4.304500 
78 3.862400 
79 3.380100 
80 2.874900 
81 2.370600 
82 1.898100 
83 1.490400 
84 1.168400 
85 0.929700 
86 0.754200 
87 0.619500 
88 0.512400 
89 0.430000 
90 0.376600 
91 0.357900 

1 0.187100 
2 0.092500 
3 -0.189300 
4 -0.652600 
5 -1.184500 
6 -0.734000 
7 -0.351500 
8 -0.045700 
9 0.177000 
10 0.312500 
11 0.357900 
12 0.332200 
13 0.255300 
14 0.129000 
15 -0.043700 
16 -0.258100 
17 -0.505200 
18 -0.768600 
19 -1.015000 
20 -1.179900 
21 -1.186000 
22 -1.038000 
23 -0.813300 
24 -0.571100 
25 -0.340100 
26 -0.134100 
27 0.039900 
28 0.178300 
29 0.278400 
30 0.339000 
31 0.359200 
32 0.343100 
33 0.295800 
34 0.220200 
35 0.121600 
36 0.007500 
37 -0.112400 
38 -0.157200 
39 0.065800 
40 0.303500 
41 0.411600 
42 0.441600 
43 0.530200 
44 0.671400 
45 0.852700 
46 1.055200 
47 1.051500 
48 0.704100 
49 0.428000 
50 0.249200 
51 0.187100 
52 0.218000 
53 0.304600 
54 0.424300 
55 0.527300 
56 0.541400 
57 0.441600 
58 0.270300 
59 0.081300 
60 -0.077900 
61 -0.171300 
62 -0.189000 
63 -0.147400 
64 -0.071000 
65 0.020000 
66 0.111700 
67 0.195100 
68 0.264700 
69 0.316500 
70 0.348500 
71 0.359200 
72 0.339000 
73 0.278400 
74 0.178300 
75 0.039900 
76 -0.134100 
77 -0.340100 
78 -0.571100 
79 -0.813300 
80 -1.038000 
81 -1.186000 
82 -1.179900 
83 -1.015000 
84 -0.768600 
85 -0.505200 
86 -0.258100 
87 -0.043700 
88 0.129000 
89 0.255300 
90 0.332200 
91 0.357900 

1 -3.144700 
2 -2.789900 
3 -2.238200 
4 -1.691500 
5 -1.184500 
6 -0.734000 
7 -0.351500 
8 -0.045700 
9 0.177000 
10 0.312500 
11 0.357900 
12 0.332200 
13 0.255300 
14 0.129000 
15 -0.043700 
16 -0.258100 
17 -0.505200 
18 -0.768600 
19 -1.015000 
20 -1.179900 
21 -1.186000 
22 -1.038000 
23 -0.813300 
24 -0.571100 
25 -0.340100 
26 -0.134100 
27 0.039900 
28 0.178300 
29 0.278400 
30 0.339000 
31 0.359200 
32 0.321800 
33 0.215300 
34 0.058600 
35 -0.112100 
36 -0.242100 
37 -0.268900 
38 -0.226000 
39 -0.320300 
40 -0.383000 
41 -0.405100 
42 -0.445100 
43 -0.566400 
44 -0.771000 
45 -1.061100 
46 -1.433500 
47 -1.871400 
48 -2.333200 
49 -2.749900 
50 -3.040700 
51 -3.144700 
52 -3.113400 
53 -3.021400 
54 -2.874900 
55 -2.682500 
56 -2.454400 
57 -2.201000 
58 -1.932100 
59 -1.656400 
60 -1.381400 
61 -1.113600 
62 -0.858100 
63 -0.619400 
64 -0.401200 
65 -0.206400 
66 -0.037700 
67 0.103100 
68 0.214300 
69 0.294500 
70 0.343000 
71 0.359200 
72 0.339000 
73 0.278400 
74 0.178300 
75 0.039900 
76 -0.134100 
77 -0.340100 
78 -0.571100 
79 -0.813300 
80 -1.038000 
81 -1.186000 
82 -1.179900 
83 -1.015000 
84 -0.768600 
85 -0.505200 
86 -0.258100 
87 -0.043700 
88 0.129000 
89 0.255300 
90 0.332200 
91 0.357900 

1 -3.144700 
2 -2.789900 
3 -2.238200 
4 -1.691500 
5 -1.288000 
6 -2.082700 
7 -3.020200 
8 -4.078900 
9 -5.227000 
10 -5.982300 
11 -5.873500 
12 -5.955400 
13 -6.195600 
14 -5.688200 
15 -5.067400 
16 -4.327800 
17 -3.671900 
18 -3.150000 
19 -2.801000 
20 -2.639600 
21 -2.652500 
22 -2.811500 
23 -3.086700 
24 -3.451800 
25 -3.882700 
26 -4.354000 
27 -4.834800 
28 -5.285800 
29 -5.658800 
30 -5.906000 
31 -5.992400 
32 -5.869800 
33 -5.553100 
34 -5.138700 
35 -4.701700 
36 -4.288100 
37 -3.925700 
38 -3.630800 
39 -3.413900 
40 -3.281500 
41 -3.237000 
42 -3.211700 
43 -3.149600 
44 -3.080200 
45 -3.030900 
46 -3.014200 
47 -3.028600 
48 -3.062900 
49 -3.102600 
50 -3.133200 
51 -3.144700 
52 -3.117900 
53 -3.041800 
54 -2.928000 
55 -2.791200 
56 -2.647000 
57 -2.511900 
58 -2.405700 
59 -2.355000 
60 -2.393200 
61 -2.548600 
62 -2.825800 
63 -3.202100 
64 -3.644400 
65 -4.120500 
66 -4.599600 
67 -5.050500 
68 -5.440800 
69 -5.740900 
70 -5.928700 
71 -5.992400 
72 -5.906000 
73 -5.658800 
74 -5.285800 
75 -4.834800 
76 -4.354000 
77 -3.882700 
78 -3.451800 
79 -3.086700 
80 -2.811500 
81 -2.652500 
82 -2.639600 
83 -2.801000 
84 -3.150000 
85 -3.671900 
86 -4.327800 
87 -5.067400 
88 -5.688200 
89 -6.195600 
90 -5.955400 
91 -5.873500 

1 -3.844500 
2 -4.197800 
3 -4.745300 
4 -5.284900 
5 -5.782800 
6 -6.224200 
7 -6.599500 
8 -6.787700 
9 -6.296800 
10 -6.407100 
11 -7.306500 
12 -6.893000 
13 -6.290600 
14 -5.688200 
15 -5.107100 
16 -4.557400 
17 -4.049800 
18 -3.600400 
19 -3.240900 
20 -3.032800 
21 -3.048600 
22 -3.277400 
23 -3.632600 
24 -4.044400 
25 -4.470100 
26 -4.880400 
27 -5.251400 
28 -5.562600 
29 -5.797300 
30 -5.943000 
31 -5.992400 
32 -5.869800 
33 -5.553100 
34 -5.138700 
35 -4.701700 
36 -4.288100 
37 -3.925700 
38 -3.630800 
39 -3.413900 
40 -3.281500 
41 -3.237000 
42 -3.250200 
43 -3.289100 
44 -3.350800 
45 -3.430700 
46 -3.522300 
47 -3.617400 
48 -3.706500 
49 -3.779600 
50 -3.827700 
51 -3.844500 
52 -3.847200 
53 -3.855800 
54 -3.871400 
55 -3.895700 
56 -3.930900 
57 -3.979400 
58 -4.043500 
59 -4.125300 
60 -4.226700 
61 -4.348600 
62 -4.492000 
63 -4.656200 
64 -4.839700 
65 -5.039400 
66 -5.249800 
67 -5.462000 
68 -5.662800 
69 -5.833400 
70 -5.950400 
71 -5.992400 
72 -5.943000 
73 -5.797300 
74 -5.562600 
75 -5.251400 
76 -4.880400 
77 -4.470100 
78 -4.044400 
79 -3.632600 
80 -3.277400 
81 -3.048600 
82 -3.032800 
83 -3.240900 
84 -3.600400 
85 -4.049800 
86 -4.557400 
87 -5.107100 
88 -5.688200 
89 -6.290600 
90 -6.893000 
91 -7.306500 

1 -3.844500 
2 -4.197800 
3 -4.745300 
4 -5.284900 
5 -5.782800 
6 -6.224200 
7 -6.599500 
8 -6.901600 
9 -7.124000 
10 -7.260400 
11 -7.306500 
12 -6.893000 
13 -6.290600 
14 -5.833100 
15 -5.107100 
16 -4.557400 
17 -4.049800 
18 -3.600400 
19 -3.240900 
20 -3.032800 
21 -3.048600 
22 -3.277400 
23 -3.632600 
24 -4.044400 
25 -4.470100 
26 -4.880400 
27 -5.251400 
28 -5.562600 
29 -5.797300 
30 -5.943000 
31 -5.992400 
32 -5.999300 
33 -6.019300 
34 -6.050800 
35 -6.091000 
36 -6.136100 
37 -6.182100 
38 -6.224000 
39 -6.257800 
40 -6.279800 
41 -6.287400 
42 -6.196700 
43 -5.950100 
44 -5.605100 
45 -5.221000 
46 -4.843500 
47 -4.504200 
48 -4.223800 
49 -4.015500 
50 -3.887500 
51 -3.844500 
52 -3.854900 
53 -3.886000 
54 -3.937400 
55 -4.008500 
56 -4.098600 
57 -4.206400 
58 -4.330500 
59 -4.469000 
60 -4.619800 
61 -4.780100 
62 -4.947000 
63 -5.116500 
64 -5.284400 
65 -5.446100 
66 -5.596200 
67 -5.729300 
68 -5.839900 
69 -5.923200 
70 -5.974900 
71 -5.992400 
72 -5.943000 
73 -5.797300 
74 -5.562600 
75 -5.251400 
76 -4.880400 
77 -4.470100 
78 -4.044400 
79 -3.632600 
80 -3.277400 
81 -3.048600 
82 -3.032800 
83 -3.240900 
84 -3.600400 
85 -4.049800 
86 -4.557400 
87 -5.107100 
88 -5.833100 
89 -6.290600 
90 -6.893000 
91 -7.306500 

1 -7.709800 
2 -7.714300 
3 -7.727900 
4 -7.749100 
5 -7.776100 
6 -7.806200 
7 -7.419600 
8 -6.901600 
9 -7.124000 
10 -7.260400 
11 -7.306500 
12 -7.093900 
13 -6.548700 
14 -6.580000 
15 -7.085900 
16 -7.687100 
17 -8.348700 
18 -9.019600 
19 -9.621300 
20 -10.055900 
21 -10.269700 
22 -10.301400 
23 -10.229400 
24 -10.116600 
25 -10.003500 
26 -9.917900 
27 -9.880800 
28 -9.907600 
29 -9.998700 
30 -10.116800 
31 -10.175200 
32 -9.871400 
33 -9.194400 
34 -8.443600 
35 -7.779300 
36 -7.303600 
37 -7.092900 
38 -7.174600 
39 -7.489200 
40 -7.868300 
41 -8.048700 
42 -8.051400 
43 -8.058400 
44 -8.065300 
45 -8.064100 
46 -8.042500 
47 -7.986900 
48 -7.895600 
49 -7.796800 
50 -7.730600 
51 -7.709800 
52 -7.719800 
53 -7.750400 
54 -7.802800 
55 -7.878100 
56 -7.977100 
57 -8.099400 
58 -8.243900 
59 -8.408500 
60 -8.590100 
61 -8.785000 
62 -8.988200 
63 -9.194000 
64 -9.284000 
65 -9.353700 
66 -9.449300 
67 -9.579100 
68 -9.746500 
69 -9.937500 
70 -10.105200 
71 -10.175200 
72 -10.116800 
73 -9.998700 
74 -9.907600 
75 -9.880800 
76 -9.917900 
77 -10.003500 
78 -10.116600 
79 -10.229400 
80 -10.301400 
81 -10.269700 
82 -10.055900 
83 -9.621300 
84 -9.019600 
85 -8.348700 
86 -7.687100 
87 -7.085900 
88 -6.580000 
89 -6.548700 
90 -7.093900 
91 -7.306500 

1 -9.665800 
2 -9.671300 
3 -9.686900 
4 -9.707800 
5 -8.966700 
6 -8.157700 
7 -7.836600 
8 -7.864400 
9 -7.886500 
10 -7.900600 
11 -7.905600 
12 -8.324300 
13 -8.939500 
14 -9.553700 
15 -10.130300 
16 -10.637800 
17 -11.042200 
18 -11.316200 
19 -11.453700 
20 -11.472900 
21 -11.405700 
22 -11.283400 
23 -11.130000 
24 -10.962700 
25 -10.793100 
26 -10.630300 
27 -10.481900 
28 -10.355300 
29 -10.257900 
30 -10.196300 
31 -10.175200 
32 -10.322400 
33 -10.711000 
34 -11.239300 
35 -11.825100 
37 -11.731700 
38 -11.166300 
39 -10.747800 
40 -10.490200 
41 -10.403100 
42 -10.518700 
43 -10.843800 
44 -11.321500 
45 -11.523900 
46 -10.808600 
47 -10.251900 
48 -9.888700 
49 -9.712200 
50 -9.665800 
51 -9.665800 
52 -9.662200 
53 -9.641100 
54 -9.586900 
55 -9.501600 
56 -9.403500 
57 -9.312300 
58 -9.241000 
59 -9.195100 
60 -9.174700 
61 -9.176700 
62 -9.197200 
63 -9.233100 
64 -9.395700 
65 -9.586300 
66 -9.758300 
67 -9.905400 
68 -10.022700 
69 -10.107400 
70 -10.158300 
71 -10.175200 
72 -10.196300 
73 -10.257900 
74 -10.355300 
75 -10.481900 
76 -10.630300 
77 -10.793100 
78 -10.962700 
79 -11.130000 
80 -11.283400 
81 -11.405700 
82 -11.472900 
83 -11.453700 
84 -11.316200 
85 -11.042200 
86 -10.637800 
87 -10.130300 
88 -9.553700 
89 -8.939500 
90 -8.324300 
91 -7.905600 

1 -11.482400 
2 -11.227800 
3 -10.599100 
4 -9.803300 
5 -9.726300 
6 -9.727900 
7 -9.687100 
8 -9.554700 
9 -9.237000 
10 -8.617500 
11 -7.905600 
12 -8.324300 
13 -8.939500 
14 -9.553700 
15 -10.130300 
16 -10.637800 
17 -11.042200 
18 -11.316200 
19 -11.453700 
20 -11.472900 
21 -11.405700 
22 -11.283400 
23 -11.130000 
24 -10.962700 
25 -10.793100 
26 -10.630300 
27 -10.481900 
28 -10.355300 
29 -10.257900 
30 -10.196300 
31 -10.175200 
32 -10.322400 
33 -10.711000 
34 -11.239300 
35 -11.825100 
45 -11.873600 
48 -11.898500 
49 -11.680200 
50 -11.533800 
51 -11.482400 
52 -11.510100 
53 -11.609200 
54 -11.804200 
66 -11.743100 
67 -11.236800 
68 -10.804800 
69 -10.468000 
70 -10.250700 
71 -10.175200 
72 -10.196300 
73 -10.257900 
74 -10.355300 
75 -10.481900 
76 -10.630300 
77 -10.793100 
78 -10.962700 
79 -11.130000 
80 -11.283400 
81 -11.405700 
82 -11.472900 
83 -11.453700 
84 -11.316200 
85 -11.042200 
86 -10.637800 
87 -10.130300 
88 -9.553700 
89 -8.939500 
90 -8.324300 
91 -7.905600 












