1 23.936000 
2 23.933600 
3 23.926500 
4 23.915500 
5 23.901600 
6 23.886000 
7 23.870500 
8 23.856300 
9 23.845100 
10 23.837800 
11 23.835300 
12 23.832900 
13 23.825400 
14 23.813000 
15 23.795600 
16 23.773200 
17 23.746000 
18 23.714200 
19 23.677900 
20 23.637700 
21 23.594100 
22 23.548100 
23 23.500700 
24 23.453100 
25 23.407000 
26 23.364000 
27 23.325700 
28 23.293900 
29 23.269900 
30 23.255100 
31 23.250000 
32 23.271000 
33 23.331300 
34 23.423900 
35 23.538400 
36 23.662500 
37 23.783800 
38 23.891100 
39 23.974800 
40 24.027900 
41 24.046100 
42 24.043400 
43 24.035700 
44 24.023700 
45 24.008400 
46 23.991500 
47 23.974400 
48 23.959000 
49 23.946700 
50 23.938700 
51 23.936000 
52 23.932600 
53 23.922400 
54 23.905500 
55 23.882100 
56 23.852500 
57 23.816900 
58 23.776000 
59 23.730400 
60 23.680900 
61 23.628500 
62 23.574400 
63 23.519800 
64 23.466400 
65 23.415700 
66 23.369200 
67 23.328600 
68 23.295200 
69 23.270500 
70 23.255200 
71 23.250000 
72 23.255100 
73 23.269900 
74 23.293900 
75 23.325700 
76 23.364000 
77 23.407000 
78 23.453100 
79 23.500700 
80 23.548100 
81 23.594100 
82 23.637700 
83 23.677900 
84 23.714200 
85 23.746000 
86 23.773200 
87 23.795600 
88 23.813000 
89 23.825400 
90 23.832900 
91 23.835300 

1 23.936000 
2 23.933600 
3 23.926500 
4 23.915500 
5 23.901600 
6 23.886000 
7 23.870500 
8 23.856300 
9 23.845100 
10 23.837800 
11 23.835300 
12 23.832100 
13 23.822700 
14 23.807000 
15 23.785500 
16 23.758400 
17 23.726300 
18 23.689700 
19 23.649300 
20 23.606100 
21 23.560900 
22 23.514800 
23 23.469000 
24 23.424600 
25 23.382900 
26 23.345200 
27 23.312500 
28 23.285800 
29 23.266200 
30 23.254100 
31 23.250000 
32 23.248300 
33 23.243200 
34 23.235300 
35 23.225300 
36 23.214200 
37 23.203000 
38 23.192900 
39 23.184900 
40 23.179700 
41 23.177900 
42 23.197800 
43 23.254900 
44 23.342800 
45 23.451600 
46 23.569700 
47 23.685400 
48 23.787800 
49 23.867800 
50 23.918600 
51 23.936000 
52 23.932000 
53 23.920200 
54 23.900800 
55 23.874200 
56 23.841000 
57 23.801700 
58 23.757400 
59 23.709000 
60 23.657500 
61 23.604300 
62 23.550400 
63 23.497400 
64 23.446400 
65 23.399000 
66 23.356300 
67 23.319600 
68 23.289800 
69 23.267900 
70 23.254500 
71 23.250000 
72 23.254100 
73 23.266200 
74 23.285800 
75 23.312500 
76 23.345200 
77 23.382900 
78 23.424600 
79 23.469000 
80 23.514800 
81 23.560900 
82 23.606100 
83 23.649300 
84 23.689700 
85 23.726300 
86 23.758400 
87 23.785500 
88 23.807000 
89 23.822700 
90 23.832100 
91 23.835300 

1 23.109600 
2 23.128500 
3 23.183000 
4 23.266800 
5 23.370800 
6 23.483800 
7 23.594700 
8 23.693000 
9 23.769800 
10 23.818600 
11 23.835300 
12 23.832100 
13 23.822700 
14 23.807000 
15 23.785500 
16 23.758400 
17 23.726300 
18 23.689700 
19 23.649300 
20 23.606100 
21 23.560900 
22 23.514800 
23 23.469000 
24 23.424600 
25 23.382900 
26 23.345200 
27 23.312500 
28 23.285800 
29 23.266200 
30 23.254100 
31 23.250000 
32 23.248300 
33 23.243200 
34 23.235300 
35 23.225300 
36 23.214200 
37 23.203000 
38 23.192900 
39 23.184900 
40 23.179700 
41 23.177900 
42 23.176300 
43 23.171400 
44 23.163900 
45 23.154400 
46 23.143900 
47 23.133300 
48 23.123800 
49 23.116100 
50 23.111200 
51 23.109600 
52 23.110400 
53 23.112900 
54 23.117100 
55 23.122800 
56 23.129800 
57 23.138100 
58 23.147400 
59 23.157500 
60 23.168200 
61 23.179200 
62 23.190200 
63 23.201000 
64 23.211200 
65 23.220700 
66 23.229200 
67 23.236400 
68 23.242200 
69 23.246500 
70 23.249100 
71 23.250000 
72 23.254100 
73 23.266200 
74 23.285800 
75 23.312500 
76 23.345200 
77 23.382900 
78 23.424600 
79 23.469000 
80 23.514800 
81 23.560900 
82 23.606100 
83 23.649300 
84 23.689700 
85 23.726300 
86 23.758400 
87 23.785500 
88 23.807000 
89 23.822700 
90 23.832100 
91 23.835300 

1 1.965400 
2 1.941300 
3 1.869900 
4 1.754000 
5 1.598600 
6 1.412000 
7 1.206800 
8 1.001200 
9 0.820500 
10 0.694100 
11 0.648300 
12 0.660800 
13 0.695300 
14 0.744100 
15 0.799800 
16 0.859300 
17 0.928000 
18 1.022100 
19 1.168600 
20 1.396500 
21 1.718500 
22 2.118800 
23 2.563100 
24 3.015500 
25 3.447400 
26 3.838300 
27 4.173900 
28 4.444000 
29 4.641500 
30 4.761900 
31 4.802300 
32 4.748700 
33 4.592300 
34 4.345500 
35 4.025900 
36 3.653700 
37 3.250500 
38 2.840800 
39 2.459900 
40 2.167700 
41 2.052600 
42 1.987700 
43 1.802900 
44 1.527600 
45 1.205800 
46 1.021900 
47 1.336100 
48 1.600800 
49 1.800100 
50 1.923700 
51 1.965400 
52 1.944600 
53 1.884400 
54 1.792400 
55 1.686100 
56 1.602300 
57 1.602300 
58 1.730400 
59 1.965700 
60 2.264400 
61 2.594800 
62 2.936200 
63 3.273900 
64 3.596100 
65 3.893400 
66 4.157800 
67 4.382800 
68 4.563300 
69 4.695100 
70 4.775300 
71 4.802300 
72 4.761900 
73 4.641500 
74 4.444000 
75 4.173900 
76 3.838300 
77 3.447400 
78 3.015500 
79 2.563100 
80 2.118800 
81 1.718500 
82 1.396500 
83 1.168600 
84 1.022100 
85 0.928000 
86 0.859300 
87 0.799800 
88 0.744100 
89 0.695300 
90 0.660800 
91 0.648300 

1 -0.022700 
2 -0.125200 
3 -0.429900 
4 -0.928500 
5 -1.097300 
6 -0.583000 
7 -0.149700 
8 0.195100 
9 0.445600 
10 0.597400 
11 0.648300 
12 0.621300 
13 0.540600 
14 0.407400 
15 0.224100 
16 -0.005300 
17 -0.274100 
18 -0.569800 
19 -0.866100 
20 -1.102100 
21 -1.165800 
22 -1.012500 
23 -0.744100 
24 -0.449800 
25 -0.169000 
26 0.081600 
27 0.293600 
28 0.462200 
29 0.584500 
30 0.658500 
31 0.683300 
32 0.667200 
33 0.620100 
34 0.544800 
35 0.446400 
36 0.332500 
37 0.212800 
38 0.099100 
39 0.004700 
40 -0.058200 
41 -0.080200 
42 -0.127700 
43 0.055000 
44 0.345500 
45 0.681200 
46 0.882200 
47 0.587500 
48 0.337700 
49 0.144400 
50 0.020300 
51 -0.022700 
52 -0.001100 
53 0.061800 
54 0.159200 
55 0.275300 
56 0.376200 
57 0.405500 
58 0.328800 
59 0.185200 
60 0.047100 
61 -0.026900 
62 -0.017500 
63 0.056100 
64 0.163300 
65 0.280700 
66 0.393600 
67 0.493300 
68 0.574600 
69 0.634500 
70 0.671000 
71 0.683300 
72 0.658500 
73 0.584500 
74 0.462200 
75 0.293600 
76 0.081600 
77 -0.169000 
78 -0.449800 
79 -0.744100 
80 -1.012500 
81 -1.165800 
82 -1.102100 
83 -0.866100 
84 -0.569800 
85 -0.274100 
86 -0.005300 
87 0.224100 
88 0.407400 
89 0.540600 
90 0.621300 
91 0.648300 

1 -3.612400 
2 -3.011500 
3 -2.326300 
4 -1.682500 
5 -1.097300 
6 -0.583000 
7 -0.149700 
8 0.195100 
9 0.445600 
10 0.597400 
11 0.648300 
12 0.621300 
13 0.540600 
14 0.407400 
15 0.224100 
16 -0.005300 
17 -0.274100 
18 -0.569800 
19 -0.866100 
20 -1.102100 
21 -1.165800 
22 -1.012500 
23 -0.744100 
24 -0.449800 
25 -0.169000 
26 0.081600 
27 0.293600 
28 0.462200 
29 0.584500 
30 0.658500 
31 0.683300 
32 0.633500 
33 0.488800 
34 0.264100 
35 -0.009200 
36 -0.276600 
37 -0.465200 
38 -0.514700 
39 -0.427800 
40 -0.286900 
41 -0.217100 
42 -0.145200 
43 -0.274700 
44 -0.534300 
45 -0.922600 
46 -1.442900 
47 -2.066300 
48 -2.724000 
49 -3.314700 
50 -3.594800 
51 -3.612400 
52 -3.615500 
53 -3.625500 
54 -3.501700 
55 -3.242100 
56 -2.937700 
57 -2.603400 
58 -2.252000 
59 -1.894700 
60 -1.540700 
61 -1.197300 
62 -0.870700 
63 -0.566000 
64 -0.287700 
65 -0.039300 
66 0.176100 
67 0.355800 
68 0.497800 
69 0.600400 
70 0.662500 
71 0.683300 
72 0.658500 
73 0.584500 
74 0.462200 
75 0.293600 
76 0.081600 
77 -0.169000 
78 -0.449800 
79 -0.744100 
80 -1.012500 
81 -1.165800 
82 -1.102100 
83 -0.866100 
84 -0.569800 
85 -0.274100 
86 -0.005300 
87 0.224100 
88 0.407400 
89 0.540600 
90 0.621300 
91 0.648300 

1 -3.612400 
2 -3.011500 
3 -2.326300 
4 -1.682500 
5 -1.608000 
6 -2.451500 
7 -3.437900 
8 -4.541500 
9 -5.727700 
10 -5.587500 
11 -5.479300 
12 -5.560800 
13 -5.800300 
14 -6.074100 
15 -5.426400 
16 -4.807300 
17 -4.224900 
18 -3.691600 
19 -3.232600 
20 -2.906400 
21 -2.820700 
22 -2.902000 
23 -3.095200 
24 -3.408600 
25 -3.807300 
26 -4.258400 
27 -4.726800 
28 -5.171000 
29 -5.542200 
30 -5.790700 
31 -5.878200 
32 -5.750800 
33 -5.420600 
34 -4.986500 
35 -4.527500 
36 -4.092400 
37 -3.710300 
38 -3.399200 
39 -3.170100 
40 -3.030200 
41 -2.983200 
42 -2.996800 
43 -3.036800 
44 -3.100300 
45 -3.182700 
46 -3.277300 
47 -3.375900 
48 -3.468500 
49 -3.544600 
50 -3.657700 
51 -3.612400 
52 -3.623100 
53 -3.655100 
54 -3.510400 
55 -3.274100 
56 -3.016700 
57 -2.763300 
58 -2.541600 
59 -2.385300 
60 -2.336300 
61 -2.431700 
62 -2.677400 
63 -3.042800 
64 -3.485400 
65 -3.966700 
66 -4.452800 
67 -4.911600 
68 -5.310100 
69 -5.618200 
70 -5.812200 
71 -5.878200 
72 -5.790700 
73 -5.542200 
74 -5.171000 
75 -4.726800 
76 -4.258400 
77 -3.807300 
78 -3.408600 
79 -3.095200 
80 -2.902000 
81 -2.820700 
82 -2.906400 
83 -3.232600 
84 -3.691600 
85 -4.224900 
86 -4.807300 
87 -5.426400 
88 -6.074100 
89 -5.800300 
90 -5.560800 
91 -5.479300 

1 -3.871300 
2 -4.480000 
3 -5.187200 
4 -5.862000 
5 -6.481300 
6 -7.028400 
7 -7.022600 
8 -6.390200 
9 -5.900600 
10 -6.944200 
11 -7.945200 
12 -7.419600 
13 -6.742800 
14 -6.074100 
15 -5.426400 
16 -4.807300 
17 -4.224900 
18 -3.691600 
19 -3.232600 
20 -2.906400 
21 -2.820700 
22 -3.014700 
23 -3.378300 
24 -3.811900 
25 -4.262700 
26 -4.698200 
27 -5.092300 
28 -5.422800 
29 -5.671700 
30 -5.826000 
31 -5.878200 
32 -5.750800 
33 -5.420600 
34 -4.986500 
35 -4.527500 
36 -4.092400 
37 -3.710300 
38 -3.399200 
39 -3.170100 
40 -3.030200 
41 -2.983200 
42 -3.000700 
43 -3.052700 
44 -3.136800 
45 -3.248300 
46 -3.379400 
47 -3.519300 
48 -3.654100 
49 -3.767700 
50 -3.725100 
51 -3.871300 
52 -3.827500 
53 -3.701600 
54 -3.643500 
55 -3.671100 
56 -3.710700 
57 -3.764600 
58 -3.835000 
59 -3.924200 
60 -4.033800 
61 -4.164900 
62 -4.317900 
63 -4.492000 
64 -4.685600 
65 -4.895100 
66 -5.114500 
67 -5.334700 
68 -5.541700 
69 -5.716400 
70 -5.835600 
71 -5.878200 
72 -5.826000 
73 -5.671700 
74 -5.422800 
75 -5.092300 
76 -4.698200 
77 -4.262700 
78 -3.811900 
79 -3.378300 
80 -3.014700 
81 -2.820700 
82 -2.906400 
83 -3.232600 
84 -3.691600 
85 -4.224900 
86 -4.807300 
87 -5.426400 
88 -6.074100 
89 -6.742800 
90 -7.419600 
91 -7.945200 

1 -3.871300 
2 -4.480000 
3 -5.187200 
4 -5.862000 
5 -6.481300 
6 -7.028400 
7 -7.491500 
8 -7.862400 
9 -7.923700 
10 -7.939700 
11 -7.945200 
12 -7.419600 
13 -6.742800 
14 -6.184000 
15 -6.150600 
16 -5.347500 
17 -4.586000 
18 -3.913700 
19 -3.378100 
20 -3.021900 
21 -2.866700 
22 -3.014700 
23 -3.378300 
24 -3.811900 
25 -4.262700 
26 -4.698200 
27 -5.092300 
28 -5.422800 
29 -5.671700 
30 -5.826000 
31 -5.878200 
32 -5.885600 
33 -5.907100 
34 -5.941000 
35 -5.984200 
36 -6.032800 
37 -6.082400 
38 -6.127900 
39 -6.164500 
40 -6.188200 
41 -6.196400 
42 -6.099800 
43 -5.837200 
44 -5.471000 
45 -5.064400 
46 -4.665600 
47 -4.307800 
48 -4.012100 
49 -3.792600 
50 -3.844200 
51 -3.871300 
52 -3.828000 
53 -3.701900 
54 -3.708200 
55 -3.781700 
56 -3.874800 
57 -3.986500 
58 -4.115300 
59 -4.259400 
60 -4.416800 
61 -4.584700 
62 -4.759900 
63 -4.938700 
64 -5.116800 
65 -5.288900 
66 -5.449600 
67 -5.592800 
68 -5.712500 
69 -5.802800 
70 -5.859100 
71 -5.878200 
72 -5.826000 
73 -5.671700 
74 -5.422800 
75 -5.092300 
76 -4.698200 
77 -4.262700 
78 -3.811900 
79 -3.378300 
80 -3.014700 
81 -2.866700 
82 -3.021900 
83 -3.378100 
84 -3.913700 
85 -4.586000 
86 -5.347500 
87 -6.150600 
88 -6.184000 
89 -6.742800 
90 -7.419600 
91 -7.945200 

1 -7.728100 
2 -7.733100 
3 -7.748000 
4 -7.771500 
5 -7.801200 
6 -7.765800 
7 -7.491500 
8 -7.862400 
9 -8.134200 
10 -8.300600 
11 -8.356700 
12 -8.163300 
13 -7.648800 
14 -6.942200 
15 -6.692500 
16 -7.302000 
17 -7.983900 
18 -8.698500 
19 -9.385100 
20 -9.955200 
21 -10.321900 
22 -10.471400 
23 -10.469200 
24 -10.392300 
25 -10.295000 
26 -10.212200 
27 -10.167100 
28 -10.174600 
29 -10.234800 
30 -10.317500 
31 -10.358400 
32 -10.070100 
33 -9.414400 
34 -8.672000 
35 -8.001000 
36 -7.505400 
37 -7.273200 
38 -7.356600 
39 -7.718300 
40 -8.183000 
41 -8.416700 
42 -8.415500 
43 -8.409100 
44 -8.390000 
45 -8.345300 
46 -8.258800 
47 -8.123800 
48 -7.962000 
49 -7.824000 
50 -7.748000 
51 -7.728100 
52 -7.737000 
53 -7.765400 
54 -7.815600 
55 -7.890300 
56 -7.991000 
57 -8.117500 
58 -8.268600 
59 -8.442200 
60 -8.635100 
61 -8.843300 
62 -9.061800 
63 -9.284400 
64 -9.504200 
65 -9.635900 
66 -9.724400 
67 -9.841900 
68 -9.990400 
69 -10.156700 
70 -10.299700 
71 -10.358400 
72 -10.317500 
73 -10.234800 
74 -10.174600 
75 -10.167100 
76 -10.212200 
77 -10.295000 
78 -10.392300 
79 -10.469200 
80 -10.471400 
81 -10.321900 
82 -9.955200 
83 -9.385100 
84 -8.698500 
85 -7.983900 
86 -7.302000 
87 -6.692500 
88 -6.942200 
89 -7.648800 
90 -8.163300 
91 -8.356700 

1 -10.910700 
2 -10.914100 
3 -10.310100 
4 -9.456100 
5 -8.589000 
6 -7.834600 
7 -7.868200 
8 -7.899100 
9 -8.134200 
10 -8.300600 
11 -8.356700 
12 -8.884200 
13 -9.562800 
14 -10.222200 
15 -10.827500 
16 -11.338800 
17 -11.711400 
18 -11.916400 
19 -11.963000 
20 -11.891600 
21 -11.747500 
22 -11.565800 
23 -11.369300 
24 -11.172500 
25 -10.984600 
26 -10.811900 
27 -10.659800 
28 -10.533500 
29 -10.438100 
30 -10.378600 
31 -10.358400 
32 -10.507400 
33 -10.899400 
34 -11.427500 
36 -11.832700 
37 -11.136300 
38 -10.572300 
39 -10.155200 
40 -9.898400 
41 -9.811600 
42 -9.935300 
43 -10.284500 
44 -10.801800 
45 -11.408000 
46 -11.278200 
47 -10.877200 
48 -10.681400 
49 -10.678500 
50 -10.812000 
51 -10.910700 
52 -10.846700 
53 -10.658100 
54 -10.403700 
55 -10.145600 
56 -9.917700 
57 -9.735200 
58 -9.602700 
59 -9.518200 
60 -9.475700 
61 -9.467000 
62 -9.483800 
63 -9.519000 
64 -9.569300 
65 -9.712700 
66 -9.901700 
67 -10.063500 
68 -10.192300 
69 -10.284800 
70 -10.340000 
71 -10.358400 
72 -10.378600 
73 -10.438100 
74 -10.533500 
75 -10.659800 
76 -10.811900 
77 -10.984600 
78 -11.172500 
79 -11.369300 
80 -11.565800 
81 -11.747500 
82 -11.891600 
83 -11.963000 
84 -11.916400 
85 -11.711400 
86 -11.338800 
87 -10.827500 
88 -10.222200 
89 -9.562800 
90 -8.884200 
91 -8.356700 

1 -11.344500 
2 -11.029300 
3 -10.922400 
4 -10.928700 
5 -10.919700 
6 -10.872900 
7 -10.749300 
8 -10.484500 
9 -9.991700 
10 -9.213200 
11 -8.356700 
12 -8.884200 
13 -9.562800 
14 -10.222200 
15 -10.827500 
16 -11.338800 
17 -11.711400 
18 -11.916400 
19 -11.963000 
20 -11.891600 
21 -11.747500 
22 -11.565800 
23 -11.369300 
24 -11.172500 
25 -10.984600 
26 -10.811900 
27 -10.659800 
28 -10.533500 
29 -10.438100 
30 -10.378600 
31 -10.358400 
32 -10.507400 
33 -10.899400 
34 -11.427500 
45 -11.862800 
46 -11.995100 
48 -11.811500 
49 -11.569400 
50 -11.403300 
51 -11.344500 
52 -11.381000 
53 -11.521600 
54 -11.761000 
66 -11.954600 
67 -11.438300 
68 -10.998000 
69 -10.655400 
70 -10.434900 
71 -10.358400 
72 -10.378600 
73 -10.438100 
74 -10.533500 
75 -10.659800 
76 -10.811900 
77 -10.984600 
78 -11.172500 
79 -11.369300 
80 -11.565800 
81 -11.747500 
82 -11.891600 
83 -11.963000 
84 -11.916400 
85 -11.711400 
86 -11.338800 
87 -10.827500 
88 -10.222200 
89 -9.562800 
90 -8.884200 
91 -8.356700 














