1 23.894700 
2 23.891600 
3 23.882700 
4 23.868700 
5 23.851000 
6 23.831200 
7 23.811400 
8 23.793400 
9 23.779000 
10 23.769800 
11 23.766500 
12 23.763700 
13 23.754900 
14 23.740300 
15 23.719800 
16 23.693400 
17 23.661100 
18 23.623100 
19 23.579600 
20 23.531100 
21 23.478300 
22 23.422200 
23 23.364000 
24 23.305300 
25 23.248100 
26 23.194300 
27 23.146300 
28 23.106200 
29 23.075900 
30 23.057100 
31 23.050700 
32 23.077000 
33 23.152600 
34 23.268300 
35 23.410700 
36 23.564400 
37 23.714200 
38 23.846000 
39 23.948600 
40 24.013500 
41 24.035800 
42 24.032400 
43 24.022600 
44 24.007200 
45 23.987700 
46 23.965900 
47 23.944100 
48 23.924200 
49 23.908400 
50 23.898200 
51 23.894700 
52 23.890600 
53 23.878400 
54 23.858100 
55 23.830000 
56 23.794300 
57 23.751400 
58 23.701800 
59 23.646300 
60 23.585900 
61 23.521700 
62 23.455100 
63 23.387800 
64 23.321600 
65 23.258500 
66 23.200400 
67 23.149500 
68 23.107700 
69 23.076500 
70 23.057200 
71 23.050700 
72 23.057100 
73 23.075900 
74 23.106200 
75 23.146300 
76 23.194300 
77 23.248100 
78 23.305300 
79 23.364000 
80 23.422200 
81 23.478300 
82 23.531100 
83 23.579600 
84 23.623100 
85 23.661100 
86 23.693400 
87 23.719800 
88 23.740300 
89 23.754900 
90 23.763700 
91 23.766500 

1 23.894700 
2 23.891600 
3 23.882700 
4 23.868700 
5 23.851000 
6 23.831200 
7 23.811400 
8 23.793400 
9 23.779000 
10 23.769800 
11 23.766500 
12 23.762800 
13 23.751400 
14 23.732600 
15 23.706700 
16 23.674100 
17 23.635300 
18 23.591100 
19 23.542200 
20 23.489600 
21 23.434400 
22 23.378100 
23 23.321800 
24 23.267200 
25 23.215800 
26 23.169000 
27 23.128500 
28 23.095400 
29 23.070900 
30 23.055800 
31 23.050700 
32 23.048500 
33 23.042200 
34 23.032200 
35 23.019600 
36 23.005700 
37 22.991600 
38 22.978900 
39 22.968800 
40 22.962300 
41 22.960000 
42 22.984800 
43 23.056000 
44 23.165300 
45 23.300000 
46 23.445800 
47 23.588100 
48 23.713700 
49 23.811500 
50 23.873500 
51 23.894700 
52 23.889900 
53 23.875500 
54 23.852000 
55 23.819600 
56 23.779100 
57 23.731300 
58 23.677200 
59 23.618000 
60 23.554900 
61 23.489400 
62 23.423200 
63 23.357800 
64 23.294800 
65 23.236100 
66 23.183100 
67 23.137400 
68 23.100400 
69 23.073100 
70 23.056300 
71 23.050700 
72 23.055800 
73 23.070900 
74 23.095400 
75 23.128500 
76 23.169000 
77 23.215800 
78 23.267200 
79 23.321800 
80 23.378100 
81 23.434400 
82 23.489600 
83 23.542200 
84 23.591100 
85 23.635300 
86 23.674100 
87 23.706700 
88 23.732600 
89 23.751400 
90 23.762800 
91 23.766500 

1 22.874200 
2 22.897700 
3 22.965500 
4 23.069300 
5 23.197700 
6 23.336800 
7 23.472800 
8 23.593000 
9 23.686700 
10 23.746200 
11 23.766500 
12 23.762800 
13 23.751400 
14 23.732600 
15 23.706700 
16 23.674100 
17 23.635300 
18 23.591100 
19 23.542200 
20 23.489600 
21 23.434400 
22 23.378100 
23 23.321800 
24 23.267200 
25 23.215800 
26 23.169000 
27 23.128500 
28 23.095400 
29 23.070900 
30 23.055800 
31 23.050700 
32 23.048500 
33 23.042200 
34 23.032200 
35 23.019600 
36 23.005700 
37 22.991600 
38 22.978900 
39 22.968800 
40 22.962300 
41 22.960000 
42 22.957900 
43 22.951900 
44 22.942500 
45 22.930600 
46 22.917400 
47 22.904100 
48 22.892100 
49 22.882500 
50 22.876300 
51 22.874200 
52 22.875300 
53 22.878500 
54 22.883700 
55 22.890800 
56 22.899700 
57 22.910100 
58 22.921800 
59 22.934600 
60 22.948000 
61 22.961800 
62 22.975600 
63 22.989100 
64 23.002000 
65 23.013900 
66 23.024500 
67 23.033600 
68 23.041000 
69 23.046300 
70 23.049600 
71 23.050700 
72 23.055800 
73 23.070900 
74 23.095400 
75 23.128500 
76 23.169000 
77 23.215800 
78 23.267200 
79 23.321800 
80 23.378100 
81 23.434400 
82 23.489600 
83 23.542200 
84 23.591100 
85 23.635300 
86 23.674100 
87 23.706700 
88 23.732600 
89 23.751400 
90 23.762800 
91 23.766500 

1 2.208700 
2 2.183000 
3 2.106700 
4 1.982700 
5 1.816300 
6 1.616200 
7 1.395400 
8 1.173500 
9 0.977600 
10 0.840000 
11 0.789900 
12 0.802600 
13 0.836900 
14 0.883900 
15 0.934300 
16 0.983400 
17 1.034600 
18 1.102700 
19 1.215400 
20 1.406500 
21 1.699000 
22 2.086200 
23 2.534600 
24 3.003700 
25 3.459000 
26 3.875500 
27 4.235500 
28 4.526600 
29 4.740300 
30 4.870700 
31 4.914500 
32 4.856400 
33 4.687600 
34 4.423100 
35 4.083800 
36 3.692300 
37 3.271600 
38 2.846600 
39 2.453100 
40 2.152200 
41 2.034100 
42 1.963500 
43 1.764400 
44 1.473100 
45 1.141300 
46 1.130000 
47 1.492100 
48 1.794700 
49 2.021400 
50 2.161400 
51 2.208700 
52 2.185100 
53 2.116300 
54 2.009000 
55 1.877900 
56 1.754300 
57 1.696200 
58 1.766700 
59 1.967700 
60 2.253200 
61 2.583500 
62 2.932800 
63 3.283700 
64 3.622300 
65 3.937400 
66 4.219700 
67 4.461300 
68 4.655800 
69 4.798300 
70 4.885300 
71 4.914500 
72 4.870700 
73 4.740300 
74 4.526600 
75 4.235500 
76 3.875500 
77 3.459000 
78 3.003700 
79 2.534600 
80 2.086200 
81 1.699000 
82 1.406500 
83 1.215400 
84 1.102700 
85 1.034600 
86 0.983400 
87 0.934300 
88 0.883900 
89 0.836900 
90 0.802600 
91 0.789900 

1 -0.091200 
2 -0.203600 
3 -0.537200 
4 -1.082100 
5 -1.125000 
6 -0.560600 
7 -0.085200 
8 0.293000 
9 0.567600 
10 0.734200 
11 0.789900 
12 0.760800 
13 0.673600 
14 0.529600 
15 0.331100 
16 0.082200 
17 -0.210700 
18 -0.535400 
19 -0.866700 
20 -1.144700 
21 -1.246900 
22 -1.098900 
23 -0.807300 
24 -0.480900 
25 -0.167400 
26 0.113200 
27 0.351100 
28 0.540600 
29 0.678200 
30 0.761500 
31 0.789400 
32 0.772100 
33 0.721200 
34 0.639800 
35 0.533400 
36 0.409900 
37 0.279800 
38 0.156000 
39 0.052900 
40 -0.015700 
41 -0.039900 
42 -0.093000 
43 -0.018100 
44 0.334300 
45 0.732600 
46 0.815800 
47 0.522600 
48 0.273300 
49 0.078600 
50 -0.047400 
51 -0.091200 
52 -0.069200 
53 -0.004700 
54 0.096500 
55 0.221200 
56 0.341500 
57 0.405100 
58 0.360000 
59 0.224800 
60 0.078400 
61 -0.005600 
62 0.002800 
63 0.085100 
64 0.206300 
65 0.338900 
66 0.465900 
67 0.577700 
68 0.668500 
69 0.735200 
70 0.775800 
71 0.789400 
72 0.761500 
73 0.678200 
74 0.540600 
75 0.351100 
76 0.113200 
77 -0.167400 
78 -0.480900 
79 -0.807300 
80 -1.098900 
81 -1.246900 
82 -1.144700 
83 -0.866700 
84 -0.535400 
85 -0.210700 
86 0.082200 
87 0.331100 
88 0.529600 
89 0.673600 
90 0.760800 
91 0.789900 

1 -3.835100 
2 -3.224100 
3 -2.474700 
4 -1.767600 
5 -1.125000 
6 -0.560600 
7 -0.085200 
8 0.293000 
9 0.567600 
10 0.734200 
11 0.789900 
12 0.760800 
13 0.673600 
14 0.529600 
15 0.331100 
16 0.082200 
17 -0.210700 
18 -0.535400 
19 -0.866700 
20 -1.144700 
21 -1.246900 
22 -1.098900 
23 -0.807300 
24 -0.480900 
25 -0.167400 
26 0.113200 
27 0.351100 
28 0.540600 
29 0.678200 
30 0.761500 
31 0.789400 
32 0.732600 
33 0.566600 
34 0.307100 
35 -0.012000 
36 -0.330100 
37 -0.564000 
38 -0.642900 
39 -0.567700 
40 -0.428200 
41 -0.357800 
42 -0.266900 
43 -0.258800 
44 -0.555000 
45 -1.001400 
46 -1.598000 
47 -2.303600 
48 -3.034700 
49 -3.676000 
50 -3.815500 
51 -3.835100 
52 -3.838500 
53 -3.848900 
54 -3.867800 
55 -3.590200 
56 -3.259700 
57 -2.893300 
58 -2.505700 
59 -2.109500 
60 -1.715100 
61 -1.331300 
62 -0.965200 
63 -0.622800 
64 -0.309300 
65 -0.029000 
66 0.214500 
67 0.418000 
68 0.579000 
69 0.695400 
70 0.765900 
71 0.789400 
72 0.761500 
73 0.678200 
74 0.540600 
75 0.351100 
76 0.113200 
77 -0.167400 
78 -0.480900 
79 -0.807300 
80 -1.098900 
81 -1.246900 
82 -1.144700 
83 -0.866700 
84 -0.535400 
85 -0.210700 
86 0.082200 
87 0.331100 
88 0.529600 
89 0.673600 
90 0.760800 
91 0.789900 

1 -3.835100 
2 -3.224100 
3 -2.474700 
4 -1.767600 
5 -1.822800 
6 -2.739200 
7 -3.807500 
8 -4.998800 
9 -5.958400 
10 -5.622100 
11 -5.505800 
12 -5.593500 
13 -5.851000 
14 -6.263500 
15 -5.927100 
16 -5.250900 
17 -4.611700 
18 -4.021800 
19 -3.505400 
20 -3.120300 
21 -2.985200 
22 -3.123300 
23 -3.303700 
24 -3.625200 
25 -4.047700 
26 -4.533800 
27 -5.044700 
28 -5.534900 
29 -5.949800 
30 -6.230600 
31 -6.330300 
32 -6.186000 
33 -5.815500 
34 -5.333500 
35 -4.827500 
36 -4.350100 
37 -3.932300 
38 -3.592600 
39 -3.342800 
40 -3.190200 
41 -3.139000 
42 -3.153900 
43 -3.197800 
44 -3.267600 
45 -3.358400 
46 -3.463000 
47 -3.572100 
48 -3.674800 
49 -3.759500 
50 -3.884700 
51 -3.835100 
52 -3.846800 
53 -3.881500 
54 -3.869300 
55 -3.620300 
56 -3.335300 
57 -3.047600 
58 -2.787000 
59 -2.591100 
60 -2.507300 
61 -2.581200 
62 -2.825900 
63 -3.210000 
64 -3.685100 
65 -4.207600 
66 -4.740000 
67 -5.246400 
68 -5.690200 
69 -6.036100 
70 -6.255300 
71 -6.330300 
72 -6.230600 
73 -5.949800 
74 -5.534900 
75 -5.044700 
76 -4.533800 
77 -4.047700 
78 -3.625200 
79 -3.303700 
80 -3.123300 
81 -2.985200 
82 -3.120300 
83 -3.505400 
84 -4.021800 
85 -4.611700 
86 -5.250900 
87 -5.927100 
88 -6.263500 
89 -5.851000 
90 -5.593500 
91 -5.505800 

1 -4.259900 
2 -4.881800 
3 -5.661100 
4 -6.409800 
5 -7.097200 
6 -7.702900 
7 -7.160900 
8 -6.483300 
9 -6.275300 
10 -7.579500 
11 -8.619300 
12 -8.082800 
13 -7.355800 
14 -6.631500 
15 -5.927100 
16 -5.250900 
17 -4.611700 
18 -4.021800 
19 -3.505400 
20 -3.120300 
21 -2.985200 
22 -3.168900 
23 -3.556700 
24 -4.029500 
25 -4.525500 
26 -5.007600 
27 -5.446500 
28 -5.816800 
29 -6.096900 
30 -6.271200 
31 -6.330300 
32 -6.186000 
33 -5.815500 
34 -5.333500 
35 -4.827500 
36 -4.350100 
37 -3.932300 
38 -3.592600 
39 -3.342800 
40 -3.190200 
41 -3.139000 
42 -3.168200 
43 -3.249100 
44 -3.368700 
45 -3.515000 
46 -3.678100 
47 -3.846500 
48 -4.005900 
49 -4.031900 
50 -4.109200 
51 -4.259900 
52 -4.213900 
53 -4.081400 
54 -3.876800 
55 -3.897200 
56 -3.939500 
57 -3.997400 
58 -4.073400 
59 -4.170100 
60 -4.289100 
61 -4.431800 
62 -4.598800 
63 -4.789300 
64 -5.001600 
65 -5.232000 
66 -5.474300 
67 -5.718700 
68 -5.949900 
69 -6.146500 
70 -6.281700 
71 -6.330300 
72 -6.271200 
73 -6.096900 
74 -5.816800 
75 -5.446500 
76 -5.007600 
77 -4.525500 
78 -4.029500 
79 -3.556700 
80 -3.168900 
81 -2.985200 
82 -3.120300 
83 -3.505400 
84 -4.021800 
85 -4.611700 
86 -5.250900 
87 -5.927100 
88 -6.631500 
89 -7.355800 
90 -8.082800 
91 -8.619300 

1 -4.259900 
2 -4.881800 
3 -5.661100 
4 -6.409800 
5 -7.097200 
6 -7.702900 
7 -8.213300 
8 -8.566800 
9 -8.594700 
10 -8.612700 
11 -8.619300 
12 -8.082800 
13 -7.355800 
14 -6.631500 
15 -6.810300 
16 -5.964700 
17 -5.134600 
18 -4.387800 
19 -3.774100 
20 -3.342600 
21 -3.125900 
22 -3.168900 
23 -3.556700 
24 -4.029500 
25 -4.525500 
26 -5.007600 
27 -5.446500 
28 -5.816800 
29 -6.096900 
30 -6.271200 
31 -6.330300 
32 -6.338500 
33 -6.362500 
34 -6.400300 
35 -6.448500 
36 -6.502900 
37 -6.558400 
38 -6.609500 
39 -6.650600 
40 -6.677400 
41 -6.686700 
42 -6.577800 
43 -6.283700 
44 -5.876300 
45 -5.426700 
46 -4.988000 
47 -4.595300 
48 -4.271800 
49 -4.139000 
50 -4.228300 
51 -4.259900 
52 -4.214600 
53 -4.081600 
54 -3.939100 
55 -4.018900 
56 -4.120100 
57 -4.241600 
58 -4.381900 
59 -4.539100 
60 -4.711100 
61 -4.894900 
62 -5.087400 
63 -5.284200 
64 -5.480900 
65 -5.671600 
66 -5.850300 
67 -6.010100 
68 -6.144000 
69 -6.245400 
70 -6.308800 
71 -6.330300 
72 -6.271200 
73 -6.096900 
74 -5.816800 
75 -5.446500 
76 -5.007600 
77 -4.525500 
78 -4.029500 
79 -3.556700 
80 -3.168900 
81 -3.125900 
82 -3.342600 
83 -3.774100 
84 -4.387800 
85 -5.134600 
86 -5.964700 
87 -6.810300 
88 -6.631500 
89 -7.355800 
90 -8.082800 
91 -8.619300 

1 -8.373800 
2 -8.379500 
3 -8.396300 
4 -8.422700 
5 -8.456300 
6 -7.957800 
7 -8.213300 
8 -8.620100 
9 -8.916800 
10 -9.097900 
11 -9.159000 
12 -8.957700 
13 -8.419400 
14 -7.673100 
15 -6.829400 
16 -7.467300 
17 -8.206000 
18 -8.988300 
19 -9.756000 
20 -10.420100 
21 -10.877900 
22 -11.090100 
23 -11.116300 
24 -11.044400 
25 -10.939400 
26 -10.841800 
27 -10.777400 
28 -10.762700 
29 -10.800200 
30 -10.864200 
31 -10.897600 
32 -10.596900 
33 -9.911500 
34 -9.134900 
35 -8.435200 
36 -7.925500 
37 -7.704800 
38 -7.835900 
39 -8.282600 
40 -8.854000 
41 -9.149000 
42 -9.145800 
43 -9.133300 
44 -9.101600 
45 -9.034100 
46 -8.913800 
47 -8.741100 
48 -8.557000 
49 -8.426000 
50 -8.377800 
51 -8.373800 
52 -8.374100 
53 -8.379000 
54 -8.398000 
55 -8.440800 
56 -8.513500 
57 -8.618500 
58 -8.754800 
59 -8.919900 
60 -9.109700 
61 -9.319300 
62 -9.542700 
63 -9.773000 
64 -10.002000 
65 -10.206600 
66 -10.293500 
67 -10.405400 
68 -10.546000 
69 -10.704100 
70 -10.841100 
71 -10.897600 
72 -10.864200 
73 -10.800200 
74 -10.762700 
75 -10.777400 
76 -10.841800 
77 -10.939400 
78 -11.044400 
79 -11.116300 
80 -11.090100 
81 -10.877900 
82 -10.420100 
83 -9.756000 
84 -8.988300 
85 -8.206000 
86 -7.467300 
87 -6.829400 
88 -7.673100 
89 -8.419400 
90 -8.957700 
91 -9.159000 

1 -11.923400 
2 -11.544800 
3 -10.724600 
4 -9.783500 
5 -8.843400 
6 -8.493900 
7 -8.532000 
8 -8.620100 
9 -8.916800 
10 -9.097900 
11 -9.159000 
12 -9.695800 
13 -10.420700 
14 -11.126800 
15 -11.771100 
24 -11.846100 
25 -11.626500 
26 -11.425300 
27 -11.248300 
28 -11.101400 
29 -10.990400 
30 -10.921200 
31 -10.897600 
32 -11.061700 
33 -11.488400 
37 -11.456700 
38 -10.856800 
39 -10.412700 
40 -10.139000 
41 -10.046500 
42 -10.184600 
43 -10.574300 
44 -11.151100 
45 -11.827700 
46 -11.977700 
47 -11.621800 
48 -11.486000 
49 -11.559400 
50 -11.800300 
51 -11.923400 
52 -11.838100 
53 -11.530500 
54 -11.172000 
55 -10.833700 
56 -10.546700 
57 -10.322900 
58 -10.164100 
59 -10.065700 
60 -10.019000 
61 -10.013200 
62 -10.037000 
63 -10.080400 
64 -10.137200 
65 -10.220500 
66 -10.419000 
67 -10.589000 
68 -10.724100 
69 -10.820800 
70 -10.878500 
71 -10.897600 
72 -10.921200 
73 -10.990400 
74 -11.101400 
75 -11.248300 
76 -11.425300 
77 -11.626500 
78 -11.846100 
87 -11.771100 
88 -11.126800 
89 -10.420700 
90 -9.695800 
91 -9.159000 

1 -11.980600 
2 -11.984100 
3 -11.992000 
4 -11.996800 
5 -11.982800 
6 -11.923700 
7 -11.775200 
8 -11.466400 
9 -10.907900 
10 -10.051300 
11 -9.159000 
12 -9.695800 
13 -10.420700 
14 -11.126800 
15 -11.771100 
24 -11.846100 
25 -11.626500 
26 -11.425300 
27 -11.248300 
28 -11.101400 
29 -10.990400 
30 -10.921200 
31 -10.897600 
32 -11.061700 
33 -11.488400 
50 -11.988000 
51 -11.980600 
52 -11.991300 
68 -11.599400 
69 -11.224600 
70 -10.982100 
71 -10.897600 
72 -10.921200 
73 -10.990400 
74 -11.101400 
75 -11.248300 
76 -11.425300 
77 -11.626500 
78 -11.846100 
87 -11.771100 
88 -11.126800 
89 -10.420700 
90 -9.695800 
91 -9.159000 














