1 23.921700 
2 23.919100 
3 23.911600 
4 23.899800 
5 23.884800 
6 23.868200 
7 23.851600 
8 23.836400 
9 23.824400 
10 23.816600 
11 23.813900 
12 23.811300 
13 23.803600 
14 23.790500 
15 23.772300 
16 23.748800 
17 23.720300 
18 23.686800 
19 23.648600 
20 23.606200 
21 23.560300 
22 23.511600 
23 23.461300 
24 23.410900 
25 23.361900 
26 23.316000 
27 23.275200 
28 23.241300 
29 23.215700 
30 23.199800 
31 23.194400 
32 23.216800 
33 23.281000 
34 23.379600 
35 23.501300 
36 23.633100 
37 23.761900 
38 23.875600 
39 23.964300 
40 24.020500 
41 24.039700 
42 24.036900 
43 24.028600 
44 24.015700 
45 23.999400 
46 23.981200 
47 23.962900 
48 23.946300 
49 23.933100 
50 23.924600 
51 23.921700 
52 23.918100 
53 23.907400 
54 23.889600 
55 23.864900 
56 23.833700 
57 23.796200 
58 23.753000 
59 23.704800 
60 23.652400 
61 23.596900 
62 23.539500 
63 23.481700 
64 23.424900 
65 23.371000 
66 23.321500 
67 23.278200 
68 23.242700 
69 23.216200 
70 23.199900 
71 23.194400 
72 23.199800 
73 23.215700 
74 23.241300 
75 23.275200 
76 23.316000 
77 23.361900 
78 23.410900 
79 23.461300 
80 23.511600 
81 23.560300 
82 23.606200 
83 23.648600 
84 23.686800 
85 23.720300 
86 23.748800 
87 23.772300 
88 23.790500 
89 23.803600 
90 23.811300 
91 23.813900 

1 23.921700 
2 23.919100 
3 23.911600 
4 23.899800 
5 23.884800 
6 23.868200 
7 23.851600 
8 23.836400 
9 23.824400 
10 23.816600 
11 23.813900 
12 23.810600 
13 23.800600 
14 23.784100 
15 23.761400 
16 23.732900 
17 23.699000 
18 23.660400 
19 23.617800 
20 23.572100 
21 23.524300 
22 23.475500 
23 23.426900 
24 23.379900 
25 23.335700 
26 23.295600 
27 23.260800 
28 23.232500 
29 23.211600 
30 23.198800 
31 23.194400 
32 23.192600 
33 23.187200 
34 23.178700 
35 23.168000 
36 23.156200 
37 23.144300 
38 23.133500 
39 23.124900 
40 23.119400 
41 23.117500 
42 23.138600 
43 23.199500 
44 23.292900 
45 23.408400 
46 23.533700 
47 23.656400 
48 23.764900 
49 23.849500 
50 23.903300 
51 23.921700 
52 23.917500 
53 23.905000 
54 23.884500 
55 23.856400 
56 23.821200 
57 23.779800 
58 23.732900 
59 23.681600 
60 23.627100 
61 23.570600 
62 23.513500 
63 23.457300 
64 23.403200 
65 23.352800 
66 23.307500 
67 23.268400 
68 23.236800 
69 23.213500 
70 23.199200 
71 23.194400 
72 23.198800 
73 23.211600 
74 23.232500 
75 23.260800 
76 23.295600 
77 23.335700 
78 23.379900 
79 23.426900 
80 23.475500 
81 23.524300 
82 23.572100 
83 23.617800 
84 23.660400 
85 23.699000 
86 23.732900 
87 23.761400 
88 23.784100 
89 23.800600 
90 23.810600 
91 23.813900 

1 23.044700 
2 23.064700 
3 23.122700 
4 23.211800 
5 23.322100 
6 23.441900 
7 23.559400 
8 23.663400 
9 23.744700 
10 23.796300 
11 23.813900 
12 23.810600 
13 23.800600 
14 23.784100 
15 23.761400 
16 23.732900 
17 23.699000 
18 23.660400 
19 23.617800 
20 23.572100 
21 23.524300 
22 23.475500 
23 23.426900 
24 23.379900 
25 23.335700 
26 23.295600 
27 23.260800 
28 23.232500 
29 23.211600 
30 23.198800 
31 23.194400 
32 23.192600 
33 23.187200 
34 23.178700 
35 23.168000 
36 23.156200 
37 23.144300 
38 23.133500 
39 23.124900 
40 23.119400 
41 23.117500 
42 23.115700 
43 23.110600 
44 23.102600 
45 23.092500 
46 23.081300 
47 23.070000 
48 23.059800 
49 23.051700 
50 23.046500 
51 23.044700 
52 23.045600 
53 23.048300 
54 23.052700 
55 23.058700 
56 23.066300 
57 23.075100 
58 23.085000 
59 23.095800 
60 23.107200 
61 23.118900 
62 23.130600 
63 23.142100 
64 23.153000 
65 23.163200 
66 23.172200 
67 23.179900 
68 23.186100 
69 23.190700 
70 23.193500 
71 23.194400 
72 23.198800 
73 23.211600 
74 23.232500 
75 23.260800 
76 23.295600 
77 23.335700 
78 23.379900 
79 23.426900 
80 23.475500 
81 23.524300 
82 23.572100 
83 23.617800 
84 23.660400 
85 23.699000 
86 23.732900 
87 23.761400 
88 23.784100 
89 23.800600 
90 23.810600 
91 23.813900 

1 2.030900 
2 2.006300 
3 1.933600 
4 1.815400 
5 1.656900 
6 1.466600 
7 1.257200 
8 1.047200 
9 0.862300 
10 0.732900 
11 0.686000 
12 0.698500 
13 0.732900 
14 0.781300 
15 0.835600 
16 0.892300 
17 0.956300 
18 1.043400 
19 1.180800 
20 1.399100 
21 1.713600 
22 2.111000 
23 2.556900 
24 3.014000 
25 3.452400 
26 3.850300 
27 4.192400 
28 4.468200 
29 4.670000 
30 4.793100 
31 4.834400 
32 4.779600 
33 4.619900 
34 4.368300 
35 4.043200 
36 3.665700 
37 3.257600 
38 2.843500 
39 2.459000 
40 2.164300 
41 2.048400 
42 1.981900 
43 1.793200 
44 1.513500 
45 1.188600 
46 1.050800 
47 1.377900 
48 1.652900 
49 1.859600 
50 1.987500 
51 2.030900 
52 2.009300 
53 1.946700 
54 1.850500 
55 1.737300 
56 1.642300 
57 1.626300 
58 1.739400 
59 1.966300 
60 2.262100 
61 2.592800 
62 2.936700 
63 3.278100 
64 3.604900 
65 3.907100 
66 4.176400 
67 4.405900 
68 4.590100 
69 4.724800 
70 4.806800 
71 4.834400 
72 4.793100 
73 4.670000 
74 4.468200 
75 4.192400 
76 3.850300 
77 3.452400 
78 3.014000 
79 2.556900 
80 2.111000 
81 1.713600 
82 1.399100 
83 1.180800 
84 1.043400 
85 0.956300 
86 0.892300 
87 0.835600 
88 0.781300 
89 0.732900 
90 0.698500 
91 0.686000 

1 -0.041400 
2 -0.146600 
3 -0.459000 
4 -0.970000 
5 -1.105500 
6 -0.577800 
7 -0.133000 
8 0.220900 
9 0.477900 
10 0.633700 
11 0.686000 
12 0.658300 
13 0.575800 
14 0.439700 
15 0.252300 
16 0.017500 
17 -0.257800 
18 -0.561400 
19 -0.867200 
20 -1.114500 
21 -1.188200 
22 -1.035900 
23 -0.761200 
24 -0.458400 
25 -0.168800 
26 0.089800 
27 0.308700 
28 0.482900 
29 0.609200 
30 0.685700 
31 0.711300 
32 0.694900 
33 0.646800 
34 0.569800 
35 0.469300 
36 0.352700 
37 0.230100 
38 0.113800 
39 0.017000 
40 -0.047500 
41 -0.070100 
42 -0.119000 
43 0.035700 
44 0.342500 
45 0.694900 
46 0.864100 
47 0.569700 
48 0.320000 
49 0.126300 
50 0.001800 
51 -0.041400 
52 -0.019700 
53 0.043600 
54 0.142100 
55 0.260700 
56 0.367300 
57 0.406300 
58 0.337700 
59 0.195700 
60 0.055200 
61 -0.021500 
62 -0.012300 
63 0.063600 
64 0.174600 
65 0.296000 
66 0.412700 
67 0.515600 
68 0.599400 
69 0.661100 
70 0.698700 
71 0.711300 
72 0.685700 
73 0.609200 
74 0.482900 
75 0.308700 
76 0.089800 
77 -0.168800 
78 -0.458400 
79 -0.761200 
80 -1.035900 
81 -1.188200 
82 -1.114500 
83 -0.867200 
84 -0.561400 
85 -0.257800 
86 0.017500 
87 0.252300 
88 0.439700 
89 0.575800 
90 0.658300 
91 0.686000 

1 -3.674000 
2 -3.070300 
3 -2.367400 
4 -1.706400 
5 -1.105500 
6 -0.577800 
7 -0.133000 
8 0.220900 
9 0.477900 
10 0.633700 
11 0.686000 
12 0.658300 
13 0.575800 
14 0.439700 
15 0.252300 
16 0.017500 
17 -0.257800 
18 -0.561400 
19 -0.867200 
20 -1.114500 
21 -1.188200 
22 -1.035900 
23 -0.761200 
24 -0.458400 
25 -0.168800 
26 0.089800 
27 0.308700 
28 0.482900 
29 0.609200 
30 0.685700 
31 0.711300 
32 0.659700 
33 0.509300 
34 0.275400 
35 -0.009800 
36 -0.290600 
37 -0.491100 
38 -0.548300 
39 -0.464400 
40 -0.323800 
41 -0.253800 
42 -0.177100 
43 -0.271000 
44 -0.540200 
45 -0.943700 
46 -1.484200 
47 -2.129500 
48 -2.807100 
49 -3.411600 
50 -3.655800 
51 -3.674000 
52 -3.677200 
53 -3.687400 
54 -3.600500 
55 -3.335500 
56 -3.024000 
57 -2.681000 
58 -2.319900 
59 -1.952200 
60 -1.587400 
61 -1.233200 
62 -0.896100 
63 -0.581300 
64 -0.293700 
65 -0.036700 
66 0.186100 
67 0.372200 
68 0.519200 
69 0.625500 
70 0.689800 
71 0.711300 
72 0.685700 
73 0.609200 
74 0.482900 
75 0.308700 
76 0.089800 
77 -0.168800 
78 -0.458400 
79 -0.761200 
80 -1.035900 
81 -1.188200 
82 -1.114500 
83 -0.867200 
84 -0.561400 
85 -0.257800 
86 0.017500 
87 0.252300 
88 0.439700 
89 0.575800 
90 0.658300 
91 0.686000 

1 -3.674000 
2 -3.070300 
3 -2.367400 
4 -1.706400 
5 -1.666100 
6 -2.529200 
7 -3.537700 
8 -4.665100 
9 -5.875900 
10 -5.598100 
11 -5.487600 
12 -5.570900 
13 -5.815300 
14 -6.206800 
15 -5.561800 
16 -4.927300 
17 -4.329500 
18 -3.780900 
19 -3.306400 
20 -2.964400 
21 -2.865900 
22 -2.961800 
23 -3.152100 
24 -3.468000 
25 -3.873400 
26 -4.334100 
27 -4.814100 
28 -5.270800 
29 -5.653900 
30 -5.911000 
31 -6.001900 
32 -5.869900 
33 -5.528800 
34 -5.081800 
35 -4.610100 
36 -4.163600 
37 -3.771800 
38 -3.452900 
39 -3.218300 
40 -3.074900 
41 -3.026700 
42 -3.040700 
43 -3.081700 
44 -3.147000 
45 -3.231600 
46 -3.329000 
47 -3.430400 
48 -3.525700 
49 -3.604100 
50 -3.720500 
51 -3.674000 
52 -3.684900 
53 -3.717700 
54 -3.608900 
55 -3.367000 
56 -3.102100 
57 -2.839400 
58 -2.607200 
59 -2.440500 
60 -2.382500 
61 -2.472600 
62 -2.718400 
63 -3.089100 
64 -3.540700 
65 -4.033200 
66 -4.532000 
67 -5.003600 
68 -5.414400 
69 -5.732600 
70 -5.933400 
71 -6.001900 
72 -5.911000 
73 -5.653900 
74 -5.270800 
75 -4.814100 
76 -4.334100 
77 -3.873400 
78 -3.468000 
79 -3.152100 
80 -2.961800 
81 -2.865900 
82 -2.964400 
83 -3.306400 
84 -3.780900 
85 -4.329500 
86 -4.927300 
87 -5.561800 
88 -6.206800 
89 -5.815300 
90 -5.570900 
91 -5.487600 

1 -3.976000 
2 -4.588400 
3 -5.315200 
4 -6.009800 
5 -6.647300 
6 -7.210000 
7 -7.061600 
8 -6.416800 
9 -5.917500 
10 -7.116100 
11 -8.128300 
12 -7.599300 
13 -6.908700 
14 -6.224900 
15 -5.561800 
16 -4.927300 
17 -4.329500 
18 -3.780900 
19 -3.306400 
20 -2.964400 
21 -2.865900 
22 -3.057700 
23 -3.428100 
24 -3.872300 
25 -4.335400 
26 -4.783500 
27 -5.189600 
28 -5.530800 
29 -5.788100 
30 -5.947700 
31 -6.001900 
32 -5.869900 
33 -5.528800 
34 -5.081800 
35 -4.610100 
36 -4.163600 
37 -3.771800 
38 -3.452900 
39 -3.218300 
40 -3.074900 
41 -3.026700 
42 -3.047100 
43 -3.106400 
44 -3.199700 
45 -3.320400 
46 -3.460100 
47 -3.607600 
48 -3.749000 
49 -3.858700 
50 -3.828500 
51 -3.976000 
52 -3.931600 
53 -3.803900 
54 -3.705500 
55 -3.733600 
56 -3.773900 
57 -3.828900 
58 -3.900900 
59 -3.992100 
60 -4.104300 
61 -4.238500 
62 -4.395200 
63 -4.573800 
64 -4.772500 
65 -4.987600 
66 -5.213300 
67 -5.440000 
68 -5.653500 
69 -5.834100 
70 -5.957500 
71 -6.001900 
72 -5.947700 
73 -5.788100 
74 -5.530800 
75 -5.189600 
76 -4.783500 
77 -4.335400 
78 -3.872300 
79 -3.428100 
80 -3.057700 
81 -2.865900 
82 -2.964400 
83 -3.306400 
84 -3.780900 
85 -4.329500 
86 -4.927300 
87 -5.561800 
88 -6.224900 
89 -6.908700 
90 -7.599300 
91 -8.128300 

1 -3.976000 
2 -4.588400 
3 -5.315200 
4 -6.009800 
5 -6.647300 
6 -7.210000 
7 -7.685800 
8 -8.066300 
9 -8.106100 
10 -8.122600 
11 -8.128300 
12 -7.599300 
13 -6.908700 
14 -6.224900 
15 -6.333200 
16 -5.513400 
17 -4.733200 
18 -4.040700 
19 -3.484000 
20 -3.107500 
21 -2.936200 
22 -3.057700 
23 -3.428100 
24 -3.872300 
25 -4.335400 
26 -4.783500 
27 -5.189600 
28 -5.530800 
29 -5.788100 
30 -5.947700 
31 -6.001900 
32 -6.009400 
33 -6.031600 
34 -6.066500 
35 -6.111000 
36 -6.161300 
37 -6.212400 
38 -6.259400 
39 -6.297300 
40 -6.321900 
41 -6.330400 
42 -6.230300 
43 -5.959300 
44 -5.582000 
45 -5.163800 
46 -4.754200 
47 -4.386900 
48 -4.083700 
49 -3.867800 
50 -3.947700 
51 -3.976000 
52 -3.932100 
53 -3.804100 
54 -3.772000 
55 -3.847200 
56 -3.942600 
57 -4.056900 
58 -4.188900 
59 -4.336600 
60 -4.497900 
61 -4.670100 
62 -4.850000 
63 -5.033700 
64 -5.216800 
65 -5.393900 
66 -5.559500 
67 -5.707100 
68 -5.830600 
69 -5.923900 
70 -5.982100 
71 -6.001900 
72 -5.947700 
73 -5.788100 
74 -5.530800 
75 -5.189600 
76 -4.783500 
77 -4.335400 
78 -3.872300 
79 -3.428100 
80 -3.057700 
81 -2.936200 
82 -3.107500 
83 -3.484000 
84 -4.040700 
85 -4.733200 
86 -5.513400 
87 -6.333200 
88 -6.224900 
89 -6.908700 
90 -7.599300 
91 -8.128300 

1 -7.903700 
2 -7.909000 
3 -7.924500 
4 -7.948700 
5 -7.979400 
6 -7.819600 
7 -7.685800 
8 -8.066300 
9 -8.344800 
10 -8.515100 
11 -8.572600 
12 -8.377100 
13 -7.856300 
14 -7.139000 
15 -6.725900 
16 -7.348400 
17 -8.045900 
18 -8.779200 
19 -9.488300 
20 -10.084200 
21 -10.475400 
22 -10.641300 
23 -10.646400 
24 -10.570600 
25 -10.471000 
26 -10.384000 
27 -10.333700 
28 -10.335100 
29 -10.389400 
30 -10.467100 
31 -10.506000 
32 -10.214400 
33 -9.550600 
34 -8.799000 
35 -8.120300 
36 -7.621100 
37 -7.392200 
38 -7.488600 
39 -7.873300 
40 -8.366500 
41 -8.616300 
42 -8.614400 
43 -8.606500 
44 -8.584200 
45 -8.533900 
46 -8.438900 
47 -8.294000 
48 -8.125900 
49 -7.989000 
50 -7.919800 
51 -7.903700 
52 -7.910600 
53 -7.933100 
54 -7.975300 
55 -8.041900 
56 -8.135300 
57 -8.256100 
58 -8.403300 
59 -8.574600 
60 -8.766600 
61 -8.975000 
62 -9.194700 
63 -9.419300 
64 -9.641400 
65 -9.792200 
66 -9.880100 
67 -9.995900 
68 -10.142300 
69 -10.306400 
70 -10.447900 
71 -10.506000 
72 -10.467100 
73 -10.389400 
74 -10.335100 
75 -10.333700 
76 -10.384000 
77 -10.471000 
78 -10.570600 
79 -10.646400 
80 -10.641300 
81 -10.475400 
82 -10.084200 
83 -9.488300 
84 -8.779200 
85 -8.045900 
86 -7.348400 
87 -6.725900 
88 -7.139000 
89 -7.856300 
90 -8.377100 
91 -8.572600 

1 -11.200700 
2 -11.172100 
3 -10.425400 
4 -9.547300 
5 -8.660000 
6 -8.013900 
7 -8.048800 
8 -8.080600 
9 -8.344800 
10 -8.515100 
11 -8.572600 
12 -9.103100 
13 -9.794700 
14 -10.466900 
15 -11.082900 
16 -11.600700 
17 -11.973100 
21 -11.964000 
22 -11.770600 
23 -11.563500 
24 -11.357100 
25 -11.160500 
26 -10.979900 
27 -10.821000 
28 -10.689000 
29 -10.589300 
30 -10.527200 
31 -10.506000 
32 -10.659100 
33 -11.060500 
34 -11.599000 
36 -11.933700 
37 -11.225300 
38 -10.651400 
39 -10.226900 
40 -9.965500 
41 -9.877200 
42 -10.004700 
43 -10.364900 
44 -10.898300 
45 -11.523700 
46 -11.469200 
47 -11.080400 
48 -10.901600 
49 -10.920300 
50 -11.082300 
51 -11.200700 
52 -11.122700 
53 -10.901700 
54 -10.617500 
55 -10.336600 
56 -10.092000 
57 -9.898000 
58 -9.758200 
59 -9.669700 
60 -9.625900 
61 -9.617800 
62 -9.636100 
63 -9.673200 
64 -9.725000 
65 -9.852500 
66 -10.043900 
67 -10.207800 
68 -10.338100 
69 -10.431700 
70 -10.487500 
71 -10.506000 
72 -10.527200 
73 -10.589300 
74 -10.689000 
75 -10.821000 
76 -10.979900 
77 -11.160500 
78 -11.357100 
79 -11.563500 
80 -11.770600 
81 -11.964000 
85 -11.973100 
86 -11.600700 
87 -11.082900 
88 -10.466900 
89 -9.794700 
90 -9.103100 
91 -8.572600 

1 -11.504000 
2 -11.204300 
3 -11.212400 
4 -11.218100 
5 -11.207800 
6 -11.157800 
7 -11.027300 
8 -10.750500 
9 -10.239700 
10 -9.439700 
11 -8.572600 
12 -9.103100 
13 -9.794700 
14 -10.466900 
15 -11.082900 
16 -11.600700 
17 -11.973100 
21 -11.964000 
22 -11.770600 
23 -11.563500 
24 -11.357100 
25 -11.160500 
26 -10.979900 
27 -10.821000 
28 -10.689000 
29 -10.589300 
30 -10.527200 
31 -10.506000 
32 -10.659100 
33 -11.060500 
34 -11.599000 
48 -11.982300 
49 -11.734500 
50 -11.564300 
51 -11.504000 
52 -11.543500 
53 -11.693100 
54 -11.937900 
67 -11.613100 
68 -11.162500 
69 -10.811100 
70 -10.584700 
71 -10.506000 
72 -10.527200 
73 -10.589300 
74 -10.689000 
75 -10.821000 
76 -10.979900 
77 -11.160500 
78 -11.357100 
79 -11.563500 
80 -11.770600 
81 -11.964000 
85 -11.973100 
86 -11.600700 
87 -11.082900 
88 -10.466900 
89 -9.794700 
90 -9.103100 
91 -8.572600 














