1 23.978600 
2 23.976600 
3 23.970600 
4 23.961200 
5 23.949400 
6 23.936300 
7 23.923100 
8 23.911200 
9 23.901600 
10 23.895500 
11 23.893400 
12 23.891200 
13 23.884500 
14 23.873400 
15 23.857900 
16 23.838100 
17 23.814000 
18 23.785800 
19 23.753900 
20 23.718600 
21 23.680500 
22 23.640400 
23 23.599300 
24 23.558200 
25 23.518500 
26 23.481600 
27 23.448800 
28 23.421600 
29 23.401200 
30 23.388600 
31 23.384300 
32 23.402200 
33 23.453900 
34 23.533400 
35 23.631800 
36 23.738900 
37 23.843800 
38 23.936700 
39 24.009400 
40 24.055500 
41 24.071300 
42 24.069100 
43 24.062600 
44 24.052400 
45 24.039600 
46 24.025300 
47 24.010900 
48 23.997900 
49 23.987600 
50 23.980900 
51 23.978600 
52 23.975600 
53 23.966600 
54 23.951800 
55 23.931200 
56 23.905200 
57 23.874000 
58 23.838300 
59 23.798500 
60 23.755300 
61 23.709800 
62 23.662900 
63 23.615800 
64 23.569700 
65 23.526100 
66 23.486200 
67 23.451400 
68 23.422900 
69 23.401700 
70 23.388700 
71 23.384300 
72 23.388600 
73 23.401200 
74 23.421600 
75 23.448800 
76 23.481600 
77 23.518500 
78 23.558200 
79 23.599300 
80 23.640400 
81 23.680500 
82 23.718600 
83 23.753900 
84 23.785800 
85 23.814000 
86 23.838100 
87 23.857900 
88 23.873400 
89 23.884500 
90 23.891200 
91 23.893400 

1 23.978600 
2 23.976600 
3 23.970600 
4 23.961200 
5 23.949400 
6 23.936300 
7 23.923100 
8 23.911200 
9 23.901600 
10 23.895500 
11 23.893400 
12 23.890600 
13 23.882300 
14 23.868500 
15 23.849600 
16 23.825800 
17 23.797600 
18 23.765600 
19 23.730300 
20 23.692500 
21 23.653200 
22 23.613100 
23 23.573300 
24 23.534900 
25 23.498800 
26 23.466200 
27 23.438000 
28 23.415100 
29 23.398200 
30 23.387800 
31 23.384300 
32 23.382800 
33 23.378500 
34 23.371700 
35 23.363100 
36 23.353600 
37 23.344100 
38 23.335500 
39 23.328700 
40 23.324300 
41 23.322800 
42 23.339800 
43 23.388900 
44 23.464600 
45 23.558400 
46 23.660500 
47 23.760800 
48 23.849700 
49 23.919200 
50 23.963500 
51 23.978600 
52 23.975200 
53 23.964800 
54 23.947900 
55 23.924700 
56 23.895700 
57 23.861500 
58 23.823000 
59 23.780900 
60 23.736200 
61 23.690000 
62 23.643300 
63 23.597400 
64 23.553400 
65 23.512500 
66 23.475700 
67 23.444100 
68 23.418500 
69 23.399700 
70 23.388200 
71 23.384300 
72 23.387800 
73 23.398200 
74 23.415100 
75 23.438000 
76 23.466200 
77 23.498800 
78 23.534900 
79 23.573300 
80 23.613100 
81 23.653200 
82 23.692500 
83 23.730300 
84 23.765600 
85 23.797600 
86 23.825800 
87 23.849600 
88 23.868500 
89 23.882300 
90 23.890600 
91 23.893400 

1 23.264300 
2 23.280500 
3 23.327500 
4 23.399900 
5 23.489800 
6 23.587700 
7 23.683900 
8 23.769400 
9 23.836300 
10 23.878800 
11 23.893400 
12 23.890600 
13 23.882300 
14 23.868500 
15 23.849600 
16 23.825800 
17 23.797600 
18 23.765600 
19 23.730300 
20 23.692500 
21 23.653200 
22 23.613100 
23 23.573300 
24 23.534900 
25 23.498800 
26 23.466200 
27 23.438000 
28 23.415100 
29 23.398200 
30 23.387800 
31 23.384300 
32 23.382800 
33 23.378500 
34 23.371700 
35 23.363100 
36 23.353600 
37 23.344100 
38 23.335500 
39 23.328700 
40 23.324300 
41 23.322800 
42 23.321300 
43 23.317200 
44 23.310800 
45 23.302600 
46 23.293600 
47 23.284600 
48 23.276400 
49 23.269900 
50 23.265700 
51 23.264300 
52 23.265000 
53 23.267100 
54 23.270700 
55 23.275500 
56 23.281600 
57 23.288700 
58 23.296600 
59 23.305300 
60 23.314400 
61 23.323800 
62 23.333200 
63 23.342400 
64 23.351100 
65 23.359200 
66 23.366400 
67 23.372600 
68 23.377600 
69 23.381300 
70 23.383500 
71 23.384300 
72 23.387800 
73 23.398200 
74 23.415100 
75 23.438000 
76 23.466200 
77 23.498800 
78 23.534900 
79 23.573300 
80 23.613100 
81 23.653200 
82 23.692500 
83 23.730300 
84 23.765600 
85 23.797600 
86 23.825800 
87 23.849600 
88 23.868500 
89 23.882300 
90 23.890600 
91 23.893400 

1 1.814400 
2 1.791400 
3 1.723100 
4 1.612400 
5 1.464100 
6 1.286300 
7 1.091200 
8 0.896300 
9 0.725300 
10 0.606000 
11 0.562900 
12 0.575300 
13 0.609600 
14 0.659300 
15 0.718000 
16 0.783900 
17 0.863500 
18 0.973800 
19 1.141300 
20 1.390800 
21 1.728300 
22 2.133800 
23 2.573100 
24 3.013700 
25 3.430200 
26 3.804900 
27 4.125100 
28 4.382100 
29 4.569800 
30 4.683900 
31 4.722200 
32 4.671400 
33 4.522800 
34 4.287100 
35 3.980400 
36 3.621100 
37 3.230000 
38 2.831000 
39 2.458900 
40 2.172900 
41 2.060100 
42 1.998700 
43 1.823000 
44 1.558600 
45 1.244700 
46 0.955600 
47 1.239900 
48 1.480900 
49 1.663000 
50 1.776100 
51 1.814400 
52 1.795400 
53 1.740600 
54 1.658600 
55 1.568900 
56 1.512600 
57 1.550600 
58 1.711300 
59 1.963600 
60 2.267400 
61 2.595900 
62 2.930800 
63 3.259100 
64 3.570300 
65 3.856000 
66 4.109000 
67 4.323700 
68 4.495400 
69 4.620600 
70 4.696700 
71 4.722200 
72 4.683900 
73 4.569800 
74 4.382100 
75 4.125100 
76 3.804900 
77 3.430200 
78 3.013700 
79 2.573100 
80 2.133800 
81 1.728300 
82 1.390800 
83 1.141300 
84 0.973800 
85 0.863500 
86 0.783900 
87 0.718000 
88 0.659300 
89 0.609600 
90 0.575300 
91 0.562900 

1 0.021500 
2 -0.075000 
3 -0.361800 
4 -0.831800 
5 -1.075700 
6 -0.593300 
7 -0.186500 
8 0.137300 
9 0.372400 
10 0.515100 
11 0.562900 
12 0.537300 
13 0.460600 
14 0.334300 
15 0.160700 
16 -0.056200 
17 -0.309700 
18 -0.586900 
19 -0.861100 
20 -1.070800 
21 -1.112400 
22 -0.957800 
23 -0.704100 
24 -0.429600 
25 -0.168700 
26 0.063600 
27 0.259800 
28 0.415700 
29 0.528600 
30 0.597000 
31 0.619900 
32 0.604700 
33 0.559900 
34 0.488500 
35 0.395300 
36 0.287500 
37 0.174400 
38 0.067100 
39 -0.021800 
40 -0.080900 
41 -0.101700 
42 -0.074400 
43 0.098100 
44 0.352000 
45 0.649800 
46 0.924200 
47 0.629600 
48 0.379700 
49 0.187000 
50 0.064000 
51 0.021500 
52 0.042800 
53 0.104600 
54 0.199500 
55 0.309200 
56 0.395100 
57 0.400900 
58 0.306900 
59 0.161000 
60 0.029200 
61 -0.038800 
62 -0.029000 
63 0.039300 
64 0.138200 
65 0.246500 
66 0.350900 
67 0.443300 
68 0.518800 
69 0.574400 
70 0.608400 
71 0.619900 
72 0.597000 
73 0.528600 
74 0.415700 
75 0.259800 
76 0.063600 
77 -0.168700 
78 -0.429600 
79 -0.704100 
80 -0.957800 
81 -1.112400 
82 -1.070800 
83 -0.861100 
84 -0.586900 
85 -0.309700 
86 -0.056200 
87 0.160700 
88 0.334300 
89 0.460600 
90 0.537300 
91 0.562900 

1 -3.465100 
2 -2.871300 
3 -2.228000 
4 -1.624500 
5 -1.075700 
6 -0.593300 
7 -0.186500 
8 0.137300 
9 0.372400 
10 0.515100 
11 0.562900 
12 0.537300 
13 0.460600 
14 0.334300 
15 0.160700 
16 -0.056200 
17 -0.309700 
18 -0.586900 
19 -0.861100 
20 -1.070800 
21 -1.112400 
22 -0.957800 
23 -0.704100 
24 -0.429600 
25 -0.168700 
26 0.063600 
27 0.259800 
28 0.415700 
29 0.528600 
30 0.597000 
31 0.619900 
32 0.574400 
33 0.442400 
34 0.238300 
35 -0.007800 
36 -0.245500 
37 -0.407700 
38 -0.440200 
39 -0.346600 
40 -0.205100 
41 -0.135700 
42 -0.145700 
43 -0.281400 
44 -0.519600 
45 -0.873900 
46 -1.348900 
47 -1.922000 
48 -2.533900 
49 -3.091900 
50 -3.448700 
51 -3.465100 
52 -3.468100 
53 -3.465600 
54 -3.274200 
55 -3.027200 
56 -2.739500 
57 -2.425200 
58 -2.096300 
59 -1.763000 
60 -1.433700 
61 -1.114900 
62 -0.812400 
63 -0.530700 
64 -0.273800 
65 -0.044700 
66 0.153600 
67 0.319000 
68 0.449500 
69 0.543800 
70 0.600800 
71 0.619900 
72 0.597000 
73 0.528600 
74 0.415700 
75 0.259800 
76 0.063600 
77 -0.168700 
78 -0.429600 
79 -0.704100 
80 -0.957800 
81 -1.112400 
82 -1.070800 
83 -0.861100 
84 -0.586900 
85 -0.309700 
86 -0.056200 
87 0.160700 
88 0.334300 
89 0.460600 
90 0.537300 
91 0.562900 

1 -3.465100 
2 -2.871300 
3 -2.228000 
4 -1.624500 
5 -1.473400 
6 -2.271300 
7 -3.206300 
8 -4.254500 
9 -5.383600 
10 -5.559400 
11 -5.456400 
12 -5.534000 
13 -5.761800 
14 -5.723600 
15 -5.111900 
16 -4.528600 
17 -3.981800 
18 -3.484100 
19 -3.060800 
20 -2.770500 
21 -2.706400 
22 -2.762400 
23 -2.961100 
24 -3.267600 
25 -3.650100 
26 -4.078400 
27 -4.519500 
28 -4.934400 
29 -5.278400 
30 -5.507000 
31 -5.587200 
32 -5.470000 
33 -5.164700 
34 -4.760600 
35 -4.331100 
36 -3.922700 
37 -3.563300 
38 -3.270200 
39 -3.054300 
40 -2.922400 
41 -2.877900 
42 -2.889500 
43 -2.926100 
44 -2.987700 
45 -3.064800 
46 -3.153300 
47 -3.245200 
48 -3.331400 
49 -3.402100 
50 -3.486600 
51 -3.465100 
52 -3.475200 
53 -3.466100 
54 -3.283200 
55 -3.060200 
56 -2.820800 
57 -2.588900 
58 -2.390900 
59 -2.258300 
60 -2.229100 
61 -2.335400 
62 -2.579400 
63 -2.931600 
64 -3.352900 
65 -3.807700 
66 -4.264500 
67 -4.693000 
68 -5.063300 
69 -5.348000 
70 -5.526500 
71 -5.587200 
72 -5.507000 
73 -5.278400 
74 -4.934400 
75 -4.519500 
76 -4.078400 
77 -3.650100 
78 -3.267600 
79 -2.961100 
80 -2.762400 
81 -2.706400 
82 -2.770500 
83 -3.060800 
84 -3.484100 
85 -3.981800 
86 -4.528600 
87 -5.111900 
88 -5.723600 
89 -5.761800 
90 -5.534000 
91 -5.456400 

1 -3.629200 
2 -4.229400 
3 -4.890600 
4 -5.519600 
5 -6.097200 
6 -6.608500 
7 -6.927000 
8 -6.324100 
9 -5.857500 
10 -6.543600 
11 -7.516300 
12 -7.000400 
13 -6.356800 
14 -5.723600 
15 -5.111900 
16 -4.528600 
17 -3.981800 
18 -3.484100 
19 -3.060800 
20 -2.770500 
21 -2.713100 
22 -2.910600 
23 -3.257900 
24 -3.666500 
25 -4.088900 
26 -4.495100 
27 -4.861300 
28 -5.167300 
29 -5.397000 
30 -5.539100 
31 -5.587200 
32 -5.470000 
33 -5.164700 
34 -4.760600 
35 -4.331100 
36 -3.922700 
37 -3.563300 
38 -3.270200 
39 -3.054300 
40 -2.922400 
41 -2.877900 
42 -2.890700 
43 -2.928200 
44 -2.990200 
45 -3.081000 
46 -3.192600 
47 -3.314900 
48 -3.434500 
49 -3.536200 
50 -3.507900 
51 -3.629200 
52 -3.586900 
53 -3.477800 
54 -3.495100 
55 -3.521700 
56 -3.559600 
57 -3.610900 
58 -3.677800 
59 -3.762400 
60 -3.866000 
61 -3.989700 
62 -4.133800 
63 -4.297600 
64 -4.479400 
65 -4.675700 
66 -4.880700 
67 -5.085600 
68 -5.277600 
69 -5.438700 
70 -5.548100 
71 -5.587200 
72 -5.539100 
73 -5.397000 
74 -5.167300 
75 -4.861300 
76 -4.495100 
77 -4.088900 
78 -3.666500 
79 -3.257900 
80 -2.910600 
81 -2.713100 
82 -2.770500 
83 -3.060800 
84 -3.484100 
85 -3.981800 
86 -4.528600 
87 -5.111900 
88 -5.723600 
89 -6.356800 
90 -7.000400 
91 -7.516300 

1 -3.629200 
2 -4.229400 
3 -4.890600 
4 -5.519600 
5 -6.097200 
6 -6.608500 
7 -7.042600 
8 -7.391400 
9 -7.496600 
10 -7.511300 
11 -7.516300 
12 -7.000400 
13 -6.356800 
14 -6.126700 
15 -5.729000 
16 -4.964900 
17 -4.247100 
18 -3.622100 
19 -3.135700 
20 -2.825600 
21 -2.713100 
22 -2.910600 
23 -3.257900 
24 -3.666500 
25 -4.088900 
26 -4.495100 
27 -4.861300 
28 -5.167300 
29 -5.397000 
30 -5.539100 
31 -5.587200 
32 -5.594000 
33 -5.613900 
34 -5.645300 
35 -5.685400 
36 -5.730600 
37 -5.776500 
38 -5.818500 
39 -5.852400 
40 -5.874400 
41 -5.881900 
42 -5.792700 
43 -5.549500 
44 -5.209000 
45 -4.829300 
46 -4.455700 
47 -4.119600 
48 -3.841500 
49 -3.634900 
50 -3.604900 
51 -3.629200 
52 -3.587400 
53 -3.505500 
54 -3.555700 
55 -3.625200 
56 -3.713200 
57 -3.818600 
58 -3.940000 
59 -4.075900 
60 -4.224000 
61 -4.381700 
62 -4.546200 
63 -4.713600 
64 -4.880100 
65 -5.040700 
66 -5.190200 
67 -5.323200 
68 -5.434000 
69 -5.517500 
70 -5.569500 
71 -5.587200 
72 -5.539100 
73 -5.397000 
74 -5.167300 
75 -4.861300 
76 -4.495100 
77 -4.088900 
78 -3.666500 
79 -3.257900 
80 -2.910600 
81 -2.713100 
82 -2.825600 
83 -3.135700 
84 -3.622100 
85 -4.247100 
86 -4.964900 
87 -5.729000 
88 -6.126700 
89 -6.356800 
90 -7.000400 
91 -7.516300 

1 -7.316300 
2 -7.321000 
3 -7.334800 
4 -7.356300 
5 -7.383800 
6 -7.414600 
7 -7.042600 
8 -7.391400 
9 -7.647700 
10 -7.804900 
11 -7.858000 
12 -7.669100 
13 -7.169400 
14 -6.487900 
15 -6.610500 
16 -7.189100 
17 -7.833700 
18 -8.503600 
19 -9.136300 
20 -9.645100 
21 -9.955400 
22 -10.068400 
23 -10.050700 
24 -9.972000 
25 -9.880500 
26 -9.807700 
27 -9.775100 
28 -9.796600 
29 -9.870700 
30 -9.964400 
31 -10.009600 
32 -9.729200 
33 -9.092100 
34 -8.371100 
35 -7.717700 
36 -7.230200 
37 -6.989700 
38 -7.042500 
39 -7.350900 
40 -7.751000 
41 -7.949500 
42 -7.949100 
43 -7.945800 
44 -7.933300 
45 -7.900300 
46 -7.832200 
47 -7.718900 
48 -7.572500 
49 -7.433700 
50 -7.344500 
51 -7.316300 
52 -7.329900 
53 -7.370700 
54 -7.437700 
55 -7.530100 
56 -7.646600 
57 -7.785700 
58 -7.945900 
59 -8.125000 
60 -8.320200 
61 -8.528100 
62 -8.744100 
63 -8.962700 
64 -9.177400 
65 -9.266800 
66 -9.357300 
67 -9.478700 
68 -9.632300 
69 -9.803300 
70 -9.949700 
71 -10.009600 
72 -9.964400 
73 -9.870700 
74 -9.796600 
75 -9.775100 
76 -9.807700 
77 -9.880500 
78 -9.972000 
79 -10.050700 
80 -10.068400 
81 -9.955400 
82 -9.645100 
83 -9.136300 
84 -8.503600 
85 -7.833700 
86 -7.189100 
87 -6.610500 
88 -6.487900 
89 -7.169400 
90 -7.669100 
91 -7.858000 

1 -10.234300 
2 -10.237700 
3 -10.032300 
4 -9.235800 
5 -8.417000 
6 -7.635000 
7 -7.445600 
8 -7.474000 
9 -7.647700 
10 -7.804900 
11 -7.858000 
12 -8.376400 
13 -9.024400 
14 -9.653300 
15 -10.233100 
16 -10.728400 
17 -11.099500 
18 -11.319300 
19 -11.391800 
20 -11.350400 
21 -11.235900 
22 -11.081500 
23 -10.910000 
24 -10.736000 
25 -10.568800 
26 -10.414800 
27 -10.278900 
28 -10.166000 
29 -10.080900 
30 -10.027700 
31 -10.009600 
32 -10.149200 
33 -10.519100 
34 -11.022800 
35 -11.578800 
36 -11.590800 
37 -10.922700 
38 -10.381900 
39 -9.982200 
40 -9.736300 
41 -9.653200 
42 -9.767800 
43 -10.091500 
44 -10.571100 
45 -11.131800 
46 -10.827900 
47 -10.398600 
48 -10.161800 
49 -10.106700 
50 -10.175700 
51 -10.234300 
52 -10.196100 
53 -10.074500 
54 -9.889500 
55 -9.686400 
56 -9.498800 
57 -9.344400 
58 -9.230000 
59 -9.155500 
60 -9.116700 
61 -9.107500 
62 -9.121200 
63 -9.152800 
64 -9.200600 
65 -9.380600 
66 -9.564500 
67 -9.721800 
68 -9.847300 
69 -9.937600 
70 -9.991700 
71 -10.009600 
72 -10.027700 
73 -10.080900 
74 -10.166000 
75 -10.278900 
76 -10.414800 
77 -10.568800 
78 -10.736000 
79 -10.910000 
80 -11.081500 
81 -11.235900 
82 -11.350400 
83 -11.391800 
84 -11.319300 
85 -11.099500 
86 -10.728400 
87 -10.233100 
88 -9.653300 
89 -9.024400 
90 -8.376400 
91 -7.858000 

1 -10.964800 
2 -10.687000 
3 -10.246100 
4 -10.253400 
5 -10.248000 
6 -10.208900 
7 -10.100900 
8 -9.864500 
9 -9.414600 
10 -8.687300 
11 -7.858000 
12 -8.376400 
13 -9.024400 
14 -9.653300 
15 -10.233100 
16 -10.728400 
17 -11.099500 
18 -11.319300 
19 -11.391800 
20 -11.350400 
21 -11.235900 
22 -11.081500 
23 -10.910000 
24 -10.736000 
25 -10.568800 
26 -10.414800 
27 -10.278900 
28 -10.166000 
29 -10.080900 
30 -10.027700 
31 -10.009600 
32 -10.149200 
33 -10.519100 
34 -11.022800 
35 -11.578800 
45 -11.425100 
46 -11.653000 
47 -11.654400 
48 -11.406500 
49 -11.177000 
50 -11.020200 
51 -10.964800 
52 -10.996800 
53 -11.119300 
54 -11.343000 
55 -11.631900 
56 -11.934300 
66 -11.515900 
67 -11.026300 
68 -10.610300 
69 -10.287800 
70 -10.081200 
71 -10.009600 
72 -10.027700 
73 -10.080900 
74 -10.166000 
75 -10.278900 
76 -10.414800 
77 -10.568800 
78 -10.736000 
79 -10.910000 
80 -11.081500 
81 -11.235900 
82 -11.350400 
83 -11.391800 
84 -11.319300 
85 -11.099500 
86 -10.728400 
87 -10.233100 
88 -9.653300 
89 -9.024400 
90 -8.376400 
91 -7.858000 














