1 4.665400 
2 4.867400 
3 5.019400 
4 5.303400 
5 5.684400 
6 6.072400 
7 6.429400 
8 6.731400 
9 6.959400 
10 7.100400 
11 7.148400 
12 7.133400 
13 7.116400 
14 7.179400 
15 7.439400 
16 7.928400 
17 8.531400 
18 9.106400 
19 9.562400 
20 9.851400 
21 9.950400 
22 9.900400 
23 9.753400 
24 9.513400 
25 9.185400 
26 8.779400 
27 8.310400 
28 7.796400 
29 7.262400 
30 6.745400 
31 6.289400 
32 5.945400 
33 5.752400 
34 5.719400 
35 5.819400 
36 6.003400 
37 6.265400 
38 6.474400 
39 6.625400 
40 6.716400 
41 6.746400 
42 6.720400 
43 6.644400 
44 6.520400 
45 6.351400 
46 6.143400 
47 5.904400 
48 5.642400 
49 5.370400 
50 5.099400 
51 4.846400 
52 5.160400 
53 5.461400 
54 5.649400 
55 5.729400 
56 5.707400 
57 5.596400 
58 5.411400 
59 5.174400 
60 4.914400 
61 4.665400 
62 4.873400 
63 5.000400 
64 5.117400 
65 5.975400 
66 6.932400 
67 7.872400 
68 8.711400 
69 9.375400 
70 9.802400 
71 9.950400 
72 9.851400 
73 9.562400 
74 9.106400 
75 8.531400 
76 7.928400 
77 7.439400 
78 7.179400 
79 7.116400 
80 7.133400 
81 7.148400 

1 4.665400 
2 4.747400 
3 4.974400 
4 5.126400 
5 5.194400 
6 5.231400 
7 5.244400 
8 5.241400 
9 5.230400 
10 5.220400 
11 5.216400 
12 5.177400 
13 5.063400 
14 4.881400 
15 4.644400 
16 4.373400 
17 4.092400 
18 3.828400 
19 3.613400 
20 3.471400 
21 3.422400 
22 3.420400 
23 3.414400 
24 3.399400 
25 3.370400 
26 3.321400 
27 3.243400 
28 3.128400 
29 2.969400 
30 3.406400 
31 3.926400 
32 4.421400 
33 4.883400 
34 5.303400 
35 5.676400 
36 5.998400 
37 6.220400 
38 6.429400 
39 6.599400 
40 6.708400 
41 6.746400 
42 6.720400 
43 6.644400 
44 6.520400 
45 6.351400 
46 6.143400 
47 5.904400 
48 5.642400 
49 5.370400 
50 5.099400 
51 4.846400 
52 4.624400 
53 4.447400 
54 4.323400 
55 4.255400 
56 4.241400 
57 4.275400 
58 4.344400 
59 4.440400 
60 4.550400 
61 4.665400 
62 4.873400 
63 5.000400 
64 5.004400 
65 4.867400 
66 4.602400 
67 4.254400 
68 3.903400 
69 3.629400 
70 3.471400 
71 3.422400 
72 3.471400 
73 3.613400 
74 3.828400 
75 4.092400 
76 4.373400 
77 4.644400 
78 4.881400 
79 5.063400 
80 5.177400 
81 5.216400 

1 4.665400 
2 4.410400 
3 4.099400 
4 3.732400 
5 3.312400 
6 2.845400 
7 2.345400 
8 1.837400 
9 1.366400 
10 1.010400 
11 0.873400 
12 1.268400 
13 2.039400 
14 2.814400 
15 3.337400 
16 3.527400 
17 3.511400 
18 3.452400 
19 3.422400 
20 3.419400 
21 3.422400 
22 3.420400 
23 3.414400 
24 3.399400 
25 3.370400 
26 3.321400 
27 3.243400 
28 3.128400 
29 2.969400 
30 2.757400 
31 2.487400 
32 2.152400 
33 1.748400 
34 1.273400 
35 0.726400 
36 0.108400 
37 -0.574600 
38 -1.308600 
39 -2.058600 
40 -2.721600 
41 -3.027600 
42 -2.667600 
43 -1.851600 
44 -0.875600 
45 0.128400 
46 1.101400 
47 2.013400 
48 2.844400 
49 3.582400 
50 4.218400 
51 4.745400 
52 4.624400 
53 4.447400 
54 4.323400 
55 4.255400 
56 4.241400 
57 4.275400 
58 4.344400 
59 4.440400 
60 4.550400 
61 4.665400 
62 4.369400 
63 4.523400 
64 5.004400 
65 4.867400 
66 4.602400 
67 4.254400 
68 3.903400 
69 3.629400 
70 3.471400 
71 3.422400 
72 3.419400 
73 3.422400 
74 3.452400 
75 3.511400 
76 3.527400 
77 3.337400 
78 2.814400 
79 2.039400 
80 1.268400 
81 0.873400 

1 -0.533600 
2 -0.516600 
3 -0.459600 
4 -0.364600 
5 -0.237600 
6 -0.094600 
7 0.048400 
8 0.173400 
9 0.270400 
10 0.332400 
11 0.352400 
12 0.276400 
13 0.288400 
14 0.402400 
15 0.546400 
16 0.750400 
17 1.687400 
18 2.437400 
19 2.982400 
20 3.312400 
21 3.422400 
22 3.393400 
23 3.308400 
24 3.166400 
25 2.968400 
26 2.715400 
27 2.409400 
28 2.343400 
29 2.874400 
30 2.757400 
31 2.487400 
32 2.152400 
33 1.748400 
34 1.273400 
35 0.726400 
36 0.108400 
37 -0.574600 
38 -1.308600 
39 -2.058600 
40 -2.721600 
41 -3.027600 
42 -2.950600 
43 -2.745600 
44 -2.465600 
45 -2.152600 
46 -1.835600 
47 -1.530600 
48 -1.249600 
49 -1.000600 
50 -0.788600 
51 -0.618600 
52 -0.493600 
53 -0.414600 
54 -0.378600 
55 -0.377600 
56 -0.400600 
57 -0.435600 
58 -0.473600 
59 -0.505600 
60 -0.526600 
61 -0.533600 
62 -0.503600 
63 -0.411600 
64 -0.265600 
65 -0.084600 
66 0.098400 
67 0.260400 
68 1.656400 
69 2.645400 
70 3.229400 
71 3.422400 
72 3.312400 
73 2.982400 
74 2.437400 
75 1.687400 
76 0.750400 
77 0.546400 
78 0.402400 
79 0.288400 
80 0.276400 
81 0.352400 

1 -0.533600 
2 -0.531600 
3 -0.524600 
4 -0.513600 
5 -0.499600 
6 -0.484600 
7 -0.469600 
8 -0.455600 
9 -0.445600 
10 -0.438600 
11 -0.435600 
12 -0.414600 
13 -0.356600 
14 -0.275600 
15 -0.185600 
16 0.651400 
17 0.654400 
18 0.532400 
19 0.334400 
20 0.157400 
21 0.087400 
22 0.143400 
23 0.308400 
24 0.574400 
25 0.927400 
26 1.352400 
27 1.830400 
28 2.053400 
29 1.651400 
30 1.207400 
31 0.729400 
32 0.226400 
33 -0.290600 
34 -0.808600 
35 -1.310600 
36 -1.779600 
37 -2.197600 
38 -2.546600 
39 -2.808600 
40 -2.971600 
41 -3.027600 
42 -2.950600 
43 -2.745600 
44 -2.465600 
45 -2.152600 
46 -1.835600 
47 -1.530600 
48 -1.249600 
49 -1.000600 
50 -0.788600 
51 -0.618600 
52 -0.493600 
53 -0.414600 
54 -0.378600 
55 -0.377600 
56 -0.400600 
57 -0.435600 
58 -0.473600 
59 -0.505600 
60 -0.526600 
61 -0.533600 
62 -0.503600 
63 -0.411600 
64 -0.265600 
65 -0.084600 
66 0.098400 
67 0.235400 
68 0.280400 
69 0.227400 
70 0.133400 
71 0.087400 
72 0.157400 
73 0.334400 
74 0.532400 
75 0.654400 
76 0.651400 
77 -0.185600 
78 -0.275600 
79 -0.356600 
80 -0.414600 
81 -0.435600 

1 -5.768600 
2 -5.869600 
3 -6.160600 
4 -6.613600 
5 -7.183600 
6 -7.363600 
7 -6.431600 
8 -5.565600 
9 -4.828600 
10 -4.308600 
11 -4.116600 
12 -3.714600 
13 -2.738600 
14 -1.543600 
15 -0.345600 
16 -0.100600 
17 -0.028600 
18 0.024400 
19 0.060400 
20 0.081400 
21 0.087400 
22 0.064400 
23 -0.003600 
24 -0.111600 
25 -0.252600 
26 -0.410600 
27 -0.569600 
28 -0.711600 
29 -0.831600 
30 -0.938600 
31 -1.067600 
32 -1.274600 
33 -1.611600 
34 -2.105600 
35 -2.738600 
36 -3.465600 
37 -4.224600 
38 -4.946600 
39 -5.555600 
40 -5.969600 
41 -6.117600 
42 -6.207600 
43 -6.452600 
44 -6.795600 
45 -7.187600 
46 -7.593600 
47 -7.987600 
48 -8.356600 
49 -8.352600 
50 -8.227600 
51 -8.049600 
52 -7.835600 
53 -7.600600 
54 -7.352600 
55 -7.090600 
56 -6.814600 
57 -6.530600 
58 -6.254600 
59 -6.012600 
60 -5.837600 
61 -5.768600 
62 -6.127600 
63 -7.337600 
64 -5.881600 
65 -3.612600 
66 -1.520600 
67 0.235400 
68 0.280400 
69 0.227400 
70 0.133400 
71 0.087400 
72 0.081400 
73 0.060400 
74 0.024400 
75 -0.028600 
76 -0.100600 
77 -0.345600 
78 -1.543600 
79 -2.738600 
80 -3.714600 
81 -4.116600 

1 -11.481600 
2 -10.870600 
3 -10.110600 
4 -9.243600 
5 -8.314600 
6 -7.823600 
7 -8.483600 
8 -9.119600 
9 -8.970600 
10 -8.494600 
11 -8.324600 
12 -8.396600 
13 -8.602600 
14 -8.915600 
15 -9.295600 
16 -9.698600 
17 -10.084600 
18 -10.418600 
19 -10.672600 
20 -10.829600 
21 -10.883600 
22 -11.037600 
23 -11.447600 
24 -11.994600 
25 -12.548600 
26 -13.026600 
27 -13.410600 
28 -13.731600 
29 -14.042600 
30 -14.392600 
31 -14.804600 
32 -14.700600 
33 -13.901600 
34 -12.935600 
35 -11.853600 
36 -10.706600 
37 -9.539600 
38 -8.397600 
39 -7.340600 
40 -6.486600 
41 -6.117600 
42 -6.207600 
43 -6.452600 
44 -6.795600 
45 -7.187600 
46 -7.593600 
47 -7.988600 
48 -8.356600 
49 -8.687600 
50 -8.979600 
51 -9.232600 
52 -9.454600 
53 -9.653600 
54 -9.842600 
55 -10.034600 
56 -10.237600 
57 -10.458600 
58 -10.697600 
59 -10.953600 
60 -11.217600 
61 -11.481600 
62 -10.082600 
63 -8.124600 
64 -9.337600 
65 -11.795600 
66 -12.426600 
67 -12.119600 
68 -11.715600 
69 -11.305600 
70 -10.998600 
71 -10.883600 
72 -10.829600 
73 -10.672600 
74 -10.418600 
75 -10.084600 
76 -9.698600 
77 -9.295600 
78 -8.915600 
79 -8.602600 
80 -8.396600 
81 -8.324600 

1 -11.481600 
2 -11.532600 
3 -11.670600 
4 -11.861600 
5 -11.685600 
6 -11.130600 
7 -10.418600 
8 -9.654600 
9 -9.685600 
10 -10.116600 
11 -10.290600 
12 -10.732600 
13 -11.877600 
14 -13.350600 
15 -14.601600 
16 -14.674600 
17 -14.165600 
18 -13.203600 
19 -12.093600 
20 -11.216600 
21 -10.883600 
22 -11.052600 
23 -11.536600 
24 -12.262600 
25 -13.125600 
26 -14.000600 
27 -14.768600 
28 -15.327600 
29 -15.611600 
30 -15.594600 
31 -15.280600 
32 -14.700600 
33 -13.901600 
34 -12.935600 
35 -11.853600 
36 -10.706600 
37 -9.539600 
38 -8.397600 
39 -7.340600 
40 -6.486600 
41 -6.117600 
42 -6.390600 
43 -6.950600 
44 -7.503600 
45 -7.935600 
46 -8.221600 
47 -8.371600 
48 -8.407600 
49 -8.687600 
50 -8.979600 
51 -9.232600 
52 -9.454600 
53 -9.653600 
54 -9.842600 
55 -10.034600 
56 -10.237600 
57 -10.458600 
58 -10.697600 
59 -10.953600 
60 -11.217600 
61 -11.481600 
62 -11.968600 
63 -12.342600 
64 -12.553600 
65 -12.580600 
66 -12.426600 
67 -12.119600 
68 -11.715600 
69 -11.305600 
70 -10.998600 
71 -10.883600 
72 -11.216600 
73 -12.093600 
74 -13.203600 
75 -14.165600 
76 -14.674600 
77 -14.601600 
78 -13.350600 
79 -11.877600 
80 -10.732600 
81 -10.290600 

1 -11.481600 
2 -11.898600 
3 -12.084600 
4 -12.013600 
5 -12.056600 
6 -12.206600 
7 -12.272600 
8 -12.234600 
9 -12.103600 
10 -11.931600 
11 -11.842600 
12 -12.221600 
13 -13.094600 
14 -14.003600 
15 -14.748600 
16 -15.670600 
17 -15.753600 
18 -14.833600 
19 -13.177600 
20 -11.558600 
21 -10.883600 
22 -11.052600 
23 -11.536600 
24 -12.262600 
25 -13.125600 
26 -14.000600 
27 -14.768600 
28 -15.327600 
29 -15.611600 
30 -15.594600 
31 -15.280600 
32 -15.267600 
33 -15.737600 
34 -16.152600 
35 -16.449600 
36 -16.581600 
37 -16.538600 
38 -16.356600 
39 -16.109600 
40 -15.898600 
41 -15.815600 
42 -15.879600 
43 -16.058600 
44 -16.312600 
45 -16.567600 
46 -16.723600 
47 -16.675600 
48 -16.347600 
49 -15.725600 
50 -14.875600 
51 -13.933600 
52 -13.067600 
53 -12.412600 
54 -12.035600 
55 -11.916600 
56 -11.975600 
57 -12.099600 
58 -12.178600 
59 -12.130600 
60 -11.904600 
61 -11.481600 
62 -11.968600 
63 -12.342600 
64 -12.553600 
65 -12.580600 
66 -14.204600 
67 -15.869600 
68 -16.033600 
69 -14.424600 
70 -12.041600 
71 -10.883600 
72 -11.558600 
73 -13.177600 
74 -14.833600 
75 -15.753600 
76 -15.670600 
77 -14.748600 
78 -14.003600 
79 -13.094600 
80 -12.221600 
81 -11.842600 

