1 3.512000 
2 3.544900 
3 3.636100 
4 3.767700 
5 3.919500 
6 4.073400 
7 4.215600 
8 4.335600 
9 4.426000 
10 4.482100 
11 4.501100 
12 4.497700 
13 4.489700 
14 4.484500 
15 4.494100 
16 4.538400 
17 4.643400 
18 4.836200 
19 5.129600 
20 5.512100 
21 5.952100 
22 6.414400 
23 6.871400 
24 7.302700 
25 7.694400 
26 8.037100 
27 8.324400 
28 8.551800 
29 8.716200 
30 8.815600 
31 8.848700 
32 8.823900 
33 8.749300 
34 8.625800 
35 8.454500 
36 8.237400 
37 7.977100 
38 7.677300 
39 7.342800 
40 6.980400 
41 6.599500 
42 6.213000 
43 5.837800 
44 5.494300 
45 5.201900 
46 4.973500 
47 4.809700 
48 4.701200 
49 4.634600 
50 4.599400 
51 4.588700 
52 4.553800 
53 4.451400 
54 4.289100 
55 4.080600 
56 3.849200 
57 3.632800 
58 3.488400 
59 3.474500 
60 3.576400 
61 3.708600 
62 3.511500 
63 3.331200 
64 3.255400 
65 3.312500 
66 3.476000 
67 3.745400 
68 4.113400 
69 4.561600 
70 5.064300 
71 5.594000 
72 6.125900 
73 6.640300 
74 7.121600 
75 7.557700 
76 7.939700 
77 8.260600 
78 8.515300 
79 8.699700 
80 8.811400 
81 8.848700 
82 8.823900 
83 8.749300 
84 8.625800 
85 8.454500 
86 8.237400 
87 7.977100 
88 7.677300 
89 7.342800 
90 6.980400 
91 6.599500 
92 6.213000 
93 5.837800 
94 5.494300 
95 5.201900 
96 4.973500 
97 4.809700 
98 4.701200 
99 4.634600 
100 4.599400 
101 4.588700 

1 2.592700 
2 2.836900 
3 3.054200 
4 3.245000 
5 3.410000 
6 3.548800 
7 3.662300 
8 3.750300 
9 3.812900 
10 3.850300 
11 3.862700 
12 3.851200 
13 3.816900 
14 3.760300 
15 3.682500 
16 3.585000 
17 3.469700 
18 3.338300 
19 3.194100 
20 3.040000 
21 2.879400 
22 2.716000 
23 2.553500 
24 2.396700 
25 2.249700 
26 2.116000 
27 2.000800 
28 1.907000 
29 1.837600 
30 1.795000 
31 1.779700 
32 1.788800 
33 1.812900 
34 1.851000 
35 1.901300 
36 1.960400 
37 2.024900 
38 2.090000 
39 2.149100 
40 2.195200 
41 2.218700 
42 2.208200 
43 2.148700 
44 2.024900 
45 1.823500 
46 1.735800 
47 1.771200 
48 1.800400 
49 1.822100 
50 1.835500 
51 1.840000 
52 1.870900 
53 1.964900 
54 2.120800 
55 2.331600 
56 2.574000 
57 2.817000 
58 3.031700 
59 3.186200 
60 3.280200 
61 3.356800 
62 3.255200 
63 3.164900 
64 3.024000 
65 2.828200 
66 2.624100 
67 2.549900 
68 2.590700 
69 2.598500 
70 2.576300 
71 2.527600 
72 2.457200 
73 2.370100 
74 2.272000 
75 2.168700 
76 2.067200 
77 1.973800 
78 1.893900 
79 1.832400 
80 1.793700 
81 1.779700 
82 1.788800 
83 1.812900 
84 1.851000 
85 1.901300 
86 1.960400 
87 2.024900 
88 2.090000 
89 2.149100 
90 2.195200 
91 2.218700 
92 2.208200 
93 2.148700 
94 2.024900 
95 1.823500 
96 1.735800 
97 1.771200 
98 1.800400 
99 1.822100 
100 1.835500 
101 1.840000 

1 2.592600 
2 2.323100 
3 2.027600 
4 1.707100 
5 1.363500 
6 1.000000 
7 0.621400 
8 0.239100 
9 -0.123600 
10 -0.286100 
11 -0.303300 
12 -0.298000 
13 -0.282200 
14 -0.256300 
15 -0.221200 
16 -0.085300 
17 0.382700 
18 0.815800 
19 1.102400 
20 1.249600 
21 1.287000 
22 1.248200 
23 1.164200 
24 1.283100 
25 1.411700 
26 1.522600 
27 1.614700 
28 1.687300 
29 1.739100 
30 1.770200 
31 1.779700 
32 1.774300 
33 1.755300 
34 1.725500 
35 1.687400 
36 1.644500 
37 1.602600 
38 1.568000 
39 1.546500 
40 1.541700 
41 1.553700 
42 1.579400 
43 1.614600 
44 1.654900 
45 1.696300 
46 1.735800 
47 1.771200 
48 1.800400 
49 1.822100 
50 1.835500 
51 1.840000 
52 1.816300 
53 1.747300 
54 1.635500 
55 1.569100 
56 1.785000 
57 1.920500 
58 1.955100 
59 1.874200 
60 1.708000 
61 1.513300 
62 1.782900 
63 2.014100 
64 2.206100 
65 2.359500 
66 2.473400 
67 2.424100 
68 2.234100 
69 2.058400 
70 1.900900 
71 1.765700 
72 1.657800 
73 1.581400 
74 1.541900 
75 1.540900 
76 1.573500 
77 1.643400 
78 1.702800 
79 1.745800 
80 1.772000 
81 1.779700 
82 1.774300 
83 1.755300 
84 1.725500 
85 1.687400 
86 1.644500 
87 1.602600 
88 1.568000 
89 1.546500 
90 1.541700 
91 1.553700 
92 1.579400 
93 1.614600 
94 1.654900 
95 1.696300 
96 1.735800 
97 1.771200 
98 1.800400 
99 1.822100 
100 1.835500 
101 1.840000 

1 0.630800 
2 0.598900 
3 0.510800 
4 0.383600 
5 0.238400 
6 0.092400 
7 -0.040800 
8 -0.152500 
9 -0.235300 
10 -0.414100 
11 -0.533700 
12 -0.513600 
13 -0.454700 
14 -0.360000 
15 -0.234800 
16 -0.085400 
17 0.082800 
18 0.261400 
19 0.445200 
20 0.629600 
21 0.809200 
22 0.979600 
23 1.138100 
24 1.283000 
25 1.411600 
26 1.522500 
27 1.614600 
28 1.687200 
29 1.739000 
30 1.770100 
31 1.779500 
32 1.774100 
33 1.755100 
34 1.725400 
35 1.687200 
36 1.644300 
37 1.602500 
38 1.567900 
39 1.546400 
40 1.541600 
41 1.553700 
42 1.579400 
43 1.614600 
44 1.654900 
45 1.696300 
46 1.543100 
47 1.200800 
48 0.833300 
49 0.494200 
50 0.249300 
51 0.158900 
52 0.481300 
53 0.906600 
54 1.275700 
55 1.484700 
56 1.301800 
57 1.096600 
58 0.880800 
59 0.670400 
60 0.488300 
61 0.357600 
62 0.504600 
63 0.643000 
64 0.767800 
65 0.875300 
66 0.961500 
67 1.024700 
68 1.065000 
69 1.081700 
70 1.075600 
71 1.049400 
72 1.143500 
73 1.265400 
74 1.377700 
75 1.479400 
76 1.568400 
77 1.627000 
78 1.685400 
79 1.735800 
80 1.769000 
81 1.779500 
82 1.774100 
83 1.755100 
84 1.725400 
85 1.687200 
86 1.644300 
87 1.602500 
88 1.567900 
89 1.546400 
90 1.541600 
91 1.553700 
92 1.579400 
93 1.614600 
94 1.654900 
95 1.696300 
96 1.543100 
97 1.200800 
98 0.833300 
99 0.494200 
100 0.249300 
101 0.158900 

1 -0.535600 
2 -0.535400 
3 -0.535300 
4 -0.535100 
5 -0.535200 
6 -0.535000 
7 -0.534500 
8 -0.534000 
9 -0.533900 
10 -0.533800 
11 -0.533800 
12 -0.513700 
13 -0.454800 
14 -0.360100 
15 -0.234900 
16 -0.173200 
17 0.082700 
18 0.261300 
19 0.445100 
20 0.629500 
21 0.809000 
22 0.979400 
23 1.138000 
24 1.056400 
25 0.940300 
26 0.827000 
27 0.725300 
28 0.641100 
29 0.577900 
30 0.538400 
31 0.524000 
32 0.528400 
33 0.537300 
34 0.550300 
35 0.564800 
36 0.576300 
37 0.580500 
38 0.571000 
39 0.542500 
40 0.492000 
41 0.420400 
42 0.332200 
43 0.232800 
44 0.129500 
45 0.026500 
46 -0.069500 
47 -0.154200 
48 -0.224500 
49 -0.277300 
50 -0.309800 
51 -0.320700 
52 -0.317000 
53 -0.305800 
54 -0.288200 
55 -0.265600 
56 -0.239900 
57 -0.214000 
58 -0.191600 
59 -0.179900 
60 -0.188900 
61 -0.230700 
62 -0.136500 
63 -0.032000 
64 0.082100 
65 0.204700 
66 0.333600 
67 0.467400 
68 0.604500 
69 0.742800 
70 0.880100 
71 1.014300 
72 1.005500 
73 0.947900 
74 0.880400 
75 0.807900 
76 0.735200 
77 0.667600 
78 0.609100 
79 0.563800 
80 0.535000 
81 0.524000 
82 0.528400 
83 0.537300 
84 0.550300 
85 0.564800 
86 0.576300 
87 0.580500 
88 0.571000 
89 0.542500 
90 0.492000 
91 0.420400 
92 0.332200 
93 0.232800 
94 0.129500 
95 0.026500 
96 -0.069500 
97 -0.154200 
98 -0.224500 
99 -0.277300 
100 -0.309800 
101 -0.320700 

1 -8.307600 
2 -7.565900 
3 -6.844100 
4 -6.144300 
5 -5.469500 
6 -4.823800 
7 -4.213300 
8 -3.649700 
9 -3.157100 
10 -2.788600 
11 -2.642900 
12 -2.481400 
13 -2.049800 
14 -1.457400 
15 -0.806400 
16 -0.177700 
17 -0.126600 
18 -0.070100 
19 -0.009100 
20 0.054800 
21 0.119900 
22 0.184400 
23 0.247000 
24 0.306400 
25 0.360700 
26 0.408500 
27 0.449500 
28 0.482400 
29 0.505800 
30 0.520400 
31 0.524000 
32 0.528400 
33 0.537300 
34 0.550300 
35 0.564800 
36 0.576300 
37 0.580400 
38 0.571000 
39 0.542400 
40 0.491900 
41 0.420300 
42 0.332000 
43 0.232700 
44 0.129400 
45 0.026300 
46 -0.069700 
47 -0.154400 
48 -0.224700 
49 -0.277600 
50 -0.310000 
51 -0.321000 
52 -0.697100 
53 -1.286000 
54 -1.935500 
55 -2.630200 
56 -3.364300 
57 -4.132400 
58 -4.926000 
59 -5.720700 
60 -6.375400 
61 -6.303700 
62 -6.734500 
63 -5.654900 
64 -4.654600 
65 -3.749000 
66 -2.949900 
67 -2.262600 
68 -1.683600 
69 -1.201500 
70 -0.799200 
71 -0.461800 
72 -0.179100 
73 0.053800 
74 0.235200 
75 0.364900 
76 0.447000 
77 0.492200 
78 0.513700 
79 0.521900 
80 0.524500 
81 0.524000 
82 0.528400 
83 0.537300 
84 0.550300 
85 0.564800 
86 0.576300 
87 0.580400 
88 0.571000 
89 0.542400 
90 0.491900 
91 0.420300 
92 0.332000 
93 0.232700 
94 0.129400 
95 0.026300 
96 -0.069700 
97 -0.154400 
98 -0.224700 
99 -0.277600 
100 -0.310000 
101 -0.321000 

1 -8.307600 
2 -9.066300 
3 -9.839800 
4 -10.380000 
5 -10.306500 
6 -10.244400 
7 -10.195100 
8 -10.158800 
9 -10.133900 
10 -10.119400 
11 -10.114700 
12 -10.329300 
13 -10.921400 
14 -11.785000 
44 -11.558600 
45 -10.519200 
46 -9.544700 
47 -8.654800 
48 -7.878400 
49 -7.258000 
50 -6.848400 
51 -6.703700 
52 -6.709300 
53 -6.726300 
54 -6.758200 
55 -6.809600 
56 -6.885600 
57 -6.988300 
58 -7.111700 
59 -7.229200 
60 -7.351100 
61 -7.871400 
62 -7.092200 
63 -7.914300 
64 -8.767200 
65 -9.649900 
66 -10.561300 
67 -11.499900 
94 -11.558600 
95 -10.519200 
96 -9.544700 
97 -8.654800 
98 -7.878400 
99 -7.258000 
100 -6.848400 
101 -6.703700 

1 -10.549900 
2 -10.523000 
3 -10.457500 
4 -10.625000 
5 -11.417000 
60 -11.162400 
61 -10.752200 
62 -10.936100 
63 -11.192600 
64 -11.523300 
65 -11.934300 

1 -11.874900 
2 -11.950300 

