1 3.700900 
2 3.907900 
3 4.065900 
4 4.179900 
5 4.415900 
6 4.702900 
7 4.972900 
8 5.203900 
9 5.379900 
10 5.488900 
11 5.525900 
12 5.482900 
13 5.363900 
14 5.208900 
15 5.098900 
16 5.161900 
17 5.457900 
18 5.864900 
19 6.228900 
20 6.469900 
21 6.552900 
22 6.511900 
23 6.387900 
24 6.185900 
25 5.915900 
26 5.591900 
27 5.232900 
28 4.868900 
29 4.536900 
30 4.280900 
31 4.132900 
32 4.110900 
33 4.201900 
34 4.378900 
35 4.635900 
36 4.915900 
37 5.149900 
38 5.334900 
39 5.467900 
40 5.547900 
41 5.574900 
42 5.552900 
43 5.485900 
44 5.375900 
45 5.226900 
46 5.042900 
47 4.829900 
48 4.595900 
49 4.349900 
50 4.102900 
51 3.866900 
52 4.000900 
53 4.274900 
54 4.456900 
55 4.548900 
56 4.554900 
57 4.482900 
58 4.345900 
59 4.157900 
60 3.935900 
61 3.700900 
62 3.914900 
63 4.054900 
64 4.082900 
65 3.983900 
66 4.250900 
67 4.908900 
68 5.543900 
69 6.074900 
70 6.428900 
71 6.552900 
72 6.469900 
73 6.228900 
74 5.864900 
75 5.457900 
76 5.161900 
77 5.098900 
78 5.208900 
79 5.363900 
80 5.482900 
81 5.525900 

1 3.700900 
2 3.754900 
3 3.909900 
4 4.140900 
5 4.255900 
6 4.300900 
7 4.320900 
8 4.322900 
9 4.313900 
10 4.303900 
11 4.299900 
12 4.266900 
13 4.169900 
14 4.014900 
15 3.815900 
16 3.588900 
17 3.354900 
18 3.137900 
19 2.960900 
20 2.844900 
21 2.804900 
22 2.802900 
23 2.795900 
24 2.780900 
25 2.752900 
26 2.705900 
27 2.633900 
28 2.529900 
29 2.386900 
30 2.720900 
31 3.148900 
32 3.563900 
33 3.953900 
34 4.313900 
35 4.605900 
36 4.850900 
37 5.085900 
38 5.288900 
39 5.444900 
40 5.541900 
41 5.574900 
42 5.552900 
43 5.485900 
44 5.375900 
45 5.226900 
46 5.042900 
47 4.829900 
48 4.595900 
49 4.349900 
50 4.102900 
51 3.866900 
52 3.656900 
53 3.484900 
54 3.360900 
55 3.290900 
56 3.274900 
57 3.305900 
58 3.375900 
59 3.471900 
60 3.583900 
61 3.700900 
62 3.914900 
63 4.054900 
64 4.082900 
65 3.983900 
66 3.770900 
67 3.485900 
68 3.196900 
69 2.972900 
70 2.844900 
71 2.804900 
72 2.844900 
73 2.960900 
74 3.137900 
75 3.354900 
76 3.588900 
77 3.815900 
78 4.014900 
79 4.169900 
80 4.266900 
81 4.299900 

1 3.700900 
2 3.439900 
3 3.122900 
4 2.745900 
5 2.307900 
6 1.808900 
7 1.251900 
8 0.644900 
9 0.147900 
10 0.182900 
11 0.194900 
12 0.236900 
13 0.429900 
14 1.127900 
15 1.930900 
16 2.489900 
17 2.730900 
18 2.785900 
19 2.794900 
20 2.801900 
21 2.804900 
22 2.802900 
23 2.795900 
24 2.780900 
25 2.752900 
26 2.705900 
27 2.633900 
28 2.529900 
29 2.386900 
30 2.198900 
31 1.961900 
32 1.670900 
33 1.323900 
34 0.921900 
35 0.466900 
36 -0.033100 
37 -0.564100 
38 -1.098100 
39 -1.586100 
40 -1.947100 
41 -2.084100 
42 -1.911100 
43 -1.447100 
44 -0.806100 
45 -0.083100 
46 0.656900 
47 1.373900 
48 2.043900 
49 2.650900 
50 3.182900 
51 3.634900 
52 3.656900 
53 3.484900 
54 3.360900 
55 3.290900 
56 3.274900 
57 3.305900 
58 3.375900 
59 3.471900 
60 3.583900 
61 3.700900 
62 3.289900 
63 3.106900 
64 3.241900 
65 3.658900 
66 3.770900 
67 3.485900 
68 3.196900 
69 2.972900 
70 2.844900 
71 2.804900 
72 2.801900 
73 2.794900 
74 2.785900 
75 2.730900 
76 2.489900 
77 1.930900 
78 1.127900 
79 0.429900 
80 0.236900 
81 0.194900 

1 -0.308100 
2 -0.297100 
3 -0.262100 
4 -0.206100 
5 -0.136100 
6 -0.057100 
7 0.021900 
8 0.092900 
9 0.005900 
10 -0.242100 
11 -0.240100 
12 -0.225100 
13 0.002900 
14 0.322900 
15 0.466900 
16 0.624900 
17 1.375900 
18 1.986900 
19 2.437900 
20 2.712900 
21 2.804900 
22 2.780900 
23 2.708900 
24 2.589900 
25 2.423900 
26 2.214900 
27 1.963900 
28 1.862900 
29 2.287900 
30 2.198900 
31 1.961900 
32 1.670900 
33 1.323900 
34 0.921900 
35 0.466900 
36 -0.033100 
37 -0.564100 
38 -1.098100 
39 -1.586100 
40 -1.947100 
41 -2.084100 
42 -2.053100 
43 -1.965100 
44 -1.829100 
45 -1.659100 
46 -1.468100 
47 -1.268100 
48 -1.070100 
49 -0.881100 
50 -0.708100 
51 -0.557100 
52 -0.433100 
53 -0.340100 
54 -0.280100 
55 -0.250100 
56 -0.244100 
57 -0.254100 
58 -0.272100 
59 -0.290100 
60 -0.304100 
61 -0.308100 
62 -0.287100 
63 -0.221100 
64 -0.116100 
65 0.016900 
66 0.149900 
67 0.248900 
68 1.288900 
69 2.144900 
70 2.642900 
71 2.804900 
72 2.712900 
73 2.437900 
74 1.986900 
75 1.375900 
76 0.624900 
77 0.466900 
78 0.322900 
79 0.002900 
80 -0.225100 
81 -0.240100 

1 -0.308100 
2 -0.307100 
3 -0.302100 
4 -0.294100 
5 -0.285100 
6 -0.274100 
7 -0.263100 
8 -0.254100 
9 -0.246100 
10 -0.596100 
11 -0.904100 
12 -0.623100 
13 -0.184100 
14 -0.125100 
15 -0.060100 
16 0.551900 
17 0.552900 
18 0.460900 
19 0.311900 
20 0.178900 
21 0.126900 
22 0.167900 
23 0.291900 
24 0.490900 
25 0.758900 
26 1.084900 
27 1.456900 
28 1.675900 
29 1.352900 
30 1.002900 
31 0.631900 
32 0.246900 
33 -0.141100 
34 -0.523100 
35 -0.887100 
36 -1.221100 
37 -1.515100 
38 -1.756100 
39 -1.936100 
40 -2.046100 
41 -2.084100 
42 -2.053100 
43 -1.965100 
44 -1.829100 
45 -1.659100 
46 -1.468100 
47 -1.268100 
48 -1.070100 
49 -0.881100 
50 -0.708100 
51 -0.557100 
52 -0.433100 
53 -0.340100 
54 -0.280100 
55 -0.250100 
56 -0.244100 
57 -0.254100 
58 -0.272100 
59 -0.290100 
60 -0.304100 
61 -0.308100 
62 -0.287100 
63 -0.221100 
64 -0.116100 
65 0.016900 
66 0.149900 
67 0.248900 
68 0.279900 
69 0.235900 
70 0.161900 
71 0.126900 
72 0.178900 
73 0.311900 
74 0.460900 
75 0.552900 
76 0.551900 
77 -0.060100 
78 -0.125100 
79 -0.184100 
80 -0.623100 
81 -0.904100 

1 -9.622100 
2 -9.660100 
3 -9.769100 
4 -8.934100 
5 -7.918100 
6 -6.883100 
7 -5.859100 
8 -4.869100 
9 -3.949100 
10 -3.175100 
11 -2.810100 
12 -2.575100 
13 -1.954100 
14 -1.121100 
15 -0.228100 
16 0.001900 
17 0.051900 
18 0.088900 
19 0.111900 
20 0.122900 
21 0.126900 
22 0.109900 
23 0.060900 
24 -0.022100 
25 -0.140100 
26 -0.290100 
27 -0.473100 
28 -0.699100 
29 -0.983100 
30 -1.352100 
31 -1.831100 
32 -2.430100 
33 -3.140100 
34 -3.934100 
35 -4.772100 
36 -5.612100 
37 -6.407100 
38 -7.106100 
39 -7.660100 
40 -8.019100 
41 -8.143100 
42 -8.179100 
43 -8.281100 
44 -8.433100 
45 -8.616100 
46 -8.809100 
47 -8.993100 
48 -9.158100 
49 -9.298100 
50 -9.412100 
51 -9.508100 
52 -9.595100 
53 -9.686100 
54 -9.795100 
55 -9.932100 
56 -10.085100 
57 -9.957100 
58 -9.833100 
59 -9.726100 
60 -9.650100 
61 -9.622100 
62 -9.537100 
63 -7.711100 
64 -5.542100 
65 -3.434100 
66 -1.534100 
67 0.057900 
68 0.279900 
69 0.235900 
70 0.161900 
71 0.126900 
72 0.122900 
73 0.111900 
74 0.088900 
75 0.051900 
76 0.001900 
77 -0.228100 
78 -1.121100 
79 -1.954100 
80 -2.575100 
81 -2.810100 

1 -11.510100 
2 -10.773100 
3 -9.899100 
4 -9.938100 
5 -10.150100 
6 -10.384100 
7 -10.533100 
8 -9.526100 
9 -8.581100 
10 -7.903100 
11 -7.656100 
12 -7.679100 
13 -7.741100 
14 -7.819100 
15 -7.882100 
16 -7.903100 
17 -7.869100 
18 -7.785100 
19 -7.680100 
20 -7.592100 
21 -7.558100 
22 -7.725100 
23 -8.177100 
24 -8.792100 
25 -9.438100 
26 -10.022100 
27 -10.505100 
28 -10.893100 
29 -11.219100 
30 -11.521100 
31 -11.830100 
32 -12.159100 
33 -12.508100 
34 -12.859100 
35 -12.658100 
36 -11.640100 
37 -10.630100 
38 -9.690100 
39 -8.896100 
40 -8.345100 
41 -8.143100 
42 -8.179100 
43 -8.281100 
44 -8.433100 
45 -8.616100 
46 -8.809100 
47 -8.993100 
48 -9.158100 
49 -9.298100 
50 -9.412100 
51 -9.508100 
52 -9.595100 
53 -9.686100 
54 -9.795100 
55 -9.932100 
56 -10.107100 
57 -10.323100 
58 -10.580100 
59 -10.871100 
60 -11.185100 
61 -11.510100 
62 -10.168100 
63 -10.635100 
64 -11.818100 
65 -12.589100 
66 -11.960100 
67 -10.951100 
68 -9.746100 
69 -8.620100 
70 -7.837100 
71 -7.558100 
72 -7.592100 
73 -7.680100 
74 -7.785100 
75 -7.869100 
76 -7.903100 
77 -7.882100 
78 -7.819100 
79 -7.741100 
80 -7.679100 
81 -7.656100 

1 -11.510100 
2 -11.582100 
3 -11.786100 
4 -12.082100 
5 -12.049100 
6 -11.417100 
7 -10.616100 
8 -10.827100 
9 -10.996100 
10 -11.107100 
11 -11.146100 
12 -11.517100 
13 -12.451100 
14 -13.570100 
15 -14.319100 
16 -13.797100 
17 -12.643100 
18 -11.024100 
19 -9.327100 
20 -8.039100 
21 -7.558100 
22 -7.803100 
23 -8.506100 
24 -9.582100 
25 -10.894100 
26 -12.277100 
27 -13.560100 
28 -14.596100 
29 -15.288100 
30 -15.594100 
31 -15.525100 
32 -15.128100 
33 -14.470100 
34 -13.623100 
35 -12.658100 
36 -11.640100 
37 -10.630100 
38 -9.690100 
39 -8.896100 
40 -8.345100 
41 -8.143100 
42 -8.280100 
43 -8.632100 
44 -9.079100 
45 -9.519100 
46 -9.891100 
47 -10.171100 
48 -10.359100 
49 -10.466100 
50 -10.506100 
51 -10.487100 
52 -10.419100 
53 -10.378100 
54 -10.313100 
55 -10.207100 
56 -10.107100 
57 -10.323100 
58 -10.580100 
59 -10.871100 
60 -11.185100 
61 -11.510100 
62 -12.130100 
63 -12.598100 
64 -12.786100 
65 -12.589100 
66 -11.960100 
67 -10.951100 
68 -9.746100 
69 -8.620100 
70 -7.837100 
71 -7.558100 
72 -8.039100 
73 -9.327100 
74 -11.024100 
75 -12.643100 
76 -13.797100 
77 -14.319100 
78 -13.570100 
79 -12.451100 
80 -11.517100 
81 -11.146100 

1 -11.510100 
2 -12.057100 
3 -12.358100 
4 -12.365100 
5 -12.420100 
6 -12.741100 
7 -12.998100 
8 -13.163100 
9 -13.239100 
10 -13.257100 
11 -13.257100 
12 -13.444100 
13 -13.877100 
14 -14.271100 
15 -14.468100 
16 -14.753100 
17 -14.107100 
18 -12.471100 
19 -10.258100 
20 -8.326100 
21 -7.558100 
22 -7.803100 
23 -8.506100 
24 -9.582100 
25 -10.894100 
26 -12.277100 
27 -13.560100 
28 -14.596100 
29 -15.288100 
30 -15.594100 
31 -15.525100 
32 -15.128100 
33 -14.470100 
34 -13.623100 
35 -13.190100 
36 -13.475100 
37 -13.694100 
38 -13.839100 
39 -13.915100 
40 -13.945100 
41 -13.951100 
42 -13.947100 
43 -13.930100 
44 -13.886100 
45 -13.790100 
46 -13.602100 
47 -13.283100 
48 -12.810100 
49 -12.204100 
50 -11.552100 
51 -10.996100 
52 -10.686100 
53 -10.644100 
54 -10.911100 
55 -11.393100 
56 -11.908100 
57 -12.305100 
58 -12.484100 
59 -12.403100 
60 -12.067100 
61 -11.510100 
62 -12.130100 
63 -12.598100 
64 -12.786100 
65 -13.309100 
66 -14.651100 
67 -15.192100 
68 -14.274100 
69 -11.793100 
70 -8.883100 
71 -7.558100 
72 -8.326100 
73 -10.258100 
74 -12.471100 
75 -14.107100 
76 -14.753100 
77 -14.468100 
78 -14.271100 
79 -13.877100 
80 -13.444100 
81 -13.257100 

