1 2.548400 
2 2.518500 
3 2.430000 
4 2.285800 
5 2.091900 
6 1.857700 
7 1.598100 
8 1.335500 
9 1.101900 
10 0.936600 
11 0.876300 
12 0.894400 
13 0.944200 
14 1.014000 
15 1.092400 
16 1.173700 
17 1.263400 
18 1.380300 
19 1.556800 
20 1.828000 
21 2.211000 
22 2.689400 
23 3.223500 
24 3.770300 
25 4.294800 
26 4.771400 
27 5.181900 
28 5.513100 
29 5.755800 
30 5.903900 
31 5.953700 
32 5.887700 
33 5.695500 
34 5.393000 
35 5.002400 
36 4.548500 
37 4.056400 
38 3.554400 
39 3.083300 
40 2.716300 
41 2.569600 
42 2.489400 
43 2.261200 
44 1.919700 
45 1.516600 
46 1.394400 
47 1.776800 
48 2.100600 
49 2.345200 
50 2.496900 
51 2.548400 
52 2.522800 
53 2.448600 
54 2.335000 
55 2.202500 
56 2.094000 
57 2.081500 
58 2.223200 
59 2.500600 
60 2.859700 
61 3.259600 
62 3.673900 
63 4.084300 
64 4.476600 
65 4.839200 
66 5.162500 
67 5.438200 
68 5.659700 
69 5.821800 
70 5.920500 
71 5.953700 
72 5.903900 
73 5.755800 
74 5.513100 
75 5.181900 
76 4.771400 
77 4.294800 
78 3.770300 
79 3.223500 
80 2.689400 
81 2.211000 
82 1.828000 
83 1.556800 
84 1.380300 
85 1.263400 
86 1.173700 
87 1.092400 
88 1.014000 
89 0.944200 
90 0.894400 
91 0.876300 

1 -0.085200 
2 -0.212200 
3 -0.589300 
4 -1.205300 
5 -1.267700 
6 -0.636500 
7 -0.104300 
8 0.319300 
9 0.627000 
10 0.813700 
11 0.876300 
12 0.843200 
13 0.744300 
14 0.581100 
15 0.356400 
16 0.074700 
17 -0.256100 
18 -0.621900 
19 -0.993300 
20 -1.304200 
21 -1.427900 
22 -1.287100 
23 -0.983500 
24 -0.633500 
25 -0.292700 
26 0.014300 
27 0.275600 
28 0.484100 
29 0.635700 
30 0.727700 
31 0.758500 
32 0.738200 
33 0.678400 
34 0.582700 
35 0.457400 
36 0.311600 
37 0.157500 
38 0.010500 
39 -0.112400 
40 -0.174700 
41 -0.070900 
42 0.010800 
43 0.241400 
44 0.582300 
45 0.982900 
46 1.105100 
47 0.724100 
48 0.396300 
49 0.139300 
50 -0.027200 
51 -0.085200 
52 -0.056000 
53 0.028700 
54 0.159500 
55 0.315700 
56 0.455000 
57 0.508700 
58 0.427100 
59 0.248100 
60 0.059300 
61 -0.060600 
62 -0.076000 
63 -0.003200 
64 0.119600 
65 0.260300 
66 0.398500 
67 0.521700 
68 0.622800 
69 0.697500 
70 0.743100 
71 0.758500 
72 0.727700 
73 0.635700 
74 0.484100 
75 0.275600 
76 0.014300 
77 -0.292700 
78 -0.633500 
79 -0.983500 
80 -1.287100 
81 -1.427900 
82 -1.304200 
83 -0.993300 
84 -0.621900 
85 -0.256100 
86 0.074700 
87 0.356400 
88 0.581100 
89 0.744300 
90 0.843200 
91 0.876300 

1 -4.478300 
2 -3.622200 
3 -2.776900 
4 -1.986100 
5 -1.267700 
6 -0.636500 
7 -0.104300 
8 0.319300 
9 0.627000 
10 0.813700 
11 0.876300 
12 0.843200 
13 0.744300 
14 0.581100 
15 0.356400 
16 0.074700 
17 -0.256100 
18 -0.621900 
19 -0.993300 
20 -1.304200 
21 -1.427900 
22 -1.287100 
23 -0.983500 
24 -0.633500 
25 -0.292700 
26 0.014300 
27 0.275600 
28 0.484100 
29 0.635700 
30 0.727700 
31 0.758500 
32 0.697100 
33 0.519100 
34 0.245700 
35 -0.079100 
36 -0.381000 
37 -0.564700 
38 -0.562100 
39 -0.393500 
40 -0.194500 
41 -0.223400 
42 -0.282300 
43 -0.463700 
44 -0.780600 
45 -1.247000 
46 -1.860200 
47 -2.578100 
48 -3.311000 
49 -3.935600 
50 -4.341200 
51 -4.478300 
52 -4.436700 
53 -4.314100 
54 -4.114700 
55 -3.847000 
56 -3.522700 
57 -3.155600 
58 -2.760100 
59 -2.349500 
60 -1.936000 
61 -1.529700 
62 -1.139300 
63 -0.772100 
64 -0.434300 
65 -0.131200 
66 0.132800 
67 0.353900 
68 0.529100 
69 0.656000 
70 0.732800 
71 0.758500 
72 0.727700 
73 0.635700 
74 0.484100 
75 0.275600 
76 0.014300 
77 -0.292700 
78 -0.633500 
79 -0.983500 
80 -1.287100 
81 -1.427900 
82 -1.304200 
83 -0.993300 
84 -0.621900 
85 -0.256100 
86 0.074700 
87 0.356400 
88 0.581100 
89 0.744300 
90 0.843200 
91 0.876300 

1 -4.478300 
2 -3.622200 
3 -2.776900 
4 -1.986100 
5 -2.042900 
6 -3.080000 
7 -4.290100 
8 -5.641700 
9 -6.441200 
10 -6.050000 
11 -5.914200 
12 -6.016600 
13 -6.316600 
14 -6.795300 
15 -6.763800 
16 -6.012600 
17 -5.304800 
18 -4.654800 
19 -4.048700 
20 -3.619100 
21 -3.432200 
22 -3.478800 
23 -3.722000 
24 -4.118300 
25 -4.627200 
26 -5.210500 
27 -5.827300 
28 -6.426400 
29 -6.941700 
30 -7.296100 
31 -7.423100 
32 -7.244800 
33 -6.795900 
34 -6.224600 
35 -5.634000 
36 -5.082000 
37 -4.601600 
38 -4.212400 
39 -3.926900 
40 -3.752800 
41 -3.694300 
42 -3.697100 
43 -3.714400 
44 -3.762100 
45 -3.847300 
46 -3.965600 
47 -4.103700 
48 -4.243900 
49 -4.365500 
50 -4.448700 
51 -4.478300 
52 -4.436900 
53 -4.316600 
54 -4.130200 
55 -3.895100 
56 -3.631800 
57 -3.364100 
58 -3.120900 
59 -2.940700 
60 -2.874200 
61 -2.973400 
62 -3.258600 
63 -3.701900 
64 -4.252800 
65 -4.863600 
66 -5.492100 
67 -6.097100 
68 -6.634400 
69 -7.058600 
70 -7.329900 
71 -7.423100 
72 -7.296100 
73 -6.941700 
74 -6.426400 
75 -5.827300 
76 -5.210500 
77 -4.627200 
78 -4.118300 
79 -3.722000 
80 -3.478800 
81 -3.432200 
82 -3.619100 
83 -4.048700 
84 -4.654800 
85 -5.304800 
86 -6.012600 
87 -6.763800 
88 -6.795300 
89 -6.316600 
90 -6.016600 
91 -5.914200 

1 -4.523500 
2 -5.387400 
3 -6.253200 
4 -7.070600 
5 -7.814300 
6 -8.465200 
7 -7.830500 
8 -7.049100 
9 -7.094200 
10 -8.589400 
11 -10.016500 
12 -9.193800 
13 -8.361700 
14 -7.549300 
15 -6.763800 
16 -6.012600 
17 -5.304800 
18 -4.654800 
19 -4.090600 
20 -3.676200 
21 -3.534000 
22 -3.735200 
23 -4.169600 
24 -4.709000 
25 -5.281900 
26 -5.844500 
27 -6.361900 
28 -6.802800 
29 -7.139700 
30 -7.351100 
31 -7.423100 
32 -7.244800 
33 -6.795900 
34 -6.224600 
35 -5.634000 
36 -5.082000 
37 -4.601600 
38 -4.212400 
39 -3.926900 
40 -3.752800 
41 -3.694300 
42 -3.712000 
43 -3.763800 
44 -3.846500 
45 -3.954100 
46 -4.078400 
47 -4.208400 
48 -4.331100 
49 -4.432700 
50 -4.500000 
51 -4.523500 
52 -4.526700 
53 -4.536900 
54 -4.555600 
55 -4.585500 
56 -4.629500 
57 -4.691100 
58 -4.773600 
59 -4.879800 
60 -5.012200 
61 -5.172500 
62 -5.361600 
63 -5.579300 
64 -5.823900 
65 -6.091900 
66 -6.376900 
67 -6.668000 
68 -6.948200 
69 -7.191000 
70 -7.361100 
71 -7.423100 
72 -7.351100 
73 -7.139700 
74 -6.802800 
75 -6.361900 
76 -5.844500 
77 -5.281900 
78 -4.709000 
79 -4.169600 
80 -3.735200 
81 -3.534000 
82 -3.676200 
83 -4.090600 
84 -4.654800 
85 -5.304800 
86 -6.012600 
87 -6.763800 
88 -7.549300 
89 -8.361700 
90 -9.193800 
91 -10.016500 

1 -4.523500 
2 -5.387400 
3 -6.253200 
4 -7.070600 
5 -7.814300 
6 -8.465200 
7 -9.010900 
8 -9.444300 
9 -9.759700 
10 -9.951800 
11 -10.016500 
12 -9.193800 
13 -8.361700 
14 -7.549300 
15 -7.347100 
16 -6.412500 
17 -5.500100 
18 -4.693100 
19 -4.090600 
20 -3.676200 
21 -3.534000 
22 -3.735200 
23 -4.169600 
24 -4.709000 
25 -5.281900 
26 -5.844500 
27 -6.361900 
28 -6.802800 
29 -7.139700 
30 -7.351100 
31 -7.423100 
32 -7.432800 
33 -7.461000 
34 -7.505400 
35 -7.562300 
36 -7.626500 
37 -7.692000 
38 -7.752300 
39 -7.800900 
40 -7.832600 
41 -7.843500 
42 -7.713400 
43 -7.363800 
44 -6.884100 
45 -6.359300 
46 -5.850300 
47 -5.397100 
48 -5.024700 
49 -4.749200 
50 -4.580400 
51 -4.523500 
52 -4.536900 
53 -4.577000 
54 -4.643400 
55 -4.735400 
56 -4.852200 
57 -4.992300 
58 -5.154400 
59 -5.336100 
60 -5.535100 
61 -5.748100 
62 -5.971300 
63 -6.200000 
64 -6.428800 
65 -6.651200 
66 -6.860000 
67 -7.047000 
68 -7.204100 
69 -7.323200 
70 -7.397700 
71 -7.423100 
72 -7.351100 
73 -7.139700 
74 -6.802800 
75 -6.361900 
76 -5.844500 
77 -5.281900 
78 -4.709000 
79 -4.169600 
80 -3.735200 
81 -3.534000 
82 -3.676200 
83 -4.090600 
84 -4.693100 
85 -5.500100 
86 -6.412500 
87 -7.347100 
88 -7.549300 
89 -8.361700 
90 -9.193800 
91 -10.016500 

1 -9.772200 
2 -9.778900 
3 -9.798600 
4 -9.829400 
5 -9.764200 
6 -8.746900 
7 -9.010900 
8 -9.444300 
9 -9.759700 
10 -9.951800 
11 -10.016500 
12 -9.785200 
13 -9.170200 
14 -8.325400 
15 -7.459700 
16 -8.191700 
17 -9.044600 
18 -9.949300 
19 -10.840700 
20 -11.615900 
27 -11.952800 
28 -11.909000 
29 -11.925600 
30 -11.980200 
32 -11.667400 
33 -10.891400 
34 -10.025600 
35 -9.262500 
36 -8.734400 
37 -8.553700 
38 -8.781400 
39 -9.361500 
40 -10.071700 
41 -10.438700 
42 -10.436800 
43 -10.427300 
44 -10.398800 
45 -10.331600 
46 -10.204300 
47 -10.020800 
48 -9.841000 
49 -9.746700 
50 -9.751200 
51 -9.772200 
52 -9.759200 
53 -9.728000 
54 -9.696900 
55 -9.685400 
56 -9.707700 
57 -9.770500 
58 -9.874800 
59 -10.017800 
60 -10.194300 
61 -10.397800 
62 -10.620600 
63 -10.854200 
64 -11.088600 
65 -11.296300 
66 -11.386500 
67 -11.498800 
68 -11.640500 
69 -11.804200 
70 -11.950500 
72 -11.980200 
73 -11.925600 
74 -11.909000 
75 -11.952800 
82 -11.615900 
83 -10.840700 
84 -9.949300 
85 -9.044600 
86 -8.191700 
87 -7.459700 
88 -8.325400 
89 -9.170200 
90 -9.785200 
91 -10.016500 

3 -11.932600 
4 -10.845300 
5 -9.868600 
6 -9.912600 
7 -9.957200 
8 -9.997900 
9 -10.030500 
10 -10.051600 
11 -10.058900 
12 -10.882200 
13 -11.711600 
39 -11.574800 
40 -11.260800 
41 -11.154500 
42 -11.318300 
43 -11.778100 
55 -11.985400 
56 -11.656400 
57 -11.399900 
58 -11.219300 
59 -11.109800 
60 -11.061700 
61 -11.061800 
62 -11.096100 
63 -11.151700 
64 -11.219400 
65 -11.313500 
66 -11.518300 
67 -11.693700 
68 -11.833100 
69 -11.932900 
70 -11.992400 
89 -11.711600 
90 -10.882200 
91 -10.058900 

10 -11.304400 
11 -10.058900 
12 -10.882200 
13 -11.711600 
89 -11.711600 
90 -10.882200 
91 -10.058900 














