1 2.033300 
2 2.006900 
3 1.928700 
4 1.801600 
5 1.631100 
6 1.425800 
7 1.199400 
8 0.972000 
9 0.771100 
10 0.630000 
11 0.578700 
12 0.596600 
13 0.646500 
14 0.720400 
15 0.810800 
16 0.916500 
17 1.046800 
18 1.223000 
19 1.473000 
20 1.816300 
21 2.247800 
22 2.738500 
23 3.251900 
24 3.756000 
25 4.226700 
26 4.646900 
27 5.004500 
28 5.290700 
29 5.499200 
30 5.626000 
31 5.668500 
32 5.612100 
33 5.446600 
34 5.182900 
35 4.837100 
36 4.428500 
37 3.978900 
38 3.514500 
39 3.074400 
40 2.728500 
41 2.589100 
42 2.520900 
43 2.324400 
44 2.022700 
45 1.652600 
46 1.258100 
47 1.452900 
48 1.693800 
49 1.878400 
50 1.994000 
51 2.033300 
52 2.013800 
53 1.958800 
54 1.880900 
55 1.809300 
56 1.801300 
57 1.920000 
58 2.167300 
59 2.497500 
60 2.870300 
61 3.260100 
62 3.649700 
63 4.026200 
64 4.379600 
65 4.701700 
66 4.985400 
67 5.225200 
68 5.416500 
69 5.555600 
70 5.640200 
71 5.668500 
72 5.626000 
73 5.499200 
74 5.290700 
75 5.004500 
76 4.646900 
77 4.226700 
78 3.756000 
79 3.251900 
80 2.738500 
81 2.247800 
82 1.816300 
83 1.473000 
84 1.223000 
85 1.046800 
86 0.916500 
87 0.810800 
88 0.720400 
89 0.646500 
90 0.596600 
91 0.578700 

1 0.069400 
2 -0.037100 
3 -0.353800 
4 -0.873000 
5 -1.200900 
6 -0.678300 
7 -0.236700 
8 0.115300 
9 0.371300 
10 0.526600 
11 0.578700 
12 0.550200 
13 0.465100 
14 0.325000 
15 0.132500 
16 -0.107500 
17 -0.386900 
18 -0.690600 
19 -0.987300 
20 -1.210500 
21 -1.258800 
22 -1.108100 
23 -0.850200 
24 -0.565300 
25 -0.291400 
26 -0.046200 
27 0.161600 
28 0.327000 
29 0.446900 
30 0.519600 
31 0.543900 
32 0.526300 
33 0.474600 
34 0.392000 
35 0.284000 
36 0.158800 
37 0.027100 
38 -0.098200 
39 -0.125100 
40 0.095600 
41 0.198200 
42 0.247800 
43 0.391400 
44 0.612500 
45 0.884200 
46 1.174600 
47 0.880300 
48 0.550800 
49 0.292900 
50 0.126900 
51 0.069400 
52 0.098100 
53 0.180700 
54 0.303300 
55 0.435100 
56 0.517300 
57 0.487300 
58 0.348600 
59 0.162100 
60 -0.006300 
61 -0.105600 
62 -0.118300 
63 -0.062100 
64 0.033500 
65 0.144100 
66 0.253700 
67 0.352300 
68 0.433800 
69 0.494300 
70 0.531400 
71 0.543900 
72 0.519600 
73 0.446900 
74 0.327000 
75 0.161600 
76 -0.046200 
77 -0.291400 
78 -0.565300 
79 -0.850200 
80 -1.108100 
81 -1.258800 
82 -1.210500 
83 -0.987300 
84 -0.690600 
85 -0.386900 
86 -0.107500 
87 0.132500 
88 0.325000 
89 0.465100 
90 0.550200 
91 0.578700 

1 -3.676900 
2 -3.123000 
3 -2.441200 
4 -1.793200 
5 -1.200900 
6 -0.678300 
7 -0.236700 
8 0.115300 
9 0.371300 
10 0.526600 
11 0.578700 
12 0.550200 
13 0.465100 
14 0.325000 
15 0.132500 
16 -0.107500 
17 -0.386900 
18 -0.690600 
19 -0.987300 
20 -1.210500 
21 -1.258800 
22 -1.108100 
23 -0.850200 
24 -0.565300 
25 -0.291400 
26 -0.046200 
27 0.161600 
28 0.327000 
29 0.446900 
30 0.519600 
31 0.543900 
32 0.497100 
33 0.362500 
34 0.159500 
35 -0.073500 
36 -0.275500 
37 -0.372100 
38 -0.314700 
39 -0.202400 
40 -0.271800 
41 -0.296200 
42 -0.343400 
43 -0.487500 
44 -0.734600 
45 -1.091800 
46 -1.558500 
47 -2.110900 
48 -2.689900 
49 -3.203500 
50 -3.553900 
51 -3.676900 
52 -3.640300 
53 -3.532600 
54 -3.360200 
55 -3.132700 
56 -2.861500 
57 -2.558900 
58 -2.236600 
59 -1.905200 
60 -1.573800 
61 -1.250200 
62 -0.940800 
63 -0.651100 
64 -0.385600 
65 -0.148300 
66 0.057800 
67 0.230000 
68 0.366100 
69 0.464500 
70 0.524000 
71 0.543900 
72 0.519600 
73 0.446900 
74 0.327000 
75 0.161600 
76 -0.046200 
77 -0.291400 
78 -0.565300 
79 -0.850200 
80 -1.108100 
81 -1.258800 
82 -1.210500 
83 -0.987300 
84 -0.690600 
85 -0.386900 
86 -0.107500 
87 0.132500 
88 0.325000 
89 0.465100 
90 0.550200 
91 0.578700 

1 -3.676900 
2 -3.123000 
3 -2.441200 
4 -1.793200 
5 -1.582500 
6 -2.466100 
7 -3.503600 
8 -4.669300 
9 -5.928700 
10 -5.961300 
11 -5.842900 
12 -5.932100 
13 -6.193500 
14 -6.369200 
15 -5.706900 
16 -5.077600 
17 -4.389500 
18 -3.746500 
19 -3.271200 
20 -2.997000 
21 -2.928100 
22 -3.040800 
23 -3.300600 
24 -3.673700 
25 -4.129600 
26 -4.638200 
27 -5.164800 
28 -5.665700 
29 -6.086600 
30 -6.369600 
31 -6.469500 
32 -6.327900 
33 -5.965300 
34 -5.495000 
35 -5.002500 
36 -4.538500 
37 -4.132800 
38 -3.803300 
39 -3.561100 
40 -3.413300 
41 -3.363600 
42 -3.350200 
43 -3.322500 
44 -3.305900 
45 -3.319400 
46 -3.366900 
47 -3.440200 
48 -3.524500 
49 -3.602300 
50 -3.657100 
51 -3.676900 
52 -3.641900 
53 -3.541800 
54 -3.389900 
55 -3.203800 
56 -3.003000 
57 -2.808000 
58 -2.642800 
59 -2.539000 
60 -2.536400 
61 -2.671500 
62 -2.952700 
63 -3.353900 
64 -3.835500 
65 -4.359600 
66 -4.891300 
67 -5.395900 
68 -5.837100 
69 -6.179600 
70 -6.395800 
71 -6.469500 
72 -6.369600 
73 -6.086600 
74 -5.665700 
75 -5.164800 
76 -4.638200 
77 -4.129600 
78 -3.673700 
79 -3.300600 
80 -3.040800 
81 -2.928100 
82 -2.997000 
83 -3.271200 
84 -3.746500 
85 -4.389500 
86 -5.077600 
87 -5.706900 
88 -6.369200 
89 -6.193500 
90 -5.932100 
91 -5.842900 

1 -4.049900 
2 -4.606000 
3 -5.293600 
4 -5.948200 
5 -6.546200 
6 -7.072700 
7 -7.517800 
8 -6.835700 
9 -6.303000 
10 -7.227600 
11 -8.349200 
12 -7.759600 
13 -7.056900 
14 -6.369200 
15 -5.706900 
16 -5.077600 
17 -4.490700 
18 -3.961100 
19 -3.518600 
20 -3.226700 
21 -3.182400 
22 -3.403500 
23 -3.789200 
24 -4.248200 
25 -4.727700 
26 -5.193100 
27 -5.616400 
28 -5.973500 
29 -6.243800 
30 -6.412300 
31 -6.469500 
32 -6.327900 
33 -5.965300 
34 -5.495000 
35 -5.002500 
36 -4.538500 
37 -4.132800 
38 -3.803300 
39 -3.561100 
40 -3.413300 
41 -3.363600 
42 -3.378400 
43 -3.421900 
44 -3.491100 
45 -3.580900 
46 -3.684200 
47 -3.791700 
48 -3.892700 
49 -3.975800 
50 -4.030700 
51 -4.049900 
52 -4.052800 
53 -4.062200 
54 -4.079200 
55 -4.105900 
56 -4.144800 
57 -4.198500 
58 -4.269800 
59 -4.361000 
60 -4.474000 
61 -4.610500 
62 -4.770800 
63 -4.954700 
64 -5.160500 
65 -5.385000 
66 -5.622100 
67 -5.862300 
68 -6.090700 
69 -6.286000 
70 -6.420800 
71 -6.469500 
72 -6.412300 
73 -6.243800 
74 -5.973500 
75 -5.616400 
76 -5.193100 
77 -4.727700 
78 -4.248200 
79 -3.789200 
80 -3.403500 
81 -3.182400 
82 -3.226700 
83 -3.518600 
84 -3.961100 
85 -4.490700 
86 -5.077600 
87 -5.706900 
88 -6.369200 
89 -7.056900 
90 -7.759600 
91 -8.349200 

1 -4.049900 
2 -4.606000 
3 -5.293600 
4 -5.948200 
5 -6.546200 
6 -7.072700 
7 -7.517800 
8 -7.874200 
9 -8.135300 
10 -8.295300 
11 -8.349200 
12 -7.759600 
13 -7.056900 
14 -6.609500 
15 -5.978000 
16 -5.151100 
17 -4.490700 
18 -3.961100 
19 -3.518600 
20 -3.226700 
21 -3.182400 
22 -3.403500 
23 -3.789200 
24 -4.248200 
25 -4.727700 
26 -5.193100 
27 -5.616400 
28 -5.973500 
29 -6.243800 
30 -6.412300 
31 -6.469500 
32 -6.477300 
33 -6.500300 
34 -6.536400 
35 -6.582600 
36 -6.634500 
37 -6.687400 
38 -6.735900 
39 -6.775000 
40 -6.800400 
41 -6.809200 
42 -6.704700 
43 -6.421900 
44 -6.028900 
45 -5.594000 
46 -5.168800 
47 -4.788000 
48 -4.473900 
49 -4.241000 
50 -4.098000 
51 -4.049900 
52 -4.061400 
53 -4.095700 
54 -4.152600 
55 -4.231400 
56 -4.331200 
57 -4.450800 
58 -4.588700 
59 -4.743000 
60 -4.911300 
61 -5.090800 
62 -5.278100 
63 -5.469100 
64 -5.659000 
65 -5.842600 
66 -6.013800 
67 -6.166200 
68 -6.293400 
69 -6.389300 
70 -6.449100 
71 -6.469500 
72 -6.412300 
73 -6.243800 
74 -5.973500 
75 -5.616400 
76 -5.193100 
77 -4.727700 
78 -4.248200 
79 -3.789200 
80 -3.403500 
81 -3.182400 
82 -3.226700 
83 -3.518600 
84 -3.961100 
85 -4.490700 
86 -5.151100 
87 -5.978000 
88 -6.609500 
89 -7.056900 
90 -7.759600 
91 -8.349200 

1 -8.416600 
2 -8.422000 
3 -8.437700 
4 -8.462400 
5 -8.493700 
6 -8.324700 
7 -7.521500 
8 -7.874200 
9 -8.135300 
10 -8.295300 
11 -8.349200 
12 -8.133900 
13 -7.570400 
14 -6.813700 
15 -7.164200 
16 -7.823200 
17 -8.556800 
18 -9.319100 
19 -10.038800 
20 -10.614200 
21 -10.956200 
22 -11.068400 
23 -11.031600 
24 -10.926000 
25 -10.805100 
26 -10.703200 
27 -10.644400 
28 -10.645500 
29 -10.709400 
30 -10.803800 
31 -10.852100 
32 -10.535400 
33 -9.825500 
34 -9.035200 
35 -8.335700 
36 -7.839800 
37 -7.636900 
38 -7.768100 
39 -8.176600 
40 -8.672100 
41 -8.915100 
42 -8.916200 
43 -8.917500 
44 -8.912300 
45 -8.888500 
46 -8.829600 
47 -8.724400 
48 -8.590500 
49 -8.479300 
50 -8.426900 
51 -8.416600 
52 -8.420600 
53 -8.434900 
54 -8.464800 
55 -8.516500 
56 -8.594300 
57 -8.700200 
58 -8.833900 
59 -8.993400 
60 -9.175200 
61 -9.374700 
62 -9.586200 
63 -9.803100 
64 -10.007300 
65 -10.076400 
66 -10.167600 
67 -10.289400 
68 -10.446500 
69 -10.626700 
70 -10.785700 
71 -10.852100 
72 -10.803800 
73 -10.709400 
74 -10.645500 
75 -10.644400 
76 -10.703200 
77 -10.805100 
78 -10.926000 
79 -11.031600 
80 -11.068400 
81 -10.956200 
82 -10.614200 
83 -10.038800 
84 -9.319100 
85 -8.556800 
86 -7.823200 
87 -7.164200 
88 -6.813700 
89 -7.570400 
90 -8.133900 
91 -8.349200 

1 -11.048900 
2 -11.054300 
3 -11.047600 
4 -10.140000 
5 -9.210900 
6 -8.528800 
7 -8.564300 
8 -8.596700 
9 -8.622600 
10 -8.639400 
11 -8.645200 
12 -9.238000 
13 -9.946800 
14 -10.632800 
15 -11.265800 
16 -11.808700 
24 -11.794500 
25 -11.586400 
26 -11.390200 
27 -11.213400 
28 -11.063800 
29 -10.949200 
30 -10.876900 
31 -10.852100 
32 -11.016900 
33 -11.446700 
38 -11.438900 
39 -10.988400 
40 -10.710700 
41 -10.616800 
42 -10.750000 
43 -11.124300 
44 -11.675100 
46 -11.729100 
47 -11.245500 
48 -10.983200 
49 -10.921500 
50 -10.990500 
51 -11.048900 
52 -11.011600 
53 -10.893100 
54 -10.707100 
55 -10.496000 
56 -10.297000 
57 -10.132400 
58 -10.011300 
59 -9.934700 
60 -9.898200 
61 -9.894500 
62 -9.915300 
63 -9.954100 
64 -10.017600 
65 -10.221300 
66 -10.405800 
67 -10.563800 
68 -10.689500 
69 -10.780000 
70 -10.834200 
71 -10.852100 
72 -10.876900 
73 -10.949200 
74 -11.063800 
75 -11.213400 
76 -11.390200 
77 -11.586400 
78 -11.794500 
86 -11.808700 
87 -11.265800 
88 -10.632800 
89 -9.946800 
90 -9.238000 
91 -8.645200 

2 -11.800400 
3 -11.068500 
4 -11.085800 
5 -11.094900 
6 -11.076200 
7 -10.995100 
8 -10.788400 
9 -10.353300 
10 -9.589500 
11 -8.645200 
12 -9.238000 
13 -9.946800 
14 -10.632800 
15 -11.265800 
16 -11.808700 
24 -11.794500 
25 -11.586400 
26 -11.390200 
27 -11.213400 
28 -11.063800 
29 -10.949200 
30 -10.876900 
31 -10.852100 
32 -11.016900 
33 -11.446700 
68 -11.554200 
69 -11.179800 
70 -10.936900 
71 -10.852100 
72 -10.876900 
73 -10.949200 
74 -11.063800 
75 -11.213400 
76 -11.390200 
77 -11.586400 
78 -11.794500 
86 -11.808700 
87 -11.265800 
88 -10.632800 
89 -9.946800 
90 -9.238000 
91 -8.645200 














