1 2.850300 
2 2.887300 
3 2.988300 
4 3.135300 
5 3.302300 
6 3.471300 
7 3.625300 
8 3.753300 
9 3.849300 
10 3.908300 
11 3.928300 
12 3.914300 
13 3.875300 
14 3.814300 
15 3.740300 
16 3.666300 
17 3.612300 
18 3.606300 
19 3.678300 
20 3.850300 
21 4.122300 
22 4.463300 
23 4.835300 
24 5.203300 
25 5.542300 
26 5.835300 
27 6.071300 
28 6.245300 
29 6.359300 
30 6.420300 
31 6.439300 
32 6.425300 
33 6.380300 
34 6.299300 
35 6.174300 
36 6.002300 
37 5.783300 
38 5.522300 
39 5.228300 
40 4.917300 
41 4.608300 
42 4.328300 
43 4.100300 
44 3.935300 
45 3.832300 
46 3.775300 
47 3.749300 
48 3.741300 
49 3.742300 
50 3.744300 
51 3.745300 
52 3.710300 
53 3.605300 
54 3.438300 
55 3.221300 
56 2.979300 
57 2.759300 
58 2.646300 
59 2.715300 
60 2.881300 
61 3.046300 
62 2.813300 
63 2.576300 
64 2.360300 
65 2.239300 
66 2.266300 
67 2.405300 
68 2.635300 
69 2.944300 
70 3.315300 
71 3.731300 
72 4.171300 
73 4.613300 
74 5.036300 
75 5.421300 
76 5.753300 
77 6.021300 
78 6.219300 
79 6.349300 
80 6.418300 
81 6.439300 
82 6.425300 
83 6.380300 
84 6.299300 
85 6.174300 
86 6.002300 
87 5.783300 
88 5.522300 
89 5.228300 
90 4.917300 
91 4.608300 
92 4.328300 
93 4.100300 
94 3.935300 
95 3.832300 
96 3.775300 
97 3.749300 
98 3.741300 
99 3.742300 
100 3.744300 
101 3.745300 

1 1.540300 
2 1.853300 
3 2.124300 
4 2.356300 
5 2.550300 
6 2.709300 
7 2.835300 
8 2.929300 
9 2.994300 
10 3.032300 
11 3.045300 
12 3.033300 
13 2.996300 
14 2.936300 
15 2.853300 
16 2.747300 
17 2.620300 
18 2.473300 
19 2.309300 
20 2.130300 
21 1.939300 
22 1.740300 
23 1.538300 
24 1.339300 
25 1.147300 
26 0.970300 
27 0.813300 
28 0.684300 
29 0.588300 
30 0.528300 
31 0.507300 
32 0.519300 
33 0.554300 
34 0.610300 
35 0.681300 
36 0.762300 
37 0.847300 
38 0.926300 
39 0.987300 
40 1.016300 
41 0.995300 
42 0.905300 
43 0.730300 
44 0.467300 
45 0.442300 
46 0.506300 
47 0.561300 
48 0.607300 
49 0.641300 
50 0.661300 
51 0.668300 
52 0.712300 
53 0.840300 
54 1.045300 
55 1.308300 
56 1.603300 
57 1.893300 
58 2.128300 
59 2.264300 
60 2.362300 
61 2.463300 
62 2.319300 
63 2.189300 
64 2.074300 
65 1.921300 
66 1.696300 
67 1.547300 
68 1.607300 
69 1.622300 
70 1.598300 
71 1.537300 
72 1.446300 
73 1.331300 
74 1.199300 
75 1.059300 
76 0.918300 
77 0.785300 
78 0.671300 
79 0.583300 
80 0.527300 
81 0.507300 
82 0.519300 
83 0.554300 
84 0.610300 
85 0.681300 
86 0.762300 
87 0.847300 
88 0.926300 
89 0.987300 
90 1.016300 
91 0.995300 
92 0.905300 
93 0.730300 
94 0.467300 
95 0.442300 
96 0.506300 
97 0.561300 
98 0.607300 
99 0.641300 
100 0.661300 
101 0.668300 

1 1.540300 
2 1.186300 
3 0.787300 
4 0.342300 
5 -0.147700 
6 -0.684700 
7 -1.268700 
8 -1.898700 
9 -2.575700 
10 -3.283700 
11 -3.327700 
12 -3.315700 
13 -3.278700 
14 -3.213700 
15 -2.659700 
16 -2.079700 
17 -1.516700 
18 -1.015700 
19 -0.619700 
20 -0.364700 
21 -0.259700 
22 -0.282700 
23 -0.397700 
24 -0.264700 
25 -0.056700 
26 0.118300 
27 0.260300 
28 0.369300 
29 0.446300 
30 0.492300 
31 0.507300 
32 0.498300 
33 0.469300 
34 0.424300 
35 0.366300 
36 0.301300 
37 0.240300 
38 0.191300 
39 0.166300 
40 0.168300 
41 0.196300 
42 0.245300 
43 0.307300 
44 0.375300 
45 0.442300 
46 0.506300 
47 0.561300 
48 0.607300 
49 0.641300 
50 0.661300 
51 0.668300 
52 0.634300 
53 0.532300 
54 0.363300 
55 0.131300 
56 0.359300 
57 0.590300 
58 0.672300 
59 0.583300 
60 0.361300 
61 0.086300 
62 0.471300 
63 0.798300 
64 1.066300 
65 1.279300 
66 1.438300 
67 1.447300 
68 1.196300 
69 0.954300 
70 0.728300 
71 0.528300 
72 0.360300 
73 0.237300 
74 0.167300 
75 0.157300 
76 0.200300 
77 0.292300 
78 0.386300 
79 0.453300 
80 0.494300 
81 0.507300 
82 0.498300 
83 0.469300 
84 0.424300 
85 0.366300 
86 0.301300 
87 0.240300 
88 0.191300 
89 0.166300 
90 0.168300 
91 0.196300 
92 0.245300 
93 0.307300 
94 0.375300 
95 0.442300 
96 0.506300 
97 0.561300 
98 0.607300 
99 0.641300 
100 0.661300 
101 0.668300 

1 -1.344700 
2 -1.401700 
3 -1.562700 
4 -1.802700 
5 -2.091700 
6 -2.397700 
7 -2.692700 
8 -2.952700 
9 -3.154700 
10 -3.297700 
11 -4.015700 
12 -3.963700 
13 -3.683700 
14 -3.219700 
15 -3.138700 
16 -2.913700 
17 -2.538700 
18 -2.156700 
19 -1.780700 
20 -1.422700 
21 -1.087700 
22 -0.781700 
23 -0.506700 
24 -0.264700 
25 -0.056700 
26 0.118300 
27 0.260300 
28 0.369300 
29 0.446300 
30 0.492300 
31 0.507300 
32 0.498300 
33 0.469300 
34 0.424300 
35 0.366300 
36 0.301300 
37 0.240300 
38 0.191300 
39 0.166300 
40 0.168300 
41 0.196300 
42 0.245300 
43 0.307300 
44 0.375300 
45 0.130300 
46 -0.256700 
47 -0.659700 
48 -1.042700 
49 -1.363700 
50 -1.579700 
51 -1.655700 
52 -1.402700 
53 -0.911700 
54 -0.416700 
55 0.016300 
56 -0.158700 
57 -0.496700 
58 -0.864700 
59 -1.235700 
60 -1.570700 
61 -1.823700 
62 -1.530700 
63 -1.265700 
64 -1.035700 
65 -0.843700 
66 -0.694700 
67 -0.586700 
68 -0.521700 
69 -0.497700 
70 -0.511700 
71 -0.560700 
72 -0.540700 
73 -0.330700 
74 -0.140700 
75 0.028300 
76 0.172300 
77 0.279300 
78 0.366300 
79 0.441300 
80 0.490300 
81 0.507300 
82 0.498300 
83 0.469300 
84 0.424300 
85 0.366300 
86 0.301300 
87 0.240300 
88 0.191300 
89 0.166300 
90 0.168300 
91 0.196300 
92 0.245300 
93 0.307300 
94 0.375300 
95 0.130300 
96 -0.256700 
97 -0.659700 
98 -1.042700 
99 -1.363700 
100 -1.579700 
101 -1.655700 

1 -4.019700 
2 -4.018700 
3 -4.018700 
4 -4.018700 
5 -4.017700 
6 -4.017700 
7 -4.016700 
8 -4.016700 
9 -4.016700 
10 -4.015700 
11 -4.015700 
12 -3.963700 
13 -3.809700 
14 -3.569700 
15 -3.263700 
16 -2.913700 
17 -2.538700 
18 -2.156700 
19 -1.780700 
20 -1.422700 
21 -1.087700 
22 -0.781700 
23 -0.506700 
24 -0.568700 
25 -0.765700 
26 -0.966700 
27 -1.153700 
28 -1.312700 
29 -1.433700 
30 -1.510700 
31 -1.535700 
32 -1.529700 
33 -1.513700 
34 -1.488700 
35 -1.462700 
36 -1.441700 
37 -1.437700 
38 -1.463700 
39 -1.527700 
40 -1.637700 
41 -1.789700 
42 -1.976700 
43 -2.188700 
44 -2.412700 
45 -2.637700 
46 -2.851700 
47 -3.044700 
48 -3.206700 
49 -3.329700 
50 -3.405700 
51 -3.431700 
52 -3.423700 
53 -3.398700 
54 -3.360700 
55 -3.312700 
56 -3.258700 
57 -3.207700 
58 -3.169700 
59 -3.158700 
60 -3.195700 
61 -3.298700 
62 -3.084700 
63 -2.851700 
64 -2.602700 
65 -2.341700 
66 -2.073700 
67 -1.802700 
68 -1.533700 
69 -1.268700 
70 -1.012700 
71 -0.768700 
72 -0.639700 
73 -0.743700 
74 -0.866700 
75 -0.999700 
76 -1.134700 
77 -1.262700 
78 -1.374700 
79 -1.461700 
80 -1.516700 
81 -1.535700 
82 -1.529700 
83 -1.513700 
84 -1.488700 
85 -1.462700 
86 -1.441700 
87 -1.437700 
88 -1.463700 
89 -1.527700 
90 -1.637700 
91 -1.789700 
92 -1.976700 
93 -2.188700 
94 -2.412700 
95 -2.637700 
96 -2.851700 
97 -3.044700 
98 -3.206700 
99 -3.329700 
100 -3.405700 
101 -3.431700 

1 -14.842700 
2 -13.405700 
3 -12.080700 
4 -10.850700 
5 -9.703700 
6 -8.627700 
7 -7.612700 
8 -6.653700 
9 -5.744700 
10 -4.884700 
11 -4.120700 
12 -4.005700 
13 -3.809700 
14 -3.569700 
15 -3.263700 
16 -3.039700 
17 -2.924700 
18 -2.798700 
19 -2.662700 
20 -2.523700 
21 -2.382700 
22 -2.243700 
23 -2.110700 
24 -1.986700 
25 -1.873700 
26 -1.774700 
27 -1.690700 
28 -1.623700 
29 -1.575700 
30 -1.545700 
31 -1.535700 
32 -1.529700 
33 -1.513700 
34 -1.488700 
35 -1.462700 
36 -1.441700 
37 -1.437700 
38 -1.463700 
39 -1.527700 
40 -1.637700 
41 -1.789700 
42 -1.976700 
43 -2.188700 
44 -2.412700 
45 -2.637700 
46 -2.851700 
47 -3.044700 
48 -3.206700 
49 -3.329700 
50 -3.405700 
51 -3.431700 
52 -3.759700 
53 -4.474700 
54 -5.352700 
55 -6.328700 
56 -7.384700 
57 -8.512700 
58 -9.703700 
59 -10.913700 
60 -11.845700 
61 -11.511700 
62 -13.066700 
63 -11.528700 
64 -10.084700 
65 -8.812700 
66 -7.687700 
67 -6.687700 
68 -5.792700 
69 -4.983700 
70 -4.251700 
71 -3.595700 
72 -3.020700 
73 -2.537700 
74 -2.155700 
75 -1.880700 
76 -1.705700 
77 -1.608700 
78 -1.561700 
79 -1.543700 
80 -1.537700 
81 -1.535700 
82 -1.529700 
83 -1.513700 
84 -1.488700 
85 -1.462700 
86 -1.441700 
87 -1.437700 
88 -1.463700 
89 -1.527700 
90 -1.637700 
91 -1.789700 
92 -1.976700 
93 -2.188700 
94 -2.412700 
95 -2.637700 
96 -2.851700 
97 -3.044700 
98 -3.206700 
99 -3.329700 
100 -3.405700 
101 -3.431700 

1 -14.842700 
2 -16.407700 
3 -18.110700 
4 -19.314700 
5 -19.216700 
6 -19.118700 
7 -19.028700 
8 -18.952700 
9 -18.895700 
10 -18.859700 
11 -18.846700 
12 -18.679700 
13 -18.164700 
14 -17.311700 
15 -16.207700 
16 -15.029700 
17 -13.972700 
18 -13.182700 
19 -12.731700 
20 -12.626700 
21 -12.835700 
22 -13.300700 
23 -13.950700 
24 -14.688700 
25 -15.397700 
26 -15.946700 
27 -16.219700 
28 -16.172700 
29 -15.884700 
30 -15.556700 
31 -15.414700 
32 -15.518700 
33 -15.825700 
34 -16.317700 
35 -16.965700 
36 -17.731700 
37 -18.237700 
38 -18.602700 
39 -18.914700 
40 -19.214700 
41 -19.525700 
42 -19.832700 
43 -20.077700 
44 -20.180700 
45 -20.067700 
46 -19.716700 
47 -19.170700 
48 -18.535700 
49 -17.946700 
50 -17.530700 
51 -17.380700 
52 -17.349700 
53 -17.262700 
54 -17.134700 
55 -16.975700 
56 -16.732700 
57 -16.292700 
58 -15.665700 
59 -14.925700 
60 -14.368700 
61 -15.025700 
62 -13.166700 
63 -14.793700 
64 -16.713700 
65 -18.476700 
66 -18.139700 
67 -17.750700 
68 -17.348700 
69 -16.985700 
70 -16.719700 
71 -16.597700 
72 -16.635700 
73 -16.812700 
74 -17.065700 
75 -17.293700 
76 -17.374700 
77 -17.207700 
78 -16.561700 
79 -15.949700 
80 -15.551700 
81 -15.414700 
82 -15.518700 
83 -15.825700 
84 -16.317700 
85 -16.965700 
86 -17.731700 
87 -18.237700 
88 -18.602700 
89 -18.914700 
90 -19.214700 
91 -19.525700 
92 -19.832700 
93 -20.077700 
94 -20.180700 
95 -20.067700 
96 -19.716700 
97 -19.170700 
98 -18.535700 
99 -17.946700 
100 -17.530700 
101 -17.380700 

1 -19.487700 
2 -19.464700 
3 -19.402700 
4 -19.949700 
5 -21.900700 
6 -23.906700 
7 -25.864700 
8 -27.631700 
9 -29.047700 
10 -29.948700 
11 -30.282700 
12 -30.344700 
13 -30.517700 
14 -30.758700 
15 -30.999700 
16 -31.162700 
17 -31.160700 
18 -30.908700 
19 -30.341700 
20 -29.422700 
21 -28.157700 
22 -26.599700 
23 -24.841700 
24 -23.001700 
25 -21.199700 
26 -19.539700 
27 -18.102700 
28 -16.944700 
29 -16.098700 
30 -15.585700 
31 -15.414700 
32 -15.518700 
33 -15.825700 
34 -16.317700 
35 -16.965700 
36 -17.731700 
37 -18.567700 
38 -19.421700 
39 -20.245700 
40 -20.997700 
41 -21.647700 
42 -22.183700 
43 -22.604700 
44 -22.925700 
45 -23.163700 
46 -23.337700 
47 -23.465700 
48 -23.558700 
49 -23.623700 
50 -23.661700 
51 -23.674700 
52 -23.167700 
53 -21.920700 
54 -20.486700 
55 -19.293700 
56 -18.562700 
57 -18.363700 
58 -18.519700 
59 -18.783700 
60 -19.005700 
61 -19.104700 
62 -19.051700 
63 -18.934700 
64 -18.743700 
65 -18.840700 
66 -21.155700 
67 -23.583700 
68 -24.345700 
69 -23.251700 
70 -22.379700 
71 -21.668700 
72 -21.038700 
73 -20.412700 
74 -19.731700 
75 -18.971700 
76 -18.150700 
77 -17.322700 
78 -16.768700 
79 -16.164700 
80 -15.607700 
81 -15.414700 
82 -15.518700 
83 -15.825700 
84 -16.317700 
85 -16.965700 
86 -17.731700 
87 -18.567700 
88 -19.421700 
89 -20.245700 
90 -20.997700 
91 -21.647700 
92 -22.183700 
93 -22.604700 
94 -22.925700 
95 -23.163700 
96 -23.337700 
97 -23.465700 
98 -23.558700 
99 -23.623700 
100 -23.661700 
101 -23.674700 

1 -22.540700 
2 -22.656700 
3 -23.001700 
4 -23.570700 
5 -24.360700 
6 -25.365700 
7 -26.553700 
8 -27.838700 
9 -29.052700 
10 -29.964700 
11 -30.282700 
12 -30.344700 
13 -30.517700 
14 -30.758700 
15 -30.999700 
16 -31.162700 
17 -31.160700 
18 -30.908700 
19 -30.341700 
20 -29.422700 
21 -28.157700 
22 -26.599700 
23 -24.841700 
24 -23.001700 
25 -21.199700 
26 -19.539700 
27 -18.102700 
28 -16.944700 
29 -16.098700 
30 -15.585700 
31 -15.414700 
32 -15.572700 
33 -16.003700 
34 -16.594700 
35 -17.217700 
36 -17.779700 
37 -18.567700 
38 -19.421700 
39 -20.245700 
40 -20.997700 
41 -21.647700 
42 -22.183700 
43 -22.604700 
44 -22.925700 
45 -23.163700 
46 -23.337700 
47 -23.465700 
48 -23.558700 
49 -23.623700 
50 -23.661700 
51 -23.674700 
52 -23.871700 
53 -24.457700 
54 -25.408700 
55 -26.676700 
56 -28.177700 
57 -29.778700 
58 -31.307700 
59 -32.576700 
60 -33.434700 
61 -33.813700 
62 -33.294700 
63 -32.213700 
64 -30.711700 
65 -28.995700 
66 -27.271700 
67 -25.692700 
68 -25.946700 
69 -27.944700 
70 -29.199700 
71 -29.409700 
72 -28.522700 
73 -26.785700 
74 -24.601700 
75 -22.349700 
76 -20.282700 
77 -18.535700 
78 -17.166700 
79 -16.190700 
80 -15.629700 
81 -15.414700 
82 -15.572700 
83 -16.003700 
84 -16.594700 
85 -17.217700 
86 -17.779700 
87 -18.567700 
88 -19.421700 
89 -20.245700 
90 -20.997700 
91 -21.647700 
92 -22.183700 
93 -22.604700 
94 -22.925700 
95 -23.163700 
96 -23.337700 
97 -23.465700 
98 -23.558700 
99 -23.623700 
100 -23.661700 
101 -23.674700 

