1 20.509300 
2 20.504200 
3 20.489700 
4 20.466900 
5 20.438000 
6 20.405700 
7 20.373000 
8 20.343200 
9 20.319400 
10 20.304000 
11 20.298700 
12 20.294700 
13 20.282500 
14 20.262200 
15 20.233700 
16 20.196500 
17 20.150800 
18 20.096400 
19 20.033600 
20 19.962700 
21 19.884600 
22 19.800500 
23 19.712200 
24 19.622100 
25 19.532900 
26 19.448400 
27 19.371800 
28 19.307200 
29 19.258100 
30 19.227400 
31 19.216900 
32 19.259700 
33 19.381900 
34 19.566900 
35 19.791300 
36 20.030200 
37 20.259600 
38 20.459300 
39 20.613400 
40 20.710300 
41 20.743500 
42 20.737900 
43 20.721900 
44 20.696600 
45 20.664500 
46 20.628500 
47 20.592100 
48 20.558900 
49 20.532300 
50 20.515200 
51 20.509300 
52 20.503300 
53 20.485700 
54 20.456600 
55 20.415800 
56 20.363800 
57 20.301000 
58 20.228000 
59 20.145600 
60 20.055000 
61 19.957900 
62 19.856500 
63 19.752700 
64 19.649800 
65 19.550500 
66 19.458500 
67 19.377100 
68 19.309600 
69 19.258900 
70 19.227500 
71 19.216900 
72 19.227400 
73 19.258100 
74 19.307200 
75 19.371800 
76 19.448400 
77 19.532900 
78 19.622100 
79 19.712200 
80 19.800500 
81 19.884600 
82 19.962700 
83 20.033600 
84 20.096400 
85 20.150800 
86 20.196500 
87 20.233700 
88 20.262200 
89 20.282500 
90 20.294700 
91 20.298700 

1 20.509300 
2 20.504200 
3 20.489700 
4 20.466900 
5 20.438000 
6 20.405700 
7 20.373000 
8 20.343200 
9 20.319400 
10 20.304000 
11 20.298700 
12 20.293300 
13 20.277300 
14 20.250700 
15 20.213900 
16 20.167300 
17 20.111600 
18 20.047400 
19 19.975900 
20 19.898200 
21 19.815800 
22 19.730800 
23 19.644900 
24 19.560700 
25 19.480400 
26 19.406800 
27 19.342200 
28 19.289100 
29 19.249600 
30 19.225100 
31 19.216900 
32 19.213300 
33 19.203000 
34 19.186700 
35 19.166200 
36 19.143300 
37 19.120200 
38 19.099200 
39 19.082500 
40 19.071700 
41 19.068000 
42 19.107800 
43 19.222000 
44 19.395200 
45 19.606300 
46 19.831600 
47 20.048900 
48 20.238500 
49 20.385200 
50 20.477600 
51 20.509300 
52 20.502200 
53 20.481300 
54 20.447000 
55 20.399600 
56 20.340100 
57 20.269600 
58 20.189300 
59 20.100800 
60 20.005900 
61 19.906500 
62 19.805100 
63 19.704100 
64 19.606100 
65 19.513700 
66 19.429800 
67 19.356900 
68 19.297300 
69 19.253200 
70 19.226100 
71 19.216900 
72 19.225100 
73 19.249600 
74 19.289100 
75 19.342200 
76 19.406800 
77 19.480400 
78 19.560700 
79 19.644900 
80 19.730800 
81 19.815800 
82 19.898200 
83 19.975900 
84 20.047400 
85 20.111600 
86 20.167300 
87 20.213900 
88 20.250700 
89 20.277300 
90 20.293300 
91 20.298700 

1 18.928300 
2 18.965700 
3 19.073400 
4 19.237100 
5 19.437200 
6 19.651400 
7 19.858500 
8 20.039700 
9 20.179800 
10 20.268500 
11 20.298700 
12 20.293300 
13 20.277300 
14 20.250700 
15 20.213900 
16 20.167300 
17 20.111600 
18 20.047400 
19 19.975900 
20 19.898200 
21 19.815800 
22 19.730800 
23 19.644900 
24 19.560700 
25 19.480400 
26 19.406800 
27 19.342200 
28 19.289100 
29 19.249600 
30 19.225100 
31 19.216900 
32 19.213300 
33 19.203000 
34 19.186700 
35 19.166200 
36 19.143300 
37 19.120200 
38 19.099200 
39 19.082500 
40 19.071700 
41 19.068000 
42 19.064600 
43 19.054800 
44 19.039600 
45 19.020300 
46 18.998700 
47 18.977000 
48 18.957400 
49 18.941700 
50 18.931700 
51 18.928300 
52 18.929900 
53 18.935100 
54 18.943700 
55 18.955400 
56 18.970000 
57 18.987100 
58 19.006300 
59 19.027200 
60 19.049100 
61 19.071700 
62 19.094400 
63 19.116500 
64 19.137500 
65 19.156900 
66 19.174300 
67 19.189100 
68 19.201000 
69 19.209800 
70 19.215100 
71 19.216900 
72 19.225100 
73 19.249600 
74 19.289100 
75 19.342200 
76 19.406800 
77 19.480400 
78 19.560700 
79 19.644900 
80 19.730800 
81 19.815800 
82 19.898200 
83 19.975900 
84 20.047400 
85 20.111600 
86 20.167300 
87 20.213900 
88 20.250700 
89 20.277300 
90 20.293300 
91 20.298700 

1 2.493000 
2 2.467600 
3 2.392300 
4 2.269900 
5 2.105500 
6 1.907400 
7 1.688600 
8 1.468300 
9 1.273100 
10 1.135800 
11 1.085800 
12 1.092300 
13 1.107900 
14 1.123200 
15 1.127200 
16 1.111800 
17 1.074600 
18 1.022100 
19 0.972400 
20 0.958700 
21 1.026500 
22 1.214800 
23 1.526100 
24 1.921500 
25 2.348800 
26 2.763900 
27 3.135900 
28 3.443400 
29 3.672200 
30 3.813000 
31 3.860600 
32 3.797900 
33 3.620800 
34 3.356100 
35 3.035100 
36 2.683300 
37 2.318700 
38 1.959200 
39 1.633200 
40 1.390500 
41 1.297600 
42 1.221600 
43 1.026400 
44 0.790200 
45 0.598600 
46 1.134800 
47 1.602600 
48 1.983100 
49 2.263600 
50 2.435200 
51 2.493000 
52 2.464100 
53 2.378500 
54 2.239600 
55 2.054100 
56 1.834900 
57 1.608400 
58 1.429300 
59 1.381100 
60 1.489800 
61 1.700100 
62 1.964000 
63 2.255600 
64 2.557500 
65 2.854700 
66 3.133100 
67 3.379600 
68 3.583300 
69 3.735200 
70 3.828900 
71 3.860600 
72 3.813000 
73 3.672200 
74 3.443400 
75 3.135900 
76 2.763900 
77 2.348800 
78 1.921500 
79 1.526100 
80 1.214800 
81 1.026500 
82 0.958700 
83 0.972400 
84 1.022100 
85 1.074600 
86 1.111800 
87 1.127200 
88 1.123200 
89 1.107900 
90 1.092300 
91 1.085800 

1 -0.302800 
2 -0.429100 
3 -0.802300 
4 -1.406800 
5 -1.032700 
6 -0.409600 
7 0.116200 
8 0.534900 
9 0.839200 
10 1.023900 
11 1.085800 
12 1.055100 
13 0.963300 
14 0.811300 
15 0.601200 
16 0.335800 
17 0.020000 
18 -0.337700 
19 -0.720100 
20 -1.083200 
21 -1.300900 
22 -1.190600 
23 -0.847300 
24 -0.448700 
25 -0.064500 
26 0.279700 
27 0.572200 
28 0.805700 
29 0.975700 
30 1.078900 
31 1.113500 
32 1.096000 
33 1.044500 
34 0.962000 
35 0.854000 
36 0.728200 
37 0.595400 
38 0.468600 
39 0.362600 
40 0.291800 
41 0.266900 
42 0.201300 
43 -0.020000 
44 0.021900 
45 0.566500 
46 0.358600 
47 0.161800 
48 -0.018300 
49 -0.167400 
50 -0.267400 
51 -0.302800 
52 -0.284900 
53 -0.232100 
54 -0.147100 
55 -0.035400 
56 0.093300 
57 0.218800 
58 0.298900 
59 0.273900 
60 0.160100 
61 0.070400 
62 0.087700 
63 0.206400 
64 0.376200 
65 0.555000 
66 0.719700 
67 0.859600 
68 0.970200 
69 1.049700 
70 1.097500 
71 1.113500 
72 1.078900 
73 0.975700 
74 0.805700 
75 0.572200 
76 0.279700 
77 -0.064500 
78 -0.448700 
79 -0.847300 
80 -1.190600 
81 -1.300900 
82 -1.083200 
83 -0.720100 
84 -0.337700 
85 0.020000 
86 0.335800 
87 0.601200 
88 0.811300 
89 0.963300 
90 1.055100 
91 1.085800 

1 -3.716500 
2 -3.270000 
3 -2.505700 
4 -1.739200 
5 -1.032700 
6 -0.409600 
7 0.116200 
8 0.534900 
9 0.839200 
10 1.023900 
11 1.085800 
12 1.055100 
13 0.963300 
14 0.811300 
15 0.601200 
16 0.335800 
17 0.020000 
18 -0.337700 
19 -0.720100 
20 -1.083200 
21 -1.300900 
22 -1.190600 
23 -0.847300 
24 -0.448700 
25 -0.064500 
26 0.279700 
27 0.572200 
28 0.805700 
29 0.975700 
30 1.078900 
31 1.113500 
32 1.038700 
33 0.815400 
34 0.452300 
35 -0.020900 
36 -0.536600 
37 -0.986500 
38 -1.259400 
39 -1.326600 
40 -1.276300 
41 -1.238600 
42 -1.029300 
43 -0.549800 
44 -0.450900 
45 -1.106400 
46 -1.935500 
47 -2.857800 
48 -3.541700 
49 -3.633800 
50 -3.695000 
51 -3.716500 
52 -3.720300 
53 -3.732300 
54 -3.753900 
55 -3.787300 
56 -3.835200 
57 -3.518900 
58 -3.035000 
59 -2.539600 
60 -2.046300 
61 -1.565800 
62 -1.106900 
63 -0.677000 
64 -0.282200 
65 0.071800 
66 0.380300 
67 0.639000 
68 0.844300 
69 0.993100 
70 1.083300 
71 1.113500 
72 1.078900 
73 0.975700 
74 0.805700 
75 0.572200 
76 0.279700 
77 -0.064500 
78 -0.448700 
79 -0.847300 
80 -1.190600 
81 -1.300900 
82 -1.083200 
83 -0.720100 
84 -0.337700 
85 0.020000 
86 0.335800 
87 0.601200 
88 0.811300 
89 0.963300 
90 1.055100 
91 1.085800 

1 -3.716500 
2 -3.270000 
3 -2.505700 
4 -1.739200 
5 -2.219800 
6 -3.213400 
7 -4.356800 
8 -5.614300 
9 -5.461100 
10 -5.124700 
11 -5.008300 
12 -5.096000 
13 -5.354100 
14 -5.768900 
15 -6.321300 
16 -5.727500 
17 -5.008500 
18 -4.327000 
19 -3.701200 
20 -3.174200 
21 -2.870300 
22 -2.968200 
23 -3.367000 
24 -3.710400 
25 -4.091000 
26 -4.566200 
27 -5.086300 
28 -5.598800 
29 -6.043000 
30 -6.350300 
31 -6.461000 
32 -6.297800 
33 -5.883600 
34 -5.351700 
35 -4.798600 
36 -4.279700 
37 -3.826800 
38 -3.459200 
39 -3.189100 
40 -3.024200 
41 -2.968800 
42 -2.984600 
43 -3.031000 
44 -3.105000 
45 -3.201600 
46 -3.313400 
47 -3.430600 
48 -3.769200 
49 -3.929400 
50 -3.770100 
51 -3.716500 
52 -3.728700 
53 -3.765200 
54 -3.825700 
55 -3.909700 
56 -3.974100 
57 -3.704000 
58 -3.316600 
59 -2.971100 
60 -2.726600 
61 -2.655300 
62 -2.803100 
63 -3.145300 
64 -3.616700 
65 -4.157000 
66 -4.719300 
67 -5.262700 
68 -5.746500 
69 -6.129700 
70 -6.376100 
71 -6.461000 
72 -6.350300 
73 -6.043000 
74 -5.598800 
75 -5.086300 
76 -4.566200 
77 -4.091000 
78 -3.710400 
79 -3.367000 
80 -2.968200 
81 -2.870300 
82 -3.174200 
83 -3.701200 
84 -4.327000 
85 -5.008500 
86 -5.727500 
87 -6.321300 
88 -5.768900 
89 -5.354100 
90 -5.096000 
91 -5.008300 

1 -5.169100 
2 -5.642500 
3 -6.481600 
4 -7.353600 
5 -8.172700 
6 -7.470700 
7 -6.666700 
8 -5.986700 
9 -6.939100 
10 -8.241300 
11 -9.057100 
12 -8.686900 
13 -7.990500 
14 -7.233600 
15 -6.472900 
16 -5.727500 
17 -5.008500 
18 -4.327000 
19 -3.701200 
20 -3.174200 
21 -2.870300 
22 -2.968200 
23 -3.367000 
24 -3.880200 
25 -4.425300 
26 -4.960300 
27 -5.452500 
28 -5.872100 
29 -6.192400 
30 -6.392900 
31 -6.461000 
32 -6.297800 
33 -5.883600 
34 -5.351700 
35 -4.798600 
36 -4.279700 
37 -3.826800 
38 -3.459200 
39 -3.189100 
40 -3.024200 
41 -2.968800 
42 -3.110900 
43 -3.406500 
44 -3.722100 
45 -4.022300 
46 -4.304400 
47 -4.540600 
48 -4.189300 
49 -4.531900 
50 -5.012800 
51 -5.169100 
52 -5.118500 
53 -4.966800 
54 -4.717500 
55 -4.380700 
56 -4.016500 
57 -3.900300 
58 -3.985300 
59 -4.092800 
60 -4.224500 
61 -4.381800 
62 -4.564900 
63 -4.773200 
64 -5.004900 
65 -5.256000 
66 -5.520100 
67 -5.786900 
68 -6.040400 
69 -6.257100 
70 -6.406900 
71 -6.461000 
72 -6.392900 
73 -6.192400 
74 -5.872100 
75 -5.452500 
76 -4.960300 
77 -4.425300 
78 -3.880200 
79 -3.367000 
80 -2.968200 
81 -2.870300 
82 -3.174200 
83 -3.701200 
84 -4.327000 
85 -5.008500 
86 -5.727500 
87 -6.472900 
88 -7.233600 
89 -7.990500 
90 -8.686900 
91 -9.057100 

1 -5.169100 
2 -5.642500 
3 -6.481600 
4 -7.353600 
5 -8.172700 
6 -8.893200 
7 -8.952600 
8 -8.994300 
9 -9.027800 
10 -9.049600 
11 -9.057100 
12 -8.686900 
13 -7.990500 
14 -7.233600 
15 -6.472900 
16 -6.986900 
17 -6.425200 
18 -5.556500 
19 -4.773100 
20 -4.125200 
21 -3.669500 
22 -3.452000 
23 -3.478500 
24 -3.880200 
25 -4.425300 
26 -4.960300 
27 -5.452500 
28 -5.872100 
29 -6.192400 
30 -6.392900 
31 -6.461000 
32 -6.470300 
33 -6.497500 
34 -6.540300 
35 -6.595200 
36 -6.657400 
37 -6.721200 
38 -6.780000 
39 -6.827600 
40 -6.858700 
41 -6.869500 
42 -6.743500 
43 -6.407100 
44 -5.948800 
45 -5.450200 
46 -4.968600 
47 -4.567300 
48 -4.802900 
49 -4.995400 
50 -5.123700 
51 -5.169100 
52 -5.120200 
53 -4.976600 
54 -4.747500 
55 -4.446400 
56 -4.090800 
57 -4.145100 
58 -4.294100 
59 -4.461900 
60 -4.646400 
61 -4.844900 
62 -5.054200 
63 -5.270200 
64 -5.487900 
65 -5.701500 
66 -5.903800 
67 -6.086900 
68 -6.242100 
69 -6.360800 
70 -6.435500 
71 -6.461000 
72 -6.392900 
73 -6.192400 
74 -5.872100 
75 -5.452500 
76 -4.960300 
77 -4.425300 
78 -3.880200 
79 -3.478500 
80 -3.452000 
81 -3.669500 
82 -4.125200 
83 -4.773100 
84 -5.556500 
85 -6.425200 
86 -6.986900 
87 -6.472900 
88 -7.233600 
89 -7.990500 
90 -8.686900 
91 -9.057100 

1 -8.764700 
2 -8.771500 
3 -8.791300 
4 -8.822500 
5 -8.373200 
6 -8.893200 
7 -9.489500 
8 -9.952300 
9 -10.281800 
10 -10.479400 
11 -10.545300 
12 -10.358600 
13 -9.846500 
14 -9.111800 
15 -8.252200 
16 -7.343700 
17 -7.755900 
18 -8.582800 
19 -9.433000 
20 -10.236500 
21 -10.885100 
22 -11.275000 
23 -11.409600 
24 -11.384400 
25 -11.288800 
26 -11.176700 
27 -11.078300 
28 -11.010400 
29 -10.978800 
30 -10.975500 
31 -10.978900 
32 -10.699200 
33 -10.045500 
34 -9.286500 
35 -8.588400 
36 -8.070300 
37 -7.850700 
38 -8.030400 
39 -8.610500 
40 -9.253900 
41 -9.161800 
42 -9.315300 
43 -9.750700 
44 -9.720300 
45 -9.543400 
46 -9.286900 
47 -8.995500 
48 -8.757800 
49 -8.661800 
50 -8.711600 
51 -8.764700 
52 -8.733700 
53 -8.660200 
54 -8.585000 
55 -8.542800 
56 -8.550700 
57 -8.611400 
58 -8.720600 
59 -8.871500 
60 -9.057200 
61 -9.270600 
62 -9.504300 
63 -9.750000 
64 -9.998400 
65 -10.238200 
66 -10.457700 
67 -10.634000 
68 -10.736700 
69 -10.847100 
70 -10.940700 
71 -10.978900 
72 -10.975500 
73 -10.978800 
74 -11.010400 
75 -11.078300 
76 -11.176700 
77 -11.288800 
78 -11.384400 
79 -11.409600 
80 -11.275000 
81 -10.885100 
82 -10.236500 
83 -9.433000 
84 -8.582800 
85 -7.755900 
86 -7.343700 
87 -8.252200 
88 -9.111800 
89 -9.846500 
90 -10.358600 
91 -10.545300 

1 -11.906700 
2 -11.349400 
3 -10.368500 
4 -9.350100 
5 -8.862300 
6 -8.907100 
7 -9.489500 
8 -9.952300 
9 -10.281800 
10 -10.479400 
11 -10.545300 
12 -10.914300 
13 -11.601700 
25 -11.792500 
26 -11.562200 
27 -11.363600 
28 -11.201000 
29 -11.079600 
30 -11.004400 
31 -10.978900 
32 -11.152300 
33 -11.590100 
36 -11.294100 
37 -10.561500 
38 -9.966800 
39 -9.525900 
40 -9.410000 
41 -9.883900 
42 -9.869900 
43 -9.821400 
44 -10.399900 
45 -11.164100 
46 -11.925300 
50 -11.982100 
51 -11.906700 
52 -11.941400 
53 -11.952800 
54 -11.589700 
55 -11.136100 
56 -10.757000 
57 -10.471200 
58 -10.278000 
59 -10.168600 
60 -10.130500 
61 -10.148300 
62 -10.205300 
63 -10.284600 
64 -10.371700 
65 -10.457900 
66 -10.543200 
67 -10.645500 
68 -10.793400 
69 -10.897700 
70 -10.958800 
71 -10.978900 
72 -11.004400 
73 -11.079600 
74 -11.201000 
75 -11.363600 
76 -11.562200 
77 -11.792500 
89 -11.601700 
90 -10.914300 
91 -10.545300 

10 -11.241800 
11 -10.545300 
12 -10.914300 
13 -11.601700 
25 -11.792500 
26 -11.562200 
27 -11.363600 
28 -11.201000 
29 -11.079600 
30 -11.004400 
31 -10.978900 
32 -11.152300 
33 -11.590100 
68 -11.719800 
69 -11.325700 
70 -11.068800 
71 -10.978900 
72 -11.004400 
73 -11.079600 
74 -11.201000 
75 -11.363600 
76 -11.562200 
77 -11.792500 
89 -11.601700 
90 -10.914300 
91 -10.545300 














