1 20.626300 
2 20.619400 
3 20.599200 
4 20.567500 
5 20.527100 
6 20.481800 
7 20.435900 
8 20.393900 
9 20.360200 
10 20.338500 
11 20.330900 
12 20.325900 
13 20.310600 
14 20.285100 
15 20.249100 
16 20.202100 
17 20.144000 
18 20.074400 
19 19.993500 
20 19.901600 
21 19.799600 
22 19.688700 
23 19.571100 
24 19.450000 
25 19.329200 
26 19.213400 
27 19.107700 
28 19.017900 
29 18.949000 
30 18.905800 
31 18.891200 
32 18.951100 
33 19.121800 
34 19.377600 
35 19.684800 
36 20.008100 
37 20.315900 
38 20.581800 
39 20.785900 
40 20.913900 
41 20.957400 
42 20.949800 
43 20.927300 
44 20.891900 
45 20.846900 
46 20.796100 
47 20.744600 
48 20.697400 
49 20.659400 
50 20.634800 
51 20.626300 
52 20.618800 
53 20.596200 
54 20.558500 
55 20.506000 
56 20.438600 
57 20.356900 
58 20.261400 
59 20.153300 
60 20.033700 
61 19.904900 
62 19.769100 
63 19.629500 
64 19.489900 
65 19.354400 
66 19.227800 
67 19.115000 
68 19.021000 
69 18.950000 
70 18.906000 
71 18.891200 
72 18.905800 
73 18.949000 
74 19.017900 
75 19.107700 
76 19.213400 
77 19.329200 
78 19.450000 
79 19.571100 
80 19.688700 
81 19.799600 
82 19.901600 
83 19.993500 
84 20.074400 
85 20.144000 
86 20.202100 
87 20.249100 
88 20.285100 
89 20.310600 
90 20.325900 
91 20.330900 

1 20.626300 
2 20.619400 
3 20.599200 
4 20.567500 
5 20.527100 
6 20.481800 
7 20.435900 
8 20.393900 
9 20.360200 
10 20.338500 
11 20.330900 
12 20.324100 
13 20.303800 
14 20.270000 
15 20.223200 
16 20.163700 
17 20.092100 
18 20.009300 
19 19.916300 
20 19.814800 
21 19.706400 
22 19.593400 
23 19.478600 
24 19.365000 
25 19.255900 
26 19.154900 
27 19.065800 
28 18.992100 
29 18.936800 
30 18.902700 
31 18.891200 
32 18.886100 
33 18.871500 
34 18.848800 
35 18.819900 
36 18.787700 
37 18.755200 
38 18.725500 
39 18.701800 
40 18.686600 
41 18.681200 
42 18.736800 
43 18.895000 
44 19.133300 
45 19.421000 
46 19.725300 
47 20.016300 
48 20.268600 
49 20.462700 
50 20.584800 
51 20.626300 
52 20.617200 
53 20.590200 
54 20.545600 
55 20.484100 
56 20.406500 
57 20.314300 
58 20.208900 
59 20.092300 
60 19.966500 
61 19.834200 
62 19.698300 
63 19.562100 
64 19.429000 
65 19.302800 
66 19.187300 
67 19.086300 
68 19.003600 
69 18.942000 
70 18.904000 
71 18.891200 
72 18.902700 
73 18.936800 
74 18.992100 
75 19.065800 
76 19.154900 
77 19.255900 
78 19.365000 
79 19.478600 
80 19.593400 
81 19.706400 
82 19.814800 
83 19.916300 
84 20.009300 
85 20.092100 
86 20.163700 
87 20.223200 
88 20.270000 
89 20.303800 
90 20.324100 
91 20.330900 

1 18.485200 
2 18.537300 
3 18.685700 
4 18.910100 
5 19.181900 
6 19.470700 
7 19.747600 
8 19.988500 
9 20.174100 
10 20.291100 
11 20.330900 
12 20.324100 
13 20.303800 
14 20.270000 
15 20.223200 
16 20.163700 
17 20.092100 
18 20.009300 
19 19.916300 
20 19.814800 
21 19.706400 
22 19.593400 
23 19.478600 
24 19.365000 
25 19.255900 
26 19.154900 
27 19.065800 
28 18.992100 
29 18.936800 
30 18.902700 
31 18.891200 
32 18.886100 
33 18.871500 
34 18.848800 
35 18.819900 
36 18.787700 
37 18.755200 
38 18.725500 
39 18.701800 
40 18.686600 
41 18.681200 
42 18.676600 
43 18.663000 
44 18.641700 
45 18.614700 
46 18.584500 
47 18.554200 
48 18.526500 
49 18.504300 
50 18.490100 
51 18.485200 
52 18.487700 
53 18.495100 
54 18.507200 
55 18.523700 
56 18.544200 
57 18.568400 
58 18.595400 
59 18.624800 
60 18.655800 
61 18.687500 
62 18.719300 
63 18.750300 
64 18.779800 
65 18.807100 
66 18.831300 
67 18.852100 
68 18.868800 
69 18.881100 
70 18.888600 
71 18.891200 
72 18.902700 
73 18.936800 
74 18.992100 
75 19.065800 
76 19.154900 
77 19.255900 
78 19.365000 
79 19.478600 
80 19.593400 
81 19.706400 
82 19.814800 
83 19.916300 
84 20.009300 
85 20.092100 
86 20.163700 
87 20.223200 
88 20.270000 
89 20.303800 
90 20.324100 
91 20.330900 

1 2.955500 
2 2.927400 
3 2.844000 
4 2.708100 
5 2.525300 
6 2.304400 
7 2.059400 
8 1.811300 
9 1.590200 
10 1.433700 
11 1.376500 
12 1.382200 
13 1.394600 
14 1.402300 
15 1.392000 
16 1.353100 
17 1.281100 
18 1.180200 
19 1.066200 
20 0.970900 
21 0.944600 
22 1.045100 
23 1.301800 
24 1.686600 
25 2.137200 
26 2.593500 
27 3.011800 
28 3.362500 
29 3.625700 
30 3.788500 
31 3.843600 
32 3.771400 
33 3.571400 
34 3.283000 
35 2.945100 
36 2.581800 
37 2.206400 
38 1.833500 
39 1.492200 
40 1.235900 
41 1.137300 
42 1.051000 
43 0.851100 
44 0.641900 
45 0.701600 
46 1.344600 
47 1.901400 
48 2.352600 
49 2.684300 
50 2.887200 
51 2.955500 
52 2.921300 
53 2.819900 
54 2.654100 
55 2.430000 
56 2.158000 
57 1.858700 
58 1.575400 
59 1.397900 
60 1.413100 
61 1.580400 
62 1.824300 
63 2.107900 
64 2.412500 
65 2.722900 
66 3.022800 
67 3.295400 
68 3.525100 
69 3.698800 
70 3.806900 
71 3.843600 
72 3.788500 
73 3.625700 
74 3.362500 
75 3.011800 
76 2.593500 
77 2.137200 
78 1.686600 
79 1.301800 
80 1.045100 
81 0.944600 
82 0.970900 
83 1.066200 
84 1.180200 
85 1.281100 
86 1.353100 
87 1.392000 
88 1.402300 
89 1.394600 
90 1.382200 
91 1.376500 

1 -0.457700 
2 -0.606200 
3 -1.043600 
4 -1.748100 
5 -1.057900 
6 -0.343200 
7 0.260700 
8 0.742100 
9 1.092400 
10 1.305100 
11 1.376500 
12 1.341800 
13 1.238200 
14 1.066500 
15 0.828800 
16 0.527800 
17 0.168300 
18 -0.242100 
19 -0.687800 
20 -1.130800 
21 -1.451000 
22 -1.398000 
23 -1.012600 
24 -0.539900 
25 -0.079600 
26 0.334900 
27 0.688200 
28 0.971300 
29 1.177800 
30 1.303500 
31 1.345700 
32 1.325900 
33 1.267700 
34 1.174400 
35 1.051800 
36 0.908800 
37 0.757200 
38 0.611800 
39 0.489900 
40 0.408100 
41 0.379200 
42 0.298000 
43 0.006600 
44 0.000200 
45 0.445000 
46 0.246200 
47 0.045100 
48 -0.146300 
49 -0.308300 
50 -0.418500 
51 -0.457700 
52 -0.437800 
53 -0.379200 
54 -0.284600 
55 -0.159400 
56 -0.012200 
57 0.141800 
58 0.270300 
59 0.306600 
60 0.208100 
61 0.086500 
62 0.081700 
63 0.216600 
64 0.428600 
65 0.655700 
66 0.863400 
67 1.037400 
68 1.173000 
69 1.269200 
70 1.326600 
71 1.345700 
72 1.303500 
73 1.177800 
74 0.971300 
75 0.688200 
76 0.334900 
77 -0.079600 
78 -0.539900 
79 -1.012600 
80 -1.398000 
81 -1.451000 
82 -1.130800 
83 -0.687800 
84 -0.242100 
85 0.168300 
86 0.527800 
87 0.828800 
88 1.066500 
89 1.238200 
90 1.341800 
91 1.376500 

1 -4.094900 
2 -3.606600 
3 -2.742600 
4 -1.867100 
5 -1.057900 
6 -0.343200 
7 0.260700 
8 0.742100 
9 1.092400 
10 1.305100 
11 1.376500 
12 1.341800 
13 1.238200 
14 1.066500 
15 0.828800 
16 0.527800 
17 0.168300 
18 -0.242100 
19 -0.687800 
20 -1.130800 
21 -1.451000 
22 -1.398000 
23 -1.012600 
24 -0.539900 
25 -0.079600 
26 0.334900 
27 0.688200 
28 0.971300 
29 1.177800 
30 1.303500 
31 1.345700 
32 1.252700 
33 0.972500 
34 0.511300 
35 -0.094100 
36 -0.755000 
37 -1.329900 
38 -1.675000 
39 -1.758900 
40 -1.699300 
41 -1.654900 
42 -1.349600 
43 -0.714300 
44 -0.567300 
45 -1.395700 
46 -2.397500 
47 -3.479800 
48 -3.886800 
49 -3.996200 
50 -4.069200 
51 -4.094900 
52 -4.099000 
53 -4.112200 
54 -4.136000 
55 -4.173200 
56 -4.227000 
57 -4.195500 
58 -3.635300 
59 -3.054300 
60 -2.470700 
61 -1.898900 
62 -1.350000 
63 -0.833400 
64 -0.357000 
65 0.072000 
66 0.447400 
67 0.763200 
68 1.014700 
69 1.197500 
70 1.308400 
71 1.345700 
72 1.303500 
73 1.177800 
74 0.971300 
75 0.688200 
76 0.334900 
77 -0.079600 
78 -0.539900 
79 -1.012600 
80 -1.398000 
81 -1.451000 
82 -1.130800 
83 -0.687800 
84 -0.242100 
85 0.168300 
86 0.527800 
87 0.828800 
88 1.066500 
89 1.238200 
90 1.341800 
91 1.376500 

1 -4.094900 
2 -3.606600 
3 -2.742600 
4 -1.867100 
5 -2.688300 
6 -3.828600 
7 -5.130900 
8 -6.093500 
9 -5.509400 
10 -5.134400 
11 -5.004300 
12 -5.102400 
13 -5.390800 
14 -5.854000 
15 -6.471200 
16 -6.638400 
17 -5.809800 
18 -5.017100 
19 -4.277200 
20 -3.628500 
21 -3.189700 
22 -3.208400 
23 -3.638800 
24 -4.140800 
25 -4.541700 
26 -5.070600 
27 -5.665400 
28 -6.263900 
29 -6.793800 
30 -7.168400 
31 -7.305400 
32 -7.104700 
33 -6.604800 
34 -5.975500 
35 -5.329400 
36 -4.727800 
37 -4.204900 
38 -3.781300 
39 -3.470400 
40 -3.280700 
41 -3.216900 
42 -3.235200 
43 -3.288900 
44 -3.374900 
45 -3.487300 
46 -3.617900 
47 -3.755700 
48 -4.517400 
49 -4.340300 
50 -4.156700 
51 -4.094900 
52 -4.108700 
53 -4.150100 
54 -4.218800 
55 -4.314200 
56 -4.435700 
57 -4.300800 
58 -3.955400 
59 -3.525700 
60 -3.183100 
61 -3.017200 
62 -3.106800 
63 -3.447800 
64 -3.963500 
65 -4.575400 
66 -5.224100 
67 -5.860400 
68 -6.435600 
69 -6.898600 
70 -7.200400 
71 -7.305400 
72 -7.168400 
73 -6.793800 
74 -6.263900 
75 -5.665400 
76 -5.070600 
77 -4.541700 
78 -4.140800 
79 -3.638800 
80 -3.208400 
81 -3.189700 
82 -3.628500 
83 -4.277200 
84 -5.017100 
85 -5.809800 
86 -6.638400 
87 -6.471200 
88 -5.854000 
89 -5.390800 
90 -5.102400 
91 -5.004300 

1 -5.951100 
2 -6.478600 
3 -7.452300 
4 -8.484600 
5 -8.739500 
6 -7.738000 
7 -6.847300 
8 -6.553600 
9 -8.042800 
10 -9.493000 
11 -10.375000 
12 -9.979400 
13 -9.208100 
14 -8.355500 
15 -7.491200 
16 -6.638400 
17 -5.809800 
18 -5.017100 
19 -4.277200 
20 -3.628500 
21 -3.189700 
22 -3.208400 
23 -3.638800 
24 -4.227400 
25 -4.862200 
26 -5.492000 
27 -6.078300 
28 -6.584200 
29 -6.974700 
30 -7.221200 
31 -7.305400 
32 -7.104700 
33 -6.604800 
34 -5.975500 
35 -5.329400 
36 -4.727800 
37 -4.204900 
38 -3.781300 
39 -3.470400 
40 -3.280700 
41 -3.216900 
42 -3.438800 
43 -3.845600 
44 -4.242300 
45 -4.601800 
46 -4.932400 
47 -5.046300 
48 -4.640100 
49 -5.339700 
50 -5.811200 
51 -5.951100 
52 -5.903000 
53 -5.760800 
54 -5.512600 
55 -5.158900 
56 -4.712100 
57 -4.407300 
58 -4.397700 
59 -4.520700 
60 -4.671900 
61 -4.852900 
62 -5.064100 
63 -5.305000 
64 -5.573600 
65 -5.865900 
66 -6.175100 
67 -6.489900 
68 -6.792300 
69 -7.054300 
70 -7.238300 
71 -7.305400 
72 -7.221200 
73 -6.974700 
74 -6.584200 
75 -6.078300 
76 -5.492000 
77 -4.862200 
78 -4.227400 
79 -3.638800 
80 -3.208400 
81 -3.189700 
82 -3.628500 
83 -4.277200 
84 -5.017100 
85 -5.809800 
86 -6.638400 
87 -7.491200 
88 -8.355500 
89 -9.208100 
90 -9.979400 
91 -10.375000 

1 -5.951100 
2 -6.478600 
3 -7.452300 
4 -8.484600 
5 -9.462100 
6 -10.189600 
7 -10.245700 
8 -10.297200 
9 -10.338700 
10 -10.365600 
11 -10.375000 
12 -9.979400 
13 -9.208100 
14 -8.355500 
15 -7.491200 
16 -7.219200 
17 -7.661300 
18 -6.666400 
19 -5.744600 
20 -4.949600 
21 -4.344800 
22 -3.996000 
23 -3.937000 
24 -4.227400 
25 -4.862200 
26 -5.492000 
27 -6.078300 
28 -6.584200 
29 -6.974700 
30 -7.221200 
31 -7.305400 
32 -7.316500 
33 -7.349000 
34 -7.400400 
35 -7.466400 
36 -7.541500 
37 -7.618600 
38 -7.690000 
39 -7.748100 
40 -7.786000 
41 -7.799200 
42 -7.644800 
43 -7.237500 
44 -6.691200 
45 -6.104500 
46 -5.542800 
47 -5.239200 
48 -5.515500 
49 -5.743300 
50 -5.896600 
51 -5.951100 
52 -5.904500 
53 -5.760900 
54 -5.530000 
55 -5.218400 
56 -4.838000 
57 -4.582200 
58 -4.752400 
59 -4.944600 
60 -5.156600 
61 -5.385600 
62 -5.628300 
63 -5.880100 
64 -6.135600 
65 -6.388000 
66 -6.629100 
67 -6.849100 
68 -7.037100 
69 -7.182100 
70 -7.273900 
71 -7.305400 
72 -7.221200 
73 -6.974700 
74 -6.584200 
75 -6.078300 
76 -5.492000 
77 -4.862200 
78 -4.227400 
79 -3.937000 
80 -3.996000 
81 -4.344800 
82 -4.949600 
83 -5.744600 
84 -6.666400 
85 -7.661300 
86 -7.219200 
87 -7.491200 
88 -8.355500 
89 -9.208100 
90 -9.979400 
91 -10.375000 

1 -10.015300 
2 -10.023600 
3 -10.047800 
4 -9.829300 
5 -9.462100 
6 -10.319300 
7 -11.018400 
8 -11.549700 
9 -11.920400 
13 -11.463700 
14 -10.664000 
15 -9.716100 
16 -8.698500 
17 -8.081600 
18 -9.014600 
19 -9.993100 
20 -10.950200 
21 -11.775200 
29 -11.980900 
30 -11.928700 
31 -11.911500 
32 -11.610300 
33 -10.902600 
34 -10.077700 
35 -9.318200 
36 -8.760600 
37 -8.549100 
38 -8.814000 
39 -9.564100 
40 -9.550800 
41 -9.449000 
42 -9.631200 
43 -10.149000 
44 -10.922000 
45 -10.697500 
46 -10.316200 
47 -9.936000 
48 -9.683000 
49 -9.673000 
50 -9.878500 
51 -10.015300 
52 -9.939900 
53 -9.757600 
54 -9.555300 
55 -9.401600 
56 -9.327500 
57 -9.336100 
58 -9.417500 
59 -9.558900 
60 -9.748500 
61 -9.975800 
62 -10.231000 
63 -10.504100 
64 -10.783900 
65 -11.057200 
66 -11.309600 
67 -11.526900 
68 -11.698100 
69 -11.806800 
70 -11.881200 
71 -11.911500 
72 -11.928700 
73 -11.980900 
81 -11.775200 
82 -10.950200 
83 -9.993100 
84 -9.014600 
85 -8.081600 
86 -8.698500 
87 -9.716100 
88 -10.664000 
89 -11.463700 

3 -10.981000 
4 -10.085900 
5 -10.134600 
6 -10.319300 
7 -11.018400 
8 -11.549700 
9 -11.920400 
30 -11.942500 
31 -11.911500 
36 -11.795600 
37 -10.991800 
38 -10.337600 
39 -9.851400 
40 -10.606500 
41 -11.282200 
42 -11.256300 
43 -11.168000 
44 -10.989600 
45 -11.833000 
56 -11.698500 
57 -11.351300 
58 -11.117900 
59 -10.989800 
60 -10.952500 
61 -10.987900 
62 -11.075900 
63 -11.194500 
64 -11.321700 
65 -11.439600 
66 -11.541100 
67 -11.630600 
68 -11.718200 
69 -11.818500 
70 -11.888600 
71 -11.911500 
72 -11.942500 

30 -11.942500 
31 -11.911500 
71 -11.911500 
72 -11.942500 














