1 20.511100 
2 20.508700 
3 20.501700 
4 20.490800 
5 20.477100 
6 20.461700 
7 20.446300 
8 20.432400 
9 20.421300 
10 20.414100 
11 20.411700 
12 20.409200 
13 20.401800 
14 20.389500 
15 20.372400 
16 20.350300 
17 20.323400 
18 20.292000 
19 20.256200 
20 20.216500 
21 20.173600 
22 20.128100 
23 20.081400 
24 20.034600 
25 19.989100 
26 19.946800 
27 19.909100 
28 19.877600 
29 19.853900 
30 19.839300 
31 19.834300 
32 19.855100 
33 19.915000 
34 20.006800 
35 20.119900 
36 20.242400 
37 20.362000 
38 20.467500 
39 20.549600 
40 20.601700 
41 20.619500 
42 20.616900 
43 20.609300 
44 20.597500 
45 20.582500 
46 20.565800 
47 20.549000 
48 20.533800 
49 20.521600 
50 20.513800 
51 20.511100 
52 20.507700 
53 20.497600 
54 20.481000 
55 20.458000 
56 20.428800 
57 20.393800 
58 20.353500 
59 20.308600 
60 20.259800 
61 20.208100 
62 20.154700 
63 20.101000 
64 20.048300 
65 19.998200 
66 19.952300 
67 19.912100 
68 19.879200 
69 19.854500 
70 19.839400 
71 19.834300 
72 19.839300 
73 19.853900 
74 19.877600 
75 19.909100 
76 19.946800 
77 19.989100 
78 20.034600 
79 20.081400 
80 20.128100 
81 20.173600 
82 20.216500 
83 20.256200 
84 20.292000 
85 20.323400 
86 20.350300 
87 20.372400 
88 20.389500 
89 20.401800 
90 20.409200 
91 20.411700 

1 20.511100 
2 20.508700 
3 20.501700 
4 20.490800 
5 20.477100 
6 20.461700 
7 20.446300 
8 20.432400 
9 20.421300 
10 20.414100 
11 20.411700 
12 20.408600 
13 20.399200 
14 20.384000 
15 20.362900 
16 20.336400 
17 20.305000 
18 20.269100 
19 20.229400 
20 20.187000 
21 20.142500 
22 20.097000 
23 20.051700 
24 20.007800 
25 19.966600 
26 19.929000 
27 19.896500 
28 19.870000 
29 19.850400 
30 19.838400 
31 19.834300 
32 19.832600 
33 19.827500 
34 19.819600 
35 19.809700 
36 19.798600 
37 19.787600 
38 19.777500 
39 19.769500 
40 19.764300 
41 19.762500 
42 19.782300 
43 19.839000 
44 19.926200 
45 20.033800 
46 20.150500 
47 20.264600 
48 20.365400 
49 20.444000 
50 20.494000 
51 20.511100 
52 20.507200 
53 20.495700 
54 20.476600 
55 20.450600 
56 20.418100 
57 20.379600 
58 20.336200 
59 20.288600 
60 20.237900 
61 20.185400 
62 20.132300 
63 20.079900 
64 20.029500 
65 19.982500 
66 19.940100 
67 19.903600 
68 19.874000 
69 19.852200 
70 19.838800 
71 19.834300 
72 19.838400 
73 19.850400 
74 19.870000 
75 19.896500 
76 19.929000 
77 19.966600 
78 20.007800 
79 20.051700 
80 20.097000 
81 20.142500 
82 20.187000 
83 20.229400 
84 20.269100 
85 20.305000 
86 20.336400 
87 20.362900 
88 20.384000 
89 20.399200 
90 20.408600 
91 20.411700 

1 19.694500 
2 19.713200 
3 19.767400 
4 19.850700 
5 19.953700 
6 20.065400 
7 20.174800 
8 20.271600 
9 20.347200 
10 20.395200 
11 20.411700 
12 20.408600 
13 20.399200 
14 20.384000 
15 20.362900 
16 20.336400 
17 20.305000 
18 20.269100 
19 20.229400 
20 20.187000 
21 20.142500 
22 20.097000 
23 20.051700 
24 20.007800 
25 19.966600 
26 19.929000 
27 19.896500 
28 19.870000 
29 19.850400 
30 19.838400 
31 19.834300 
32 19.832600 
33 19.827500 
34 19.819600 
35 19.809700 
36 19.798600 
37 19.787600 
38 19.777500 
39 19.769500 
40 19.764300 
41 19.762500 
42 19.760900 
43 19.756100 
44 19.748700 
45 19.739200 
46 19.728700 
47 19.718200 
48 19.708700 
49 19.701100 
50 19.696200 
51 19.694500 
52 19.695300 
53 19.697800 
54 19.702000 
55 19.707700 
56 19.714700 
57 19.723000 
58 19.732300 
59 19.742300 
60 19.752900 
61 19.763800 
62 19.774800 
63 19.785600 
64 19.795800 
65 19.805200 
66 19.813600 
67 19.820800 
68 19.826600 
69 19.830800 
70 19.833400 
71 19.834300 
72 19.838400 
73 19.850400 
74 19.870000 
75 19.896500 
76 19.929000 
77 19.966600 
78 20.007800 
79 20.051700 
80 20.097000 
81 20.142500 
82 20.187000 
83 20.229400 
84 20.269100 
85 20.305000 
86 20.336400 
87 20.362900 
88 20.384000 
89 20.399200 
90 20.408600 
91 20.411700 

1 1.724900 
2 1.704400 
3 1.643900 
4 1.545800 
5 1.414600 
6 1.257600 
7 1.085800 
8 0.914700 
9 0.765300 
10 0.661400 
11 0.624000 
12 0.631000 
13 0.649600 
14 0.673900 
15 0.697500 
16 0.716700 
17 0.733900 
18 0.759800 
19 0.816000 
20 0.932400 
21 1.134200 
22 1.423000 
23 1.773300 
24 2.148900 
25 2.518200 
26 2.858100 
27 3.152800 
28 3.391500 
29 3.566800 
30 3.673800 
31 3.709700 
32 3.662100 
33 3.524100 
34 3.309200 
35 3.036000 
36 2.724300 
37 2.393600 
38 2.065000 
39 1.767400 
40 1.546500 
41 1.462000 
42 1.404300 
43 1.244000 
44 1.018100 
45 0.774800 
46 0.789500 
47 1.107600 
48 1.369900 
49 1.564700 
50 1.684500 
51 1.724900 
52 1.704700 
53 1.645600 
54 1.552100 
55 1.434100 
56 1.312900 
57 1.231500 
58 1.248500 
59 1.378900 
60 1.586800 
61 1.837400 
62 2.109100 
63 2.386500 
64 2.657600 
65 2.912100 
66 3.141400 
67 3.338600 
68 3.497700 
69 3.614400 
70 3.685700 
71 3.709700 
72 3.673800 
73 3.566800 
74 3.391500 
75 3.152800 
76 2.858100 
77 2.518200 
78 2.148900 
79 1.773300 
80 1.423000 
81 1.134200 
82 0.932400 
83 0.816000 
84 0.759800 
85 0.733900 
86 0.716700 
87 0.697500 
88 0.673900 
89 0.649600 
90 0.631000 
91 0.624000 

1 -0.074000 
2 -0.166300 
3 -0.440400 
4 -0.888100 
5 -0.959900 
6 -0.493500 
7 -0.100200 
8 0.212700 
9 0.440000 
10 0.577800 
11 0.624000 
12 0.600000 
13 0.528600 
14 0.410600 
15 0.248000 
16 0.043900 
17 -0.196500 
18 -0.463400 
19 -0.736300 
20 -0.962900 
21 -1.029900 
22 -0.876900 
23 -0.613100 
24 -0.329200 
25 -0.061100 
26 0.176900 
27 0.377800 
28 0.537300 
29 0.652900 
30 0.722900 
31 0.746300 
32 0.732700 
33 0.692800 
34 0.629100 
35 0.546100 
36 0.450000 
37 0.349300 
38 0.253900 
39 0.174700 
40 0.122200 
41 0.103700 
42 0.059200 
43 -0.082500 
44 0.063400 
45 0.433000 
46 0.547700 
47 0.347200 
48 0.176800 
49 0.043000 
50 -0.043800 
51 -0.074000 
52 -0.058800 
53 -0.014100 
54 0.057000 
55 0.146700 
56 0.238400 
57 0.295900 
58 0.273300 
59 0.176100 
60 0.071400 
61 0.023200 
62 0.052300 
63 0.138200 
64 0.250600 
65 0.367500 
66 0.476500 
67 0.570700 
68 0.646400 
69 0.701600 
70 0.735100 
71 0.746300 
72 0.722900 
73 0.652900 
74 0.537300 
75 0.377800 
76 0.176900 
77 -0.061100 
78 -0.329200 
79 -0.613100 
80 -0.876900 
81 -1.029900 
82 -0.962900 
83 -0.736300 
84 -0.463400 
85 -0.196500 
86 0.043900 
87 0.248000 
88 0.410600 
89 0.528600 
90 0.600000 
91 0.624000 

1 -3.028600 
2 -2.654200 
3 -2.066500 
4 -1.489400 
5 -0.959900 
6 -0.493500 
7 -0.100200 
8 0.212700 
9 0.440000 
10 0.577800 
11 0.624000 
12 0.600000 
13 0.528600 
14 0.410600 
15 0.248000 
16 0.043900 
17 -0.196500 
18 -0.463400 
19 -0.736300 
20 -0.962900 
21 -1.029900 
22 -0.876900 
23 -0.613100 
24 -0.329200 
25 -0.061100 
26 0.176900 
27 0.377800 
28 0.537300 
29 0.652900 
30 0.722900 
31 0.746300 
32 0.697600 
33 0.553900 
34 0.324900 
35 0.033000 
36 -0.278700 
37 -0.544900 
38 -0.699600 
39 -0.724200 
40 -0.674000 
41 -0.641300 
42 -0.540700 
43 -0.280700 
44 -0.343900 
45 -0.749100 
46 -1.296000 
47 -1.945000 
48 -2.627200 
49 -2.971300 
50 -3.013700 
51 -3.028600 
52 -3.031800 
53 -3.041900 
54 -3.059800 
55 -3.086900 
56 -2.830600 
57 -2.484300 
58 -2.127000 
59 -1.768600 
60 -1.417200 
61 -1.079100 
62 -0.759500 
63 -0.462700 
64 -0.192400 
65 0.048300 
66 0.256600 
67 0.430300 
68 0.567400 
69 0.666400 
70 0.726300 
71 0.746300 
72 0.722900 
73 0.652900 
74 0.537300 
75 0.377800 
76 0.176900 
77 -0.061100 
78 -0.329200 
79 -0.613100 
80 -0.876900 
81 -1.029900 
82 -0.962900 
83 -0.736300 
84 -0.463400 
85 -0.196500 
86 0.043900 
87 0.248000 
88 0.410600 
89 0.528600 
90 0.600000 
91 0.624000 

1 -3.028600 
2 -2.654200 
3 -2.066500 
4 -1.489400 
5 -1.496800 
6 -2.250000 
7 -3.127200 
8 -4.103100 
9 -5.142200 
10 -5.056000 
11 -4.964000 
12 -5.033300 
13 -5.237200 
14 -5.400500 
15 -4.818400 
16 -4.255100 
17 -3.719700 
18 -3.222800 
19 -2.784800 
20 -2.456000 
21 -2.346700 
22 -2.512200 
23 -2.747700 
24 -2.986300 
25 -3.308700 
26 -3.680600 
27 -4.068300 
28 -4.434800 
29 -4.739500 
30 -4.942500 
31 -5.013900 
32 -4.906900 
33 -4.626500 
34 -4.253000 
35 -3.853900 
36 -3.473000 
37 -3.137000 
38 -2.862700 
39 -2.660400 
40 -2.536600 
41 -2.495000 
42 -2.506600 
43 -2.540600 
44 -2.594600 
45 -2.664600 
46 -2.745000 
47 -2.828600 
48 -2.906900 
49 -3.187500 
50 -3.068600 
51 -3.028600 
52 -3.037900 
53 -3.065900 
54 -3.112200 
55 -3.153000 
56 -2.916000 
57 -2.626300 
58 -2.363300 
59 -2.162100 
60 -2.065100 
61 -2.110400 
62 -2.303000 
63 -2.609900 
64 -2.987700 
65 -3.399200 
66 -3.813400 
67 -4.202000 
68 -4.537800 
69 -4.796300 
70 -4.958600 
71 -5.013900 
72 -4.942500 
73 -4.739500 
74 -4.434800 
75 -4.068300 
76 -3.680600 
77 -3.308700 
78 -2.986300 
79 -2.747700 
80 -2.512200 
81 -2.346700 
82 -2.456000 
83 -2.784800 
84 -3.222800 
85 -3.719700 
86 -4.255100 
87 -4.818400 
88 -5.400500 
89 -5.237200 
90 -5.033300 
91 -4.964000 

1 -3.854700 
2 -4.241500 
3 -4.863600 
4 -5.490000 
5 -6.074800 
6 -6.594600 
7 -6.286900 
8 -5.742300 
9 -5.323000 
10 -6.177800 
11 -6.857100 
12 -6.543400 
13 -5.988200 
14 -5.400500 
15 -4.818400 
16 -4.255100 
17 -3.719700 
18 -3.222800 
19 -2.784800 
20 -2.456000 
21 -2.346700 
22 -2.512200 
23 -2.836900 
24 -3.220700 
25 -3.616500 
26 -3.996400 
27 -4.338200 
28 -4.623500 
29 -4.837200 
30 -4.969300 
31 -5.013900 
32 -4.906900 
33 -4.626500 
34 -4.253000 
35 -3.853900 
36 -3.473000 
37 -3.137000 
38 -2.862700 
39 -2.660400 
40 -2.536600 
41 -2.495000 
42 -2.552800 
43 -2.695400 
44 -2.875100 
45 -3.065600 
46 -3.255800 
47 -3.437900 
48 -3.380900 
49 -3.248500 
50 -3.692600 
51 -3.854700 
52 -3.804300 
53 -3.659200 
54 -3.435500 
55 -3.176300 
56 -3.124900 
57 -3.175800 
58 -3.241500 
59 -3.323500 
60 -3.423200 
61 -3.541300 
62 -3.677900 
63 -3.832100 
64 -4.002100 
65 -4.184500 
66 -4.373800 
67 -4.561600 
68 -4.736000 
69 -4.881200 
70 -4.979100 
71 -5.013900 
72 -4.969300 
73 -4.837200 
74 -4.623500 
75 -4.338200 
76 -3.996400 
77 -3.616500 
78 -3.220700 
79 -2.836900 
80 -2.512200 
81 -2.346700 
82 -2.456000 
83 -2.784800 
84 -3.222800 
85 -3.719700 
86 -4.255100 
87 -4.818400 
88 -5.400500 
89 -5.988200 
90 -6.543400 
91 -6.857100 

1 -3.854700 
2 -4.241500 
3 -4.863600 
4 -5.490000 
5 -6.074800 
6 -6.594600 
7 -6.788700 
8 -6.816000 
9 -6.838000 
10 -6.852200 
11 -6.857100 
12 -6.543400 
13 -5.988200 
14 -5.564500 
15 -5.904500 
16 -5.193000 
17 -4.487300 
18 -3.841800 
19 -3.297200 
20 -2.896000 
21 -2.671500 
22 -2.630100 
23 -2.836900 
24 -3.220700 
25 -3.616500 
26 -3.996400 
27 -4.338200 
28 -4.623500 
29 -4.837200 
30 -4.969300 
31 -5.013900 
32 -5.020300 
33 -5.039000 
34 -5.068500 
35 -5.106200 
36 -5.148700 
37 -5.191900 
38 -5.231600 
39 -5.263600 
40 -5.284400 
41 -5.291600 
42 -5.207800 
43 -4.979800 
44 -4.660700 
45 -4.305300 
46 -3.955700 
47 -3.641100 
48 -3.602200 
49 -3.735700 
50 -3.823800 
51 -3.854700 
52 -3.807700 
53 -3.672200 
54 -3.463800 
55 -3.203800 
56 -3.257600 
57 -3.355100 
58 -3.467600 
59 -3.593500 
60 -3.731000 
61 -3.877900 
62 -4.031300 
63 -4.188000 
64 -4.344100 
65 -4.495200 
66 -4.636400 
67 -4.762400 
68 -4.867700 
69 -4.947300 
70 -4.997000 
71 -5.013900 
72 -4.969300 
73 -4.837200 
74 -4.623500 
75 -4.338200 
76 -3.996400 
77 -3.616500 
78 -3.220700 
79 -2.836900 
80 -2.630100 
81 -2.671500 
82 -2.896000 
83 -3.297200 
84 -3.841800 
85 -4.487300 
86 -5.193000 
87 -5.904500 
88 -5.564500 
89 -5.988200 
90 -6.543400 
91 -6.857100 

1 -6.664000 
2 -6.668500 
3 -6.681800 
4 -6.702600 
5 -6.729000 
6 -6.758700 
7 -7.035000 
8 -7.386700 
9 -7.643700 
10 -7.800600 
11 -7.853400 
12 -7.689000 
13 -7.246400 
14 -6.628700 
15 -6.020900 
16 -6.530300 
17 -7.121600 
18 -7.746500 
19 -8.355200 
20 -8.873800 
21 -9.223900 
22 -9.382900 
23 -9.401700 
24 -9.348900 
25 -9.274900 
26 -9.211700 
27 -9.179800 
28 -9.190800 
29 -9.242500 
30 -9.308600 
31 -9.340200 
32 -9.096400 
33 -8.531300 
34 -7.878700 
35 -7.274400 
36 -6.808400 
37 -6.559600 
38 -6.586700 
39 -6.876100 
40 -7.282000 
41 -7.494000 
42 -7.490800 
43 -7.478500 
44 -7.449700 
45 -7.391700 
46 -7.290600 
47 -7.141800 
48 -6.965300 
49 -6.803900 
50 -6.698600 
51 -6.664000 
52 -6.680800 
53 -6.729600 
54 -6.806400 
55 -6.907400 
56 -7.029800 
57 -7.171700 
58 -7.331900 
59 -7.508500 
60 -7.699600 
61 -7.902300 
62 -8.112700 
63 -8.325700 
64 -8.535000 
65 -8.710900 
66 -8.792700 
67 -8.899200 
68 -9.030500 
69 -9.173100 
70 -9.292200 
71 -9.340200 
72 -9.308600 
73 -9.242500 
74 -9.190800 
75 -9.179800 
76 -9.211700 
77 -9.274900 
78 -9.348900 
79 -9.401700 
80 -9.382900 
81 -9.223900 
82 -8.873800 
83 -8.355200 
84 -7.746500 
85 -7.121600 
86 -6.530300 
87 -6.020900 
88 -6.628700 
89 -7.246400 
90 -7.689000 
91 -7.853400 

1 -10.111100 
2 -9.815400 
3 -9.163000 
4 -8.406000 
5 -7.646300 
6 -6.930100 
7 -7.035000 
8 -7.386700 
9 -7.643700 
10 -7.800600 
11 -7.853400 
12 -8.168600 
13 -8.725200 
14 -9.302700 
15 -9.841500 
16 -10.294000 
17 -10.611500 
18 -10.765500 
19 -10.772300 
20 -10.678100 
21 -10.528100 
22 -10.353800 
23 -10.174600 
24 -10.001700 
25 -9.842000 
26 -9.699300 
27 -9.576600 
28 -9.476500 
29 -9.401900 
30 -9.355800 
31 -9.340200 
32 -9.466000 
33 -9.799200 
34 -10.250100 
35 -10.741100 
36 -10.315000 
37 -9.711100 
38 -9.222800 
39 -8.862400 
40 -8.640800 
41 -8.566000 
42 -8.672900 
43 -8.976400 
44 -9.429000 
45 -9.962600 
46 -10.178700 
47 -9.867600 
48 -9.735300 
49 -9.781900 
50 -9.976900 
51 -10.111100 
52 -10.015000 
53 -9.760000 
54 -9.470800 
55 -9.202000 
56 -8.976100 
57 -8.800600 
58 -8.675700 
59 -8.597300 
60 -8.558600 
61 -8.551400 
62 -8.567800 
63 -8.601200 
64 -8.648600 
65 -8.733200 
66 -8.912300 
67 -9.065100 
68 -9.185900 
69 -9.272100 
70 -9.323300 
71 -9.340200 
72 -9.355800 
73 -9.401900 
74 -9.476500 
75 -9.576600 
76 -9.699300 
77 -9.842000 
78 -10.001700 
79 -10.174600 
80 -10.353800 
81 -10.528100 
82 -10.678100 
83 -10.772300 
84 -10.765500 
85 -10.611500 
86 -10.294000 
87 -9.841500 
88 -9.302700 
89 -8.725200 
90 -8.168600 
91 -7.853400 

1 -10.129600 
2 -10.131200 
3 -10.133900 
4 -10.130500 
5 -10.107300 
6 -10.040700 
7 -9.892300 
8 -9.605200 
9 -9.117100 
10 -8.421400 
11 -7.853400 
12 -8.168600 
13 -8.725200 
14 -9.302700 
15 -9.841500 
16 -10.294000 
17 -10.611500 
18 -10.765500 
19 -10.772300 
20 -10.678100 
21 -10.528100 
22 -10.353800 
23 -10.174600 
24 -10.001700 
25 -9.842000 
26 -9.699300 
27 -9.576600 
28 -9.476500 
29 -9.401900 
30 -9.355800 
31 -9.340200 
32 -9.466000 
33 -9.799200 
34 -10.250100 
35 -10.741100 
36 -11.221800 
37 -11.663700 
40 -11.551000 
41 -11.201800 
42 -11.204900 
43 -11.208700 
44 -11.195600 
45 -10.648900 
46 -10.492400 
47 -10.734200 
48 -10.530400 
49 -10.316100 
50 -10.165200 
51 -10.129600 
52 -10.161500 
53 -10.297100 
54 -10.498800 
55 -10.734000 
56 -10.963900 
57 -11.151800 
58 -11.277000 
59 -11.344100 
60 -11.377300 
61 -11.406500 
62 -11.458900 
63 -11.555500 
64 -11.710700 
65 -11.213600 
66 -10.712000 
67 -10.263900 
68 -9.884500 
69 -9.591600 
70 -9.404700 
71 -9.340200 
72 -9.355800 
73 -9.401900 
74 -9.476500 
75 -9.576600 
76 -9.699300 
77 -9.842000 
78 -10.001700 
79 -10.174600 
80 -10.353800 
81 -10.528100 
82 -10.678100 
83 -10.772300 
84 -10.765500 
85 -10.611500 
86 -10.294000 
87 -9.841500 
88 -9.302700 
89 -8.725200 
90 -8.168600 
91 -7.853400 

1 -11.910600 
2 -11.966600 
34 -11.825300 
35 -11.023200 
36 -11.221800 
37 -11.663700 
43 -11.859600 
44 -11.233400 
45 -11.138800 
46 -11.021600 
47 -11.062200 
48 -11.415700 
49 -11.688700 
50 -11.854700 
51 -11.910600 
52 -11.977300 
64 -11.755200 
65 -11.932500 

1 -11.910600 
2 -11.966600 
51 -11.910600 












