1 20.488300 
2 20.484000 
3 20.471200 
4 20.451100 
5 20.425700 
6 20.397300 
7 20.368700 
8 20.342600 
9 20.321800 
10 20.308300 
11 20.303500 
12 20.300000 
13 20.289000 
14 20.270300 
15 20.244000 
16 20.210100 
17 20.168400 
18 20.118900 
19 20.061900 
20 19.997800 
21 19.927400 
22 19.851900 
23 19.772900 
24 19.692500 
25 19.613300 
26 19.538300 
27 19.470700 
28 19.413800 
29 19.370600 
30 19.343500 
31 19.334300 
32 19.372000 
33 19.479700 
34 19.643100 
35 19.842200 
36 20.054500 
37 20.259500 
38 20.438200 
39 20.576400 
40 20.663400 
41 20.693300 
42 20.688400 
43 20.674200 
44 20.652000 
45 20.624000 
46 20.592500 
47 20.560700 
48 20.531700 
49 20.508400 
50 20.493500 
51 20.488300 
52 20.483000 
53 20.467000 
54 20.440600 
55 20.403600 
56 20.356600 
57 20.299800 
58 20.233900 
59 20.159700 
60 20.078500 
61 19.991500 
62 19.900800 
63 19.808400 
64 19.716800 
65 19.628700 
66 19.547300 
67 19.475300 
68 19.415800 
69 19.371300 
70 19.343700 
71 19.334300 
72 19.343500 
73 19.370600 
74 19.413800 
75 19.470700 
76 19.538300 
77 19.613300 
78 19.692500 
79 19.772900 
80 19.851900 
81 19.927400 
82 19.997800 
83 20.061900 
84 20.118900 
85 20.168400 
86 20.210100 
87 20.244000 
88 20.270300 
89 20.289000 
90 20.300000 
91 20.303500 

1 20.488300 
2 20.484000 
3 20.471200 
4 20.451100 
5 20.425700 
6 20.397300 
7 20.368700 
8 20.342600 
9 20.321800 
10 20.308300 
11 20.303500 
12 20.298700 
13 20.284200 
14 20.260000 
15 20.226600 
16 20.184300 
17 20.133700 
18 20.075600 
19 20.010900 
20 19.940900 
21 19.867000 
22 19.790700 
23 19.714000 
24 19.638800 
25 19.567400 
26 19.502100 
27 19.444900 
28 19.398000 
29 19.363100 
30 19.341600 
31 19.334300 
32 19.331200 
33 19.322100 
34 19.307800 
35 19.289800 
36 19.269600 
37 19.249500 
38 19.231100 
39 19.216400 
40 19.207000 
41 19.203800 
42 19.238800 
43 19.339600 
44 19.493000 
45 19.680400 
46 19.881200 
47 20.075400 
48 20.245300 
49 20.376900 
50 20.459900 
51 20.488300 
52 20.482000 
53 20.463100 
54 20.432100 
55 20.389300 
56 20.335700 
57 20.272200 
58 20.200000 
59 20.120500 
60 20.035400 
61 19.946500 
62 19.855900 
63 19.765900 
64 19.678700 
65 19.596700 
66 19.522300 
67 19.457800 
68 19.405200 
69 19.366300 
70 19.342400 
71 19.334300 
72 19.341600 
73 19.363100 
74 19.398000 
75 19.444900 
76 19.502100 
77 19.567400 
78 19.638800 
79 19.714000 
80 19.790700 
81 19.867000 
82 19.940900 
83 20.010900 
84 20.075600 
85 20.133700 
86 20.184300 
87 20.226600 
88 20.260000 
89 20.284200 
90 20.298700 
91 20.303500 

1 19.080600 
2 19.113800 
3 19.209200 
4 19.354300 
5 19.532300 
6 19.723300 
7 19.908500 
8 20.071000 
9 20.197000 
10 20.276600 
11 20.303500 
12 20.298700 
13 20.284200 
14 20.260000 
15 20.226600 
16 20.184300 
17 20.133700 
18 20.075600 
19 20.010900 
20 19.940900 
21 19.867000 
22 19.790700 
23 19.714000 
24 19.638800 
25 19.567400 
26 19.502100 
27 19.444900 
28 19.398000 
29 19.363100 
30 19.341600 
31 19.334300 
32 19.331200 
33 19.322100 
34 19.307800 
35 19.289800 
36 19.269600 
37 19.249500 
38 19.231100 
39 19.216400 
40 19.207000 
41 19.203800 
42 19.200700 
43 19.192100 
44 19.178600 
45 19.161600 
46 19.142600 
47 19.123500 
48 19.106300 
49 19.092500 
50 19.083600 
51 19.080600 
52 19.082100 
53 19.086700 
54 19.094200 
55 19.104500 
56 19.117300 
57 19.132400 
58 19.149300 
59 19.167600 
60 19.186900 
61 19.206700 
62 19.226600 
63 19.246000 
64 19.264500 
65 19.281600 
66 19.296900 
67 19.309900 
68 19.320400 
69 19.328100 
70 19.332700 
71 19.334300 
72 19.341600 
73 19.363100 
74 19.398000 
75 19.444900 
76 19.502100 
77 19.567400 
78 19.638800 
79 19.714000 
80 19.790700 
81 19.867000 
82 19.940900 
83 20.010900 
84 20.075600 
85 20.133700 
86 20.184300 
87 20.226600 
88 20.260000 
89 20.284200 
90 20.298700 
91 20.303500 

1 2.337900 
2 2.313500 
3 2.241100 
4 2.123400 
5 1.965400 
6 1.775400 
7 1.565700 
8 1.355000 
9 1.168800 
10 1.038100 
11 0.990600 
12 0.997300 
13 1.013800 
14 1.031400 
15 1.039900 
16 1.032100 
17 1.006400 
18 0.970100 
19 0.942300 
20 0.956000 
21 1.054100 
22 1.268000 
23 1.592600 
24 1.987600 
25 2.404800 
26 2.805300 
27 3.161400 
28 3.454600 
29 3.672100 
30 3.805800 
31 3.850900 
32 3.791400 
33 3.622200 
34 3.366800 
35 3.053900 
36 2.708100 
37 2.348500 
38 1.994000 
39 1.673200 
40 1.434600 
41 1.343400 
42 1.271200 
43 1.081400 
44 0.842300 
45 0.611000 
46 1.065900 
47 1.503200 
48 1.859700 
49 2.122700 
50 2.283700 
51 2.337900 
52 2.310800 
53 2.230600 
54 2.100900 
55 1.928700 
56 1.728200 
57 1.528300 
58 1.387500 
59 1.381100 
60 1.516000 
61 1.738200 
62 2.006600 
63 2.298100 
64 2.596200 
65 2.886400 
66 3.155800 
67 3.392700 
68 3.587300 
69 3.731800 
70 3.820800 
71 3.850900 
72 3.805800 
73 3.672100 
74 3.454600 
75 3.161400 
76 2.805300 
77 2.404800 
78 1.987600 
79 1.592600 
80 1.268000 
81 1.054100 
82 0.956000 
83 0.942300 
84 0.970100 
85 1.006400 
86 1.032100 
87 1.039900 
88 1.031400 
89 1.013800 
90 0.997300 
91 0.990600 

1 -0.252000 
2 -0.371000 
3 -0.723300 
4 -1.295000 
5 -1.020000 
6 -0.428400 
7 0.070700 
8 0.468100 
9 0.756700 
10 0.931900 
11 0.990600 
12 0.961200 
13 0.873500 
14 0.728300 
15 0.527700 
16 0.274500 
17 -0.026200 
18 -0.365800 
19 -0.726200 
20 -1.061900 
21 -1.246200 
22 -1.122100 
23 -0.794300 
24 -0.419900 
25 -0.060500 
26 0.261100 
27 0.533900 
28 0.751500 
29 0.909700 
30 1.005800 
31 1.038000 
32 1.021200 
33 0.972000 
34 0.893300 
35 0.790200 
36 0.670400 
37 0.544000 
38 0.423600 
39 0.323000 
40 0.255900 
41 0.232300 
42 0.171400 
43 -0.030900 
44 0.032400 
45 0.566400 
46 0.398700 
47 0.201900 
48 0.024600 
49 -0.120800 
50 -0.217800 
51 -0.252000 
52 -0.234700 
53 -0.183700 
54 -0.101700 
55 0.005700 
56 0.127700 
57 0.242200 
58 0.303300 
59 0.259400 
60 0.144200 
61 0.064100 
62 0.085700 
63 0.197900 
64 0.354700 
65 0.519300 
66 0.671400 
67 0.801100 
68 0.904000 
69 0.978300 
70 1.023000 
71 1.038000 
72 1.005800 
73 0.909700 
74 0.751500 
75 0.533900 
76 0.261100 
77 -0.060500 
78 -0.419900 
79 -0.794300 
80 -1.122100 
81 -1.246200 
82 -1.061900 
83 -0.726200 
84 -0.365800 
85 -0.026200 
86 0.274500 
87 0.527700 
88 0.728300 
89 0.873500 
90 0.961200 
91 0.990600 

1 -3.582100 
2 -3.149600 
3 -2.419900 
4 -1.691100 
5 -1.020000 
6 -0.428400 
7 0.070700 
8 0.468100 
9 0.756700 
10 0.931900 
11 0.990600 
12 0.961200 
13 0.873500 
14 0.728300 
15 0.527700 
16 0.274500 
17 -0.026200 
18 -0.365800 
19 -0.726200 
20 -1.061900 
21 -1.246200 
22 -1.122100 
23 -0.794300 
24 -0.419900 
25 -0.060500 
26 0.261100 
27 0.533900 
28 0.751500 
29 0.909700 
30 1.005800 
31 1.038000 
32 0.968900 
33 0.763300 
34 0.430200 
35 -0.002200 
36 -0.472200 
37 -0.881700 
38 -1.129500 
39 -1.188800 
40 -1.139600 
41 -1.103400 
42 -0.921100 
43 -0.491200 
44 -0.421100 
45 -1.020600 
46 -1.790700 
47 -2.657600 
48 -3.418300 
49 -3.504700 
50 -3.562000 
51 -3.582100 
52 -3.585800 
53 -3.597400 
54 -3.618300 
55 -3.650400 
56 -3.696200 
57 -3.296900 
58 -2.839100 
59 -2.372200 
60 -1.908700 
61 -1.458300 
62 -1.029000 
63 -0.627300 
64 -0.259200 
65 0.070600 
66 0.357600 
67 0.597900 
68 0.788400 
69 0.926400 
70 1.010000 
71 1.038000 
72 1.005800 
73 0.909700 
74 0.751500 
75 0.533900 
76 0.261100 
77 -0.060500 
78 -0.419900 
79 -0.794300 
80 -1.122100 
81 -1.246200 
82 -1.061900 
83 -0.726200 
84 -0.365800 
85 -0.026200 
86 0.274500 
87 0.527700 
88 0.728300 
89 0.873500 
90 0.961200 
91 0.990600 

1 -3.582100 
2 -3.149600 
3 -2.419900 
4 -1.691100 
5 -2.065600 
6 -3.009800 
7 -4.099100 
8 -5.300000 
9 -5.436800 
10 -5.113900 
11 -5.002300 
12 -5.086400 
13 -5.334000 
14 -5.731700 
15 -6.130700 
16 -5.422000 
17 -4.740300 
18 -4.096500 
19 -3.509200 
20 -3.023300 
21 -2.762800 
22 -2.881000 
23 -3.266700 
24 -3.563500 
25 -3.934700 
26 -4.390400 
27 -4.884400 
28 -5.367600 
29 -5.783000 
30 -6.068300 
31 -6.170600 
32 -6.019400 
33 -5.633300 
34 -5.134100 
35 -4.612400 
36 -4.121500 
37 -3.692300 
38 -3.343700 
39 -3.087300 
40 -2.930800 
41 -2.878200 
42 -2.893100 
43 -2.937000 
44 -3.007100 
45 -3.098300 
46 -3.203600 
47 -3.314000 
48 -3.523800 
49 -3.784000 
50 -3.633000 
51 -3.582100 
52 -3.593700 
53 -3.628600 
54 -3.686300 
55 -3.766300 
56 -3.730400 
57 -3.472500 
58 -3.109300 
59 -2.793400 
60 -2.581300 
61 -2.538500 
62 -2.700700 
63 -3.039400 
64 -3.493600 
65 -4.008700 
66 -4.541400 
67 -5.053300 
68 -5.506600 
69 -5.863600 
70 -6.092000 
71 -6.170600 
72 -6.068300 
73 -5.783000 
74 -5.367600 
75 -4.884400 
76 -4.390400 
77 -3.934700 
78 -3.563500 
79 -3.266700 
80 -2.881000 
81 -2.762800 
82 -3.023300 
83 -3.509200 
84 -4.096500 
85 -4.740300 
86 -5.422000 
87 -6.130700 
88 -5.731700 
89 -5.334000 
90 -5.086400 
91 -5.002300 

1 -4.899000 
2 -5.354800 
3 -6.149100 
4 -6.969100 
5 -7.737600 
6 -7.369000 
7 -6.595800 
8 -5.941800 
9 -6.567900 
10 -7.818200 
11 -8.609900 
12 -8.249100 
13 -7.579400 
14 -6.855700 
15 -6.130700 
16 -5.422000 
17 -4.740300 
18 -4.096500 
19 -3.509200 
20 -3.023300 
21 -2.762800 
22 -2.881000 
23 -3.266700 
24 -3.754000 
25 -4.268800 
26 -4.771900 
27 -5.232900 
28 -5.624200 
29 -5.921800 
30 -6.107500 
31 -6.170600 
32 -6.019400 
33 -5.633300 
34 -5.134100 
35 -4.612400 
36 -4.121500 
37 -3.692300 
38 -3.343700 
39 -3.087300 
40 -2.930800 
41 -2.878200 
42 -2.998400 
43 -3.258600 
44 -3.545600 
45 -3.824000 
46 -4.088100 
47 -4.335000 
48 -4.030400 
49 -4.261300 
50 -4.739500 
51 -4.899000 
52 -4.847700 
53 -4.695600 
54 -4.449000 
55 -4.121100 
56 -3.841600 
57 -3.758400 
58 -3.839500 
59 -3.941800 
60 -4.067000 
61 -4.216200 
62 -4.389800 
63 -4.587200 
64 -4.806300 
65 -5.043500 
66 -5.292400 
67 -5.543000 
68 -5.780100 
69 -5.981800 
70 -6.120600 
71 -6.170600 
72 -6.107500 
73 -5.921800 
74 -5.624200 
75 -5.232900 
76 -4.771900 
77 -4.268800 
78 -3.754000 
79 -3.266700 
80 -2.881000 
81 -2.762800 
82 -3.023300 
83 -3.509200 
84 -4.096500 
85 -4.740300 
86 -5.422000 
87 -6.130700 
88 -6.855700 
89 -7.579400 
90 -8.249100 
91 -8.609900 

1 -4.899000 
2 -5.354800 
3 -6.149100 
4 -6.969100 
5 -7.737600 
6 -8.414800 
7 -8.513200 
8 -8.551800 
9 -8.582800 
10 -8.602900 
11 -8.609900 
12 -8.249100 
13 -7.579400 
14 -6.855700 
15 -6.261400 
16 -6.854600 
17 -6.015800 
18 -5.191600 
19 -4.456200 
20 -3.858700 
21 -3.452500 
22 -3.275800 
23 -3.326200 
24 -3.754000 
25 -4.268800 
26 -4.771900 
27 -5.232900 
28 -5.624200 
29 -5.921800 
30 -6.107500 
31 -6.170600 
32 -6.179300 
33 -6.204700 
34 -6.244700 
35 -6.296000 
36 -6.354000 
37 -6.413400 
38 -6.468100 
39 -6.512400 
40 -6.541300 
41 -6.551300 
42 -6.434400 
43 -6.121000 
44 -5.691800 
45 -5.222700 
46 -4.768100 
47 -4.363200 
48 -4.556400 
49 -4.736800 
50 -4.856700 
51 -4.899000 
52 -4.850100 
53 -4.707300 
54 -4.480700 
55 -4.185700 
56 -3.868000 
57 -3.990400 
58 -4.132100 
59 -4.291500 
60 -4.466600 
61 -4.654700 
62 -4.852600 
63 -5.056500 
64 -5.261600 
65 -5.462200 
66 -5.651800 
67 -5.822800 
68 -5.967400 
69 -6.077700 
70 -6.147000 
71 -6.170600 
72 -6.107500 
73 -5.921800 
74 -5.624200 
75 -5.232900 
76 -4.771900 
77 -4.268800 
78 -3.754000 
79 -3.326200 
80 -3.275800 
81 -3.452500 
82 -3.858700 
83 -4.456200 
84 -5.191600 
85 -6.015800 
86 -6.854600 
87 -6.261400 
88 -6.855700 
89 -7.579400 
90 -8.249100 
91 -8.609900 

1 -8.339000 
2 -8.345300 
3 -8.363700 
4 -8.392700 
5 -8.236200 
6 -8.414800 
7 -8.977800 
8 -9.417700 
9 -9.732700 
10 -9.922300 
11 -9.985700 
12 -9.803400 
13 -9.305000 
14 -8.593300 
15 -7.764800 
16 -6.937800 
17 -7.635200 
18 -8.423600 
19 -9.228000 
20 -9.976800 
21 -10.564700 
22 -10.903500 
23 -11.010200 
24 -10.977100 
25 -10.884700 
26 -10.781900 
27 -10.696800 
28 -10.645200 
29 -10.631600 
30 -10.643800 
31 -10.653500 
32 -10.381200 
33 -9.745500 
34 -9.008500 
35 -8.330400 
36 -7.824500 
37 -7.600700 
38 -7.750900 
39 -8.272800 
40 -8.990000 
41 -9.051800 
42 -9.195800 
43 -9.353400 
44 -9.272000 
45 -9.126400 
46 -8.907800 
47 -8.647000 
48 -8.418300 
49 -8.300900 
50 -8.308700 
51 -8.339000 
52 -8.320300 
53 -8.277600 
54 -8.239500 
55 -8.231000 
56 -8.264600 
57 -8.342500 
58 -8.461600 
59 -8.616800 
60 -8.802300 
61 -9.012200 
62 -9.239700 
63 -9.477400 
64 -9.716200 
65 -9.946000 
66 -10.155700 
67 -10.287600 
68 -10.395900 
69 -10.513500 
70 -10.613100 
71 -10.653500 
72 -10.643800 
73 -10.631600 
74 -10.645200 
75 -10.696800 
76 -10.781900 
77 -10.884700 
78 -10.977100 
79 -11.010200 
80 -10.903500 
81 -10.564700 
82 -9.976800 
83 -9.228000 
84 -8.423600 
85 -7.635200 
86 -6.937800 
87 -7.764800 
88 -8.593300 
89 -9.305000 
90 -9.803400 
91 -9.985700 

1 -11.558300 
2 -11.059800 
3 -10.142000 
4 -9.172300 
5 -8.429600 
6 -8.471100 
7 -8.977800 
8 -9.417700 
9 -9.732700 
10 -9.922300 
11 -9.985700 
12 -10.345800 
13 -11.008600 
14 -11.702100 
23 -11.908800 
24 -11.647300 
25 -11.407800 
26 -11.194100 
27 -11.009800 
28 -10.859100 
29 -10.746800 
30 -10.677200 
31 -10.653500 
32 -10.817100 
33 -11.234200 
34 -11.768300 
35 -11.936500 
36 -11.109300 
37 -10.401700 
38 -9.827800 
39 -9.402700 
40 -9.140500 
41 -9.403100 
42 -9.392000 
43 -9.604000 
44 -10.212400 
45 -10.928700 
46 -11.643400 
47 -11.701700 
48 -11.692200 
49 -11.824100 
50 -11.628800 
51 -11.558300 
52 -11.589800 
53 -11.571900 
54 -11.195400 
55 -10.771000 
56 -10.419400 
57 -10.154500 
58 -9.974400 
59 -9.870800 
60 -9.831900 
61 -9.843600 
62 -9.890600 
63 -9.958100 
64 -10.034100 
65 -10.112500 
66 -10.194800 
67 -10.334900 
68 -10.476100 
69 -10.575800 
70 -10.634300 
71 -10.653500 
72 -10.677200 
73 -10.746800 
74 -10.859100 
75 -11.009800 
76 -11.194100 
77 -11.407800 
78 -11.647300 
79 -11.908800 
88 -11.702100 
89 -11.008600 
90 -10.345800 
91 -9.985700 

9 -11.545300 
10 -10.659700 
11 -9.985700 
12 -10.345800 
13 -11.008600 
14 -11.702100 
23 -11.908800 
24 -11.647300 
25 -11.407800 
26 -11.194100 
27 -11.009800 
28 -10.859100 
29 -10.746800 
30 -10.677200 
31 -10.653500 
32 -10.817100 
33 -11.234200 
34 -11.768300 
46 -11.895900 
49 -11.877200 
67 -11.829400 
68 -11.354000 
69 -10.980500 
70 -10.738100 
71 -10.653500 
72 -10.677200 
73 -10.746800 
74 -10.859100 
75 -11.009800 
76 -11.194100 
77 -11.407800 
78 -11.647300 
79 -11.908800 
88 -11.702100 
89 -11.008600 
90 -10.345800 
91 -9.985700 














