1 20.479800 
2 20.476600 
3 20.467300 
4 20.452900 
5 20.434500 
6 20.414100 
7 20.393500 
8 20.374800 
9 20.359900 
10 20.350300 
11 20.347100 
12 20.344000 
13 20.335000 
14 20.320000 
15 20.299000 
16 20.271900 
17 20.238800 
18 20.199700 
19 20.155200 
20 20.105500 
21 20.051300 
22 19.993600 
23 19.933700 
24 19.873400 
25 19.814300 
26 19.758900 
27 19.709400 
28 19.667900 
29 19.636700 
30 19.617200 
31 19.610500 
32 19.638000 
33 19.716700 
34 19.836800 
35 19.984200 
36 20.142700 
37 20.296700 
38 20.432000 
39 20.537000 
40 20.603400 
41 20.626000 
42 20.622500 
43 20.612400 
44 20.596500 
45 20.576300 
46 20.553900 
47 20.531200 
48 20.510600 
49 20.494100 
50 20.483500 
51 20.479800 
52 20.475700 
53 20.463100 
54 20.442400 
55 20.413500 
56 20.377100 
57 20.333100 
58 20.282300 
59 20.225400 
60 20.163400 
61 20.097400 
62 20.028800 
63 19.959400 
64 19.891100 
65 19.825800 
66 19.765800 
67 19.713100 
68 19.669700 
69 19.637400 
70 19.617400 
71 19.610500 
72 19.617200 
73 19.636700 
74 19.667900 
75 19.709400 
76 19.758900 
77 19.814300 
78 19.873400 
79 19.933700 
80 19.993600 
81 20.051300 
82 20.105500 
83 20.155200 
84 20.199700 
85 20.238800 
86 20.271900 
87 20.299000 
88 20.320000 
89 20.335000 
90 20.344000 
91 20.347100 

1 20.479800 
2 20.476600 
3 20.467300 
4 20.452900 
5 20.434500 
6 20.414100 
7 20.393500 
8 20.374800 
9 20.359900 
10 20.350300 
11 20.347100 
12 20.343100 
13 20.331600 
14 20.312600 
15 20.286300 
16 20.253200 
17 20.213800 
18 20.168700 
19 20.118800 
20 20.064900 
21 20.008400 
22 19.950400 
23 19.892400 
24 19.836000 
25 19.782600 
26 19.734100 
27 19.691800 
28 19.657300 
29 19.631600 
30 19.615900 
31 19.610500 
32 19.608300 
33 19.601600 
34 19.591200 
35 19.578100 
36 19.563400 
37 19.548700 
38 19.535400 
39 19.524800 
40 19.517900 
41 19.515600 
42 19.541400 
43 19.615600 
44 19.729100 
45 19.868600 
46 20.019200 
47 20.165600 
48 20.294500 
49 20.394700 
50 20.458100 
51 20.479800 
52 20.475000 
53 20.460400 
54 20.436400 
55 20.403500 
56 20.362300 
57 20.313500 
58 20.258300 
59 20.197600 
60 20.133000 
61 20.065800 
62 19.997500 
63 19.929900 
64 19.864800 
65 19.803800 
66 19.748800 
67 19.701200 
68 19.662500 
69 19.634000 
70 19.616400 
71 19.610500 
72 19.615900 
73 19.631600 
74 19.657300 
75 19.691800 
76 19.734100 
77 19.782600 
78 19.836000 
79 19.892400 
80 19.950400 
81 20.008400 
82 20.064900 
83 20.118800 
84 20.168700 
85 20.213800 
86 20.253200 
87 20.286300 
88 20.312600 
89 20.331600 
90 20.343100 
91 20.347100 

1 19.425900 
2 19.450400 
3 19.520800 
4 19.628800 
5 19.761700 
6 19.905400 
7 20.045600 
8 20.169100 
9 20.265200 
10 20.326100 
11 20.347100 
12 20.343100 
13 20.331600 
14 20.312600 
15 20.286300 
16 20.253200 
17 20.213800 
18 20.168700 
19 20.118800 
20 20.064900 
21 20.008400 
22 19.950400 
23 19.892400 
24 19.836000 
25 19.782600 
26 19.734100 
27 19.691800 
28 19.657300 
29 19.631600 
30 19.615900 
31 19.610500 
32 19.608300 
33 19.601600 
34 19.591200 
35 19.578100 
36 19.563400 
37 19.548700 
38 19.535400 
39 19.524800 
40 19.517900 
41 19.515600 
42 19.513400 
43 19.507100 
44 19.497300 
45 19.484800 
46 19.471100 
47 19.457200 
48 19.444600 
49 19.434500 
50 19.428100 
51 19.425900 
52 19.427000 
53 19.430300 
54 19.435800 
55 19.443300 
56 19.452600 
57 19.463500 
58 19.475700 
59 19.489000 
60 19.503100 
61 19.517500 
62 19.532000 
63 19.546100 
64 19.559600 
65 19.572100 
66 19.583200 
67 19.592700 
68 19.600400 
69 19.606000 
70 19.609400 
71 19.610500 
72 19.615900 
73 19.631600 
74 19.657300 
75 19.691800 
76 19.734100 
77 19.782600 
78 19.836000 
79 19.892400 
80 19.950400 
81 20.008400 
82 20.064900 
83 20.118800 
84 20.168700 
85 20.213800 
86 20.253200 
87 20.286300 
88 20.312600 
89 20.331600 
90 20.343100 
91 20.347100 

1 1.993100 
2 1.970900 
3 1.905000 
4 1.798200 
5 1.655100 
6 1.483300 
7 1.294700 
8 1.106000 
9 0.940300 
10 0.824500 
11 0.782600 
12 0.789600 
13 0.807700 
14 0.829700 
15 0.847500 
16 0.855800 
17 0.855200 
18 0.854800 
19 0.875400 
20 0.949000 
21 1.109600 
22 1.371700 
23 1.716000 
24 2.103300 
25 2.494900 
26 2.861400 
27 3.182600 
28 3.444400 
29 3.637500 
30 3.755700 
31 3.795500 
32 3.742900 
33 3.591500 
34 3.358600 
35 3.066700 
36 2.738200 
37 2.393100 
38 2.051800 
39 1.743100 
40 1.513900 
41 1.426300 
42 1.362400 
43 1.188300 
44 0.952700 
45 0.710500 
46 0.913300 
47 1.282500 
48 1.585200 
49 1.809300 
50 1.946800 
51 1.993100 
52 1.970000 
53 1.901800 
54 1.792600 
55 1.650800 
56 1.494000 
57 1.358400 
58 1.307000 
59 1.385200 
60 1.567600 
61 1.809700 
62 2.083100 
63 2.369300 
64 2.654100 
65 2.925400 
66 3.172800 
67 3.387300 
68 3.561700 
69 3.690200 
70 3.769000 
71 3.795500 
72 3.755700 
73 3.637500 
74 3.444400 
75 3.182600 
76 2.861400 
77 2.494900 
78 2.103300 
79 1.716000 
80 1.371700 
81 1.109600 
82 0.949000 
83 0.875400 
84 0.854800 
85 0.855200 
86 0.855800 
87 0.847500 
88 0.829700 
89 0.807700 
90 0.789600 
91 0.782600 

1 -0.143900 
2 -0.247500 
3 -0.554500 
4 -1.054800 
5 -0.986000 
6 -0.465200 
7 -0.026100 
8 0.323400 
9 0.577100 
10 0.731000 
11 0.782600 
12 0.756300 
13 0.677800 
14 0.547900 
15 0.368700 
16 0.143200 
17 -0.123400 
18 -0.422000 
19 -0.733000 
20 -1.006600 
21 -1.120900 
22 -0.975500 
23 -0.683500 
24 -0.361400 
25 -0.055000 
26 0.217900 
27 0.448800 
28 0.632600 
29 0.765900 
30 0.846700 
31 0.873800 
32 0.858900 
33 0.814900 
34 0.744600 
35 0.652800 
36 0.546400 
37 0.434500 
38 0.328200 
39 0.239800 
40 0.181000 
41 0.160300 
42 0.109000 
43 -0.056700 
44 0.056200 
45 0.495500 
46 0.488500 
47 0.290000 
48 0.117200 
49 -0.021200 
50 -0.112000 
51 -0.143900 
52 -0.127800 
53 -0.080500 
54 -0.004800 
55 0.092800 
56 0.198900 
57 0.284300 
58 0.298700 
59 0.219300 
60 0.107400 
61 0.046500 
62 0.073800 
63 0.171100 
64 0.301500 
65 0.437600 
66 0.564100 
67 0.672800 
68 0.759700 
69 0.822800 
70 0.861000 
71 0.873800 
72 0.846700 
73 0.765900 
74 0.632600 
75 0.448800 
76 0.217900 
77 -0.055000 
78 -0.361400 
79 -0.683500 
80 -0.975500 
81 -1.120900 
82 -1.006600 
83 -0.733000 
84 -0.422000 
85 -0.123400 
86 0.143200 
87 0.368700 
88 0.547900 
89 0.677800 
90 0.756300 
91 0.782600 

1 -3.272000 
2 -2.871100 
3 -2.220600 
4 -1.577200 
5 -0.986000 
6 -0.465200 
7 -0.026100 
8 0.323400 
9 0.577100 
10 0.731000 
11 0.782600 
12 0.756300 
13 0.677800 
14 0.547900 
15 0.368700 
16 0.143200 
17 -0.123400 
18 -0.422000 
19 -0.733000 
20 -1.006600 
21 -1.120900 
22 -0.975500 
23 -0.683500 
24 -0.361400 
25 -0.055000 
26 0.217900 
27 0.448800 
28 0.632600 
29 0.765900 
30 0.846700 
31 0.873800 
32 0.816700 
33 0.647700 
34 0.376400 
35 0.027700 
36 -0.348000 
37 -0.672400 
38 -0.865400 
39 -0.904700 
40 -0.855300 
41 -0.821300 
42 -0.690100 
43 -0.362500 
44 -0.368300 
45 -0.851800 
46 -1.492500 
47 -2.235100 
48 -2.997500 
49 -3.206100 
50 -3.254900 
51 -3.272000 
52 -3.275500 
53 -3.286200 
54 -3.305400 
55 -3.334600 
56 -3.204200 
57 -2.820200 
58 -2.420000 
59 -2.015700 
60 -1.617000 
61 -1.231600 
62 -0.865900 
63 -0.525200 
64 -0.213900 
65 0.063900 
66 0.305000 
67 0.506400 
68 0.665600 
69 0.780800 
70 0.850500 
71 0.873800 
72 0.846700 
73 0.765900 
74 0.632600 
75 0.448800 
76 0.217900 
77 -0.055000 
78 -0.361400 
79 -0.683500 
80 -0.975500 
81 -1.120900 
82 -1.006600 
83 -0.733000 
84 -0.422000 
85 -0.123400 
86 0.143200 
87 0.368700 
88 0.547900 
89 0.677800 
90 0.756300 
91 0.782600 

1 -3.272000 
2 -2.871100 
3 -2.220600 
4 -1.577200 
5 -1.732500 
6 -2.567600 
7 -3.536400 
8 -4.610000 
9 -5.370600 
10 -5.078800 
11 -4.978000 
12 -5.053900 
13 -5.277200 
14 -5.636000 
15 -5.376600 
16 -4.750300 
17 -4.151700 
18 -3.591600 
19 -3.089700 
20 -2.694200 
21 -2.524200 
22 -2.675600 
23 -2.992600 
24 -3.234500 
25 -3.580400 
26 -3.990000 
27 -4.424600 
28 -4.841800 
29 -5.194000 
30 -5.431800 
31 -5.516100 
32 -5.390700 
33 -5.065500 
34 -4.638100 
35 -4.186100 
36 -3.757700 
37 -3.381400 
38 -3.074900 
39 -2.849300 
40 -2.711400 
41 -2.665000 
42 -2.678100 
43 -2.716400 
44 -2.777300 
45 -2.856500 
46 -2.947700 
47 -3.042800 
48 -3.132300 
49 -3.449500 
50 -3.316700 
51 -3.272000 
52 -3.282300 
53 -3.313300 
54 -3.364600 
55 -3.435700 
56 -3.301000 
57 -2.975700 
58 -2.669100 
59 -2.419500 
60 -2.275900 
61 -2.288300 
62 -2.472900 
63 -2.796900 
64 -3.209600 
65 -3.666900 
66 -4.132800 
67 -4.574700 
68 -4.960800 
69 -5.261000 
70 -5.451100 
71 -5.516100 
72 -5.431800 
73 -5.194000 
74 -4.841800 
75 -4.424600 
76 -3.990000 
77 -3.580400 
78 -3.234500 
79 -2.992600 
80 -2.675600 
81 -2.524200 
82 -2.694200 
83 -3.089700 
84 -3.591600 
85 -4.151700 
86 -4.750300 
87 -5.376600 
88 -5.636000 
89 -5.277200 
90 -5.053900 
91 -4.978000 

1 -4.297000 
2 -4.714300 
3 -5.410300 
4 -6.118000 
5 -6.779300 
6 -7.123100 
7 -6.421600 
8 -5.828100 
9 -5.749200 
10 -6.880200 
11 -7.613300 
12 -7.276100 
13 -6.668800 
14 -6.021100 
15 -5.376600 
16 -4.750300 
17 -4.151700 
18 -3.591600 
19 -3.089700 
20 -2.694200 
21 -2.524200 
22 -2.675600 
23 -3.028700 
24 -3.457600 
25 -3.904800 
26 -4.337600 
27 -4.730300 
28 -5.060400 
29 -5.309400 
30 -5.463800 
31 -5.516100 
32 -5.390700 
33 -5.065500 
34 -4.638100 
35 -4.186100 
36 -3.757700 
37 -3.381400 
38 -3.074900 
39 -2.849300 
40 -2.711400 
41 -2.665000 
42 -2.745300 
43 -2.933400 
44 -3.157300 
45 -3.385200 
46 -3.607400 
47 -3.817500 
48 -3.665800 
49 -3.671600 
50 -4.134300 
51 -4.297000 
52 -4.245600 
53 -4.096000 
54 -3.860600 
55 -3.557000 
56 -3.376000 
57 -3.431700 
58 -3.504000 
59 -3.594800 
60 -3.705400 
61 -3.836900 
62 -3.989500 
63 -4.162400 
64 -4.353600 
65 -4.559700 
66 -4.774600 
67 -4.989500 
68 -5.190700 
69 -5.359900 
70 -5.475000 
71 -5.516100 
72 -5.463800 
73 -5.309400 
74 -5.060400 
75 -4.730300 
76 -4.337600 
77 -3.904800 
78 -3.457600 
79 -3.028700 
80 -2.675600 
81 -2.524200 
82 -2.694200 
83 -3.089700 
84 -3.591600 
85 -4.151700 
86 -4.750300 
87 -5.376600 
88 -6.021100 
89 -6.668800 
90 -7.276100 
91 -7.613300 

1 -4.297000 
2 -4.714300 
3 -5.410300 
4 -6.118000 
5 -6.779300 
6 -7.364400 
7 -7.533200 
8 -7.565200 
9 -7.590900 
10 -7.607600 
11 -7.613300 
12 -7.276100 
13 -6.668800 
14 -6.021100 
15 -6.112200 
16 -5.904500 
17 -5.127900 
18 -4.404800 
19 -3.777600 
20 -3.292500 
21 -2.992900 
22 -2.898500 
23 -3.028700 
24 -3.457600 
25 -3.904800 
26 -4.337600 
27 -4.730300 
28 -5.060400 
29 -5.309400 
30 -5.463800 
31 -5.516100 
32 -5.523500 
33 -5.545100 
34 -5.579000 
35 -5.622500 
36 -5.671500 
37 -5.721500 
38 -5.767600 
39 -5.804700 
40 -5.828900 
41 -5.837200 
42 -5.739600 
43 -5.475700 
44 -5.109800 
45 -4.705600 
46 -4.310900 
47 -3.957300 
48 -4.006300 
49 -4.159700 
50 -4.261300 
51 -4.297000 
52 -4.248900 
53 -4.109400 
54 -3.891800 
55 -3.614900 
56 -3.525900 
57 -3.634300 
58 -3.759500 
59 -3.900000 
60 -4.053800 
61 -4.218600 
62 -4.391200 
63 -4.568300 
64 -4.745400 
65 -4.917700 
66 -5.079400 
67 -5.224400 
68 -5.346200 
69 -5.438600 
70 -5.496400 
71 -5.516100 
72 -5.463800 
73 -5.309400 
74 -5.060400 
75 -4.730300 
76 -4.337600 
77 -3.904800 
78 -3.457600 
79 -3.028700 
80 -2.898500 
81 -2.992900 
82 -3.292500 
83 -3.777600 
84 -4.404800 
85 -5.127900 
86 -5.904500 
87 -6.112200 
88 -6.021100 
89 -6.668800 
90 -7.276100 
91 -7.613300 

1 -7.387900 
2 -7.393200 
3 -7.408600 
4 -7.432800 
5 -7.463600 
6 -7.364400 
7 -7.856100 
8 -8.245300 
9 -8.527200 
10 -8.698400 
11 -8.755800 
12 -8.583800 
13 -8.117100 
14 -7.458400 
15 -6.701800 
16 -6.694900 
17 -7.347100 
18 -8.045500 
19 -8.742200 
20 -9.363600 
21 -9.816000 
22 -10.048200 
23 -10.100900 
24 -10.054400 
25 -9.971300 
26 -9.890400 
27 -9.835400 
28 -9.819800 
29 -9.844600 
30 -9.889100 
31 -9.912000 
32 -9.655700 
33 -9.059900 
34 -8.371100 
35 -7.736000 
36 -7.254600 
37 -7.018900 
38 -7.101100 
39 -7.492000 
40 -8.029800 
41 -8.321600 
42 -8.315500 
43 -8.294100 
44 -8.246700 
45 -8.157200 
46 -8.011600 
47 -7.816900 
48 -7.614800 
49 -7.464800 
50 -7.398900 
51 -7.387900 
52 -7.391600 
53 -7.406300 
54 -7.439400 
55 -7.497500 
56 -7.583900 
57 -7.698900 
58 -7.840800 
59 -8.007200 
60 -8.194500 
61 -8.398800 
62 -8.615100 
63 -8.837200 
64 -9.057600 
65 -9.267800 
66 -9.401600 
67 -9.501200 
68 -9.622600 
69 -9.755200 
70 -9.866900 
71 -9.912000 
72 -9.889100 
73 -9.844600 
74 -9.819800 
75 -9.835400 
76 -9.890400 
77 -9.971300 
78 -10.054400 
79 -10.100900 
80 -10.048200 
81 -9.816000 
82 -9.363600 
83 -8.742200 
84 -8.045500 
85 -7.347100 
86 -6.694900 
87 -6.701800 
88 -7.458400 
89 -8.117100 
90 -8.583800 
91 -8.755800 

1 -10.747400 
2 -10.370200 
3 -9.600300 
4 -8.746800 
5 -7.907200 
6 -7.498200 
7 -7.856100 
8 -8.245300 
9 -8.527200 
10 -8.698400 
11 -8.755800 
12 -9.093700 
13 -9.698900 
14 -10.328100 
15 -10.910500 
16 -11.386000 
17 -11.692400 
18 -11.801100 
19 -11.745900 
20 -11.589500 
21 -11.383300 
22 -11.159200 
23 -10.935600 
24 -10.722900 
25 -10.527300 
26 -10.352600 
27 -10.202100 
28 -10.079300 
29 -9.987800 
30 -9.931200 
31 -9.912000 
32 -10.054000 
33 -10.423900 
34 -10.912800 
35 -11.430600 
36 -10.669600 
37 -10.019700 
38 -9.493600 
39 -9.104600 
40 -8.865200 
41 -8.784300 
42 -8.907100 
43 -9.255500 
44 -9.774900 
45 -10.386800 
46 -10.919200 
47 -10.659800 
48 -10.589800 
49 -10.714200 
50 -10.808000 
51 -10.747400 
52 -10.769300 
53 -10.624600 
54 -10.254800 
55 -9.908300 
56 -9.623400 
57 -9.406800 
58 -9.256600 
59 -9.166200 
60 -9.126300 
61 -9.125700 
62 -9.153100 
63 -9.198400 
64 -9.255100 
65 -9.321600 
66 -9.458400 
67 -9.621100 
68 -9.749400 
69 -9.840500 
70 -9.894300 
71 -9.912000 
72 -9.931200 
73 -9.987800 
74 -10.079300 
75 -10.202100 
76 -10.352600 
77 -10.527300 
78 -10.722900 
79 -10.935600 
80 -11.159200 
81 -11.383300 
82 -11.589500 
83 -11.745900 
84 -11.801100 
85 -11.692400 
86 -11.386000 
87 -10.910500 
88 -10.328100 
89 -9.698900 
90 -9.093700 
91 -8.755800 

1 -11.352000 
2 -11.353700 
3 -11.355900 
4 -11.350100 
5 -11.320100 
6 -11.237800 
7 -11.058700 
8 -10.719300 
9 -10.156400 
10 -9.375200 
11 -8.755800 
12 -9.093700 
13 -9.698900 
14 -10.328100 
15 -10.910500 
16 -11.386000 
17 -11.692400 
18 -11.801100 
19 -11.745900 
20 -11.589500 
21 -11.383300 
22 -11.159200 
23 -10.935600 
24 -10.722900 
25 -10.527300 
26 -10.352600 
27 -10.202100 
28 -10.079300 
29 -9.987800 
30 -9.931200 
31 -9.912000 
32 -10.054000 
33 -10.423900 
34 -10.912800 
35 -11.432200 
36 -11.929600 
41 -11.799000 
42 -11.806300 
43 -11.822600 
44 -11.830100 
45 -11.356900 
46 -10.999100 
47 -11.424300 
48 -11.214100 
49 -10.976700 
50 -11.040300 
51 -11.352000 
52 -11.157000 
53 -11.029800 
54 -11.196600 
55 -11.425700 
56 -11.654200 
57 -11.839500 
58 -11.956500 
65 -11.987500 
66 -11.438200 
67 -10.944400 
68 -10.523300 
69 -10.195700 
70 -9.985100 
71 -9.912000 
72 -9.931200 
73 -9.987800 
74 -10.079300 
75 -10.202100 
76 -10.352600 
77 -10.527300 
78 -10.722900 
79 -10.935600 
80 -11.159200 
81 -11.383300 
82 -11.589500 
83 -11.745900 
84 -11.801100 
85 -11.692400 
86 -11.386000 
87 -10.910500 
88 -10.328100 
89 -9.698900 
90 -9.093700 
91 -8.755800 

35 -11.432200 
36 -11.929600 
44 -11.931400 
45 -11.797200 
46 -11.689000 
47 -11.601200 
48 -11.975100 













