1 20.497300 
2 20.492600 
3 20.479000 
4 20.457700 
5 20.430600 
6 20.400200 
7 20.369700 
8 20.341900 
9 20.319500 
10 20.305100 
11 20.300100 
12 20.296300 
13 20.284900 
14 20.265400 
15 20.238000 
16 20.202400 
17 20.158800 
18 20.107000 
19 20.047000 
20 19.979700 
21 19.905600 
22 19.825900 
23 19.742400 
24 19.657300 
25 19.573400 
26 19.493800 
27 19.421800 
28 19.361200 
29 19.315100 
30 19.286300 
31 19.276500 
32 19.316600 
33 19.431300 
34 19.605100 
35 19.816500 
36 20.041500 
37 20.258200 
38 20.447300 
39 20.593100 
40 20.685000 
41 20.716200 
42 20.711100 
43 20.696000 
44 20.672400 
45 20.642400 
46 20.608800 
47 20.574800 
48 20.543800 
49 20.518900 
50 20.502900 
51 20.497300 
52 20.491700 
53 20.475000 
54 20.447100 
55 20.408400 
56 20.359000 
57 20.299200 
58 20.229800 
59 20.151700 
60 20.066000 
61 19.974100 
62 19.878200 
63 19.780400 
64 19.683200 
65 19.589800 
66 19.503300 
67 19.426700 
68 19.363400 
69 19.315800 
70 19.286500 
71 19.276500 
72 19.286300 
73 19.315100 
74 19.361200 
75 19.421800 
76 19.493800 
77 19.573400 
78 19.657300 
79 19.742400 
80 19.825900 
81 19.905600 
82 19.979700 
83 20.047000 
84 20.107000 
85 20.158800 
86 20.202400 
87 20.238000 
88 20.265400 
89 20.284900 
90 20.296300 
91 20.300100 

1 20.497300 
2 20.492600 
3 20.479000 
4 20.457700 
5 20.430600 
6 20.400200 
7 20.369700 
8 20.341900 
9 20.319500 
10 20.305100 
11 20.300100 
12 20.295000 
13 20.279700 
14 20.254400 
15 20.219400 
16 20.175000 
17 20.121900 
18 20.060800 
19 19.992800 
20 19.919100 
21 19.841100 
22 19.760500 
23 19.679400 
24 19.599900 
25 19.524200 
26 19.454900 
27 19.394200 
28 19.344300 
29 19.307200 
30 19.284300 
31 19.276500 
32 19.273200 
33 19.263400 
34 19.248200 
35 19.229000 
36 19.207400 
37 19.185900 
38 19.166400 
39 19.150700 
40 19.140600 
41 19.137000 
42 19.174600 
43 19.281700 
44 19.444600 
45 19.643400 
46 19.856200 
47 20.061400 
48 20.240900 
49 20.379800 
50 20.467500 
51 20.497300 
52 20.490700 
53 20.470800 
54 20.438100 
55 20.393100 
56 20.336700 
57 20.269800 
58 20.193600 
59 20.109800 
60 20.019900 
61 19.926000 
62 19.830200 
63 19.734900 
64 19.642400 
65 19.555400 
66 19.476400 
67 19.407900 
68 19.351900 
69 19.310500 
70 19.285100 
71 19.276500 
72 19.284300 
73 19.307200 
74 19.344300 
75 19.394200 
76 19.454900 
77 19.524200 
78 19.599900 
79 19.679400 
80 19.760500 
81 19.841100 
82 19.919100 
83 19.992800 
84 20.060800 
85 20.121900 
86 20.175000 
87 20.219400 
88 20.254400 
89 20.279700 
90 20.295000 
91 20.300100 

1 19.006000 
2 19.041300 
3 19.142400 
4 19.296700 
5 19.485200 
6 19.687400 
7 19.883300 
8 20.054800 
9 20.187800 
10 20.271500 
11 20.300100 
12 20.295000 
13 20.279700 
14 20.254400 
15 20.219400 
16 20.175000 
17 20.121900 
18 20.060800 
19 19.992800 
20 19.919100 
21 19.841100 
22 19.760500 
23 19.679400 
24 19.599900 
25 19.524200 
26 19.454900 
27 19.394200 
28 19.344300 
29 19.307200 
30 19.284300 
31 19.276500 
32 19.273200 
33 19.263400 
34 19.248200 
35 19.229000 
36 19.207400 
37 19.185900 
38 19.166400 
39 19.150700 
40 19.140600 
41 19.137000 
42 19.133900 
43 19.124700 
44 19.110400 
45 19.092300 
46 19.072100 
47 19.051800 
48 19.033400 
49 19.018700 
50 19.009300 
51 19.006000 
52 19.007600 
53 19.012500 
54 19.020500 
55 19.031500 
56 19.045100 
57 19.061100 
58 19.079100 
59 19.098700 
60 19.119300 
61 19.140500 
62 19.161700 
63 19.182400 
64 19.202100 
65 19.220300 
66 19.236500 
67 19.250400 
68 19.261600 
69 19.269800 
70 19.274800 
71 19.276500 
72 19.284300 
73 19.307200 
74 19.344300 
75 19.394200 
76 19.454900 
77 19.524200 
78 19.599900 
79 19.679400 
80 19.760500 
81 19.841100 
82 19.919100 
83 19.992800 
84 20.060800 
85 20.121900 
86 20.175000 
87 20.219400 
88 20.254400 
89 20.279700 
90 20.295000 
91 20.300100 

1 2.413600 
2 2.388700 
3 2.314900 
4 2.194900 
5 2.033800 
6 1.839800 
7 1.625700 
8 1.410200 
9 1.219700 
10 1.085700 
11 1.037000 
12 1.043600 
13 1.059700 
14 1.076200 
15 1.082500 
16 1.070900 
17 1.039600 
18 0.995400 
19 0.956900 
20 0.957300 
21 1.040700 
22 1.242400 
23 1.560800 
24 1.956200 
25 2.378500 
26 2.786200 
27 3.150100 
28 3.450200 
29 3.673300 
30 3.810400 
31 3.856700 
32 3.795700 
33 3.622600 
34 3.362600 
35 3.045600 
36 2.696700 
37 2.334600 
38 1.977600 
39 1.654300 
40 1.413700 
41 1.321600 
42 1.247600 
43 1.055000 
44 0.816900 
45 0.589200 
46 1.099500 
47 1.551700 
48 1.920000 
49 2.191500 
50 2.357700 
51 2.413600 
52 2.385700 
53 2.302800 
54 2.168600 
55 1.989900 
56 1.780200 
57 1.567100 
58 1.407400 
59 1.380900 
60 1.503300 
61 1.719900 
62 1.986300 
63 2.278000 
64 2.578100 
65 2.871900 
66 3.145800 
67 3.387400 
68 3.586400 
69 3.734500 
70 3.825800 
71 3.856700 
72 3.810400 
73 3.673300 
74 3.450200 
75 3.150100 
76 2.786200 
77 2.378500 
78 1.956200 
79 1.560800 
80 1.242400 
81 1.040700 
82 0.957300 
83 0.956900 
84 0.995400 
85 1.039600 
86 1.070900 
87 1.082500 
88 1.076200 
89 1.059700 
90 1.043600 
91 1.037000 

1 -0.276700 
2 -0.399200 
3 -0.761700 
4 -1.349400 
5 -1.026400 
6 -0.419400 
7 0.092800 
8 0.500600 
9 0.796900 
10 0.976700 
11 1.037000 
12 1.007000 
13 0.917200 
14 0.768800 
15 0.563400 
16 0.304300 
17 -0.003800 
18 -0.352300 
19 -0.723500 
20 -1.072600 
21 -1.273100 
22 -1.155400 
23 -0.819900 
24 -0.433700 
25 -0.062300 
26 0.270300 
27 0.552600 
28 0.778000 
29 0.941900 
30 1.041400 
31 1.074800 
32 1.057600 
33 1.007300 
34 0.926700 
35 0.821200 
36 0.698500 
37 0.569000 
38 0.445400 
39 0.342200 
40 0.273300 
41 0.249000 
42 0.185800 
43 -0.025500 
44 0.027100 
45 0.582000 
46 0.379100 
47 0.182400 
48 0.003700 
49 -0.143500 
50 -0.241900 
51 -0.276700 
52 -0.259100 
53 -0.207200 
54 -0.123800 
55 -0.014300 
56 0.111000 
57 0.231100 
58 0.301600 
59 0.266800 
60 0.152000 
61 0.067300 
62 0.086900 
63 0.202400 
64 0.365500 
65 0.536900 
66 0.695000 
67 0.829600 
68 0.936300 
69 1.013100 
70 1.059300 
71 1.074800 
72 1.041400 
73 0.941900 
74 0.778000 
75 0.552600 
76 0.270300 
77 -0.062300 
78 -0.433700 
79 -0.819900 
80 -1.155400 
81 -1.273100 
82 -1.072600 
83 -0.723500 
84 -0.352300 
85 -0.003800 
86 0.304300 
87 0.563400 
88 0.768800 
89 0.917200 
90 1.007000 
91 1.037000 

1 -3.648200 
2 -3.208800 
3 -2.462200 
4 -1.714900 
5 -1.026400 
6 -0.419400 
7 0.092800 
8 0.500600 
9 0.796900 
10 0.976700 
11 1.037000 
12 1.007000 
13 0.917200 
14 0.768800 
15 0.563400 
16 0.304300 
17 -0.003800 
18 -0.352300 
19 -0.723500 
20 -1.072600 
21 -1.273100 
22 -1.155400 
23 -0.819900 
24 -0.433700 
25 -0.062300 
26 0.270300 
27 0.552600 
28 0.778000 
29 0.941900 
30 1.041400 
31 1.074800 
32 1.002900 
33 0.788800 
34 0.441200 
35 -0.010900 
36 -0.503000 
37 -0.932100 
38 -1.192200 
39 -1.255500 
40 -1.205900 
41 -1.169000 
42 -0.973800 
43 -0.519900 
44 -0.435100 
45 -1.061700 
46 -1.860700 
47 -2.754700 
48 -3.479000 
49 -3.568200 
50 -3.627400 
51 -3.648200 
52 -3.651900 
53 -3.663700 
54 -3.685000 
55 -3.717700 
56 -3.764500 
57 -3.404800 
58 -2.934300 
59 -2.453500 
60 -1.975500 
61 -1.510400 
62 -1.066700 
63 -0.651300 
64 -0.270200 
65 0.071400 
66 0.368800 
67 0.618000 
68 0.815600 
69 0.958900 
70 1.045700 
71 1.074800 
72 1.041400 
73 0.941900 
74 0.778000 
75 0.552600 
76 0.270300 
77 -0.062300 
78 -0.433700 
79 -0.819900 
80 -1.155400 
81 -1.273100 
82 -1.072600 
83 -0.723500 
84 -0.352300 
85 -0.003800 
86 0.304300 
87 0.563400 
88 0.768800 
89 0.917200 
90 1.007000 
91 1.037000 

1 -3.648200 
2 -3.208800 
3 -2.462200 
4 -1.714900 
5 -2.140600 
6 -3.109000 
7 -4.224700 
8 -5.453300 
9 -5.449400 
10 -5.119900 
11 -5.005900 
12 -5.091800 
13 -5.344500 
14 -5.750600 
15 -6.291400 
16 -5.571100 
17 -4.871100 
18 -4.208900 
19 -3.602800 
20 -3.096800 
21 -2.815300 
22 -2.924000 
23 -3.316300 
24 -3.635400 
25 -4.011300 
26 -4.476700 
27 -4.983500 
28 -5.481000 
29 -5.910400 
30 -6.206500 
31 -6.312800 
32 -6.155800 
33 -5.756000 
34 -5.240800 
35 -4.703800 
36 -4.199300 
37 -3.758500 
38 -3.400500 
39 -3.137500 
40 -2.976900 
41 -2.922900 
42 -2.938200 
43 -2.983400 
44 -3.055400 
45 -3.149200 
46 -3.257700 
47 -3.371400 
48 -3.643100 
49 -3.855500 
50 -3.700400 
51 -3.648200 
52 -3.660100 
53 -3.695700 
54 -3.754800 
55 -3.836800 
56 -3.849000 
57 -3.585100 
58 -3.210000 
59 -2.879500 
60 -2.651700 
61 -2.595300 
62 -2.750700 
63 -3.091400 
64 -3.554100 
65 -4.081600 
66 -4.628800 
67 -5.156100 
68 -5.624200 
69 -5.994000 
70 -6.231100 
71 -6.312800 
72 -6.206500 
73 -5.910400 
74 -5.481000 
75 -4.983500 
76 -4.476700 
77 -4.011300 
78 -3.635400 
79 -3.316300 
80 -2.924000 
81 -2.815300 
82 -3.096800 
83 -3.602800 
84 -4.208900 
85 -4.871100 
86 -5.571100 
87 -6.291400 
88 -5.750600 
89 -5.344500 
90 -5.091800 
91 -5.005900 

1 -5.031100 
2 -5.495500 
3 -6.311700 
4 -7.156900 
5 -7.950000 
6 -7.419600 
7 -6.631200 
8 -5.964400 
9 -6.749100 
10 -8.024900 
11 -8.828500 
12 -8.463100 
13 -7.780200 
14 -7.040200 
15 -6.297700 
16 -5.571100 
17 -4.871100 
18 -4.208900 
19 -3.602800 
20 -3.096800 
21 -2.815300 
22 -2.924000 
23 -3.316300 
24 -3.816200 
25 -4.345800 
26 -4.864400 
27 -5.340700 
28 -5.745800 
29 -6.054400 
30 -6.247300 
31 -6.312800 
32 -6.155800 
33 -5.756000 
34 -5.240800 
35 -4.703800 
36 -4.199300 
37 -3.758500 
38 -3.400500 
39 -3.137500 
40 -2.976900 
41 -2.922900 
42 -3.053500 
43 -3.330800 
44 -3.631800 
45 -3.920900 
46 -4.193900 
47 -4.448600 
48 -4.108400 
49 -4.393200 
50 -4.873100 
51 -5.031100 
52 -4.980100 
53 -4.828100 
54 -4.580000 
55 -4.247600 
56 -3.941000 
57 -3.828100 
58 -3.911200 
59 -4.016000 
60 -4.144300 
61 -4.297500 
62 -4.475800 
63 -4.678500 
64 -4.903800 
65 -5.147700 
66 -5.404000 
67 -5.662600 
68 -5.907600 
69 -6.116700 
70 -6.260800 
71 -6.312800 
72 -6.247300 
73 -6.054400 
74 -5.745800 
75 -5.340700 
76 -4.864400 
77 -4.345800 
78 -3.816200 
79 -3.316300 
80 -2.924000 
81 -2.815300 
82 -3.096800 
83 -3.602800 
84 -4.208900 
85 -4.871100 
86 -5.571100 
87 -6.297700 
88 -7.040200 
89 -7.780200 
90 -8.463100 
91 -8.828500 

1 -5.031100 
2 -5.495500 
3 -6.311700 
4 -7.156900 
5 -7.950000 
6 -8.648200 
7 -8.728000 
8 -8.768100 
9 -8.800300 
10 -8.821200 
11 -8.828500 
12 -8.463100 
13 -7.780200 
14 -7.040200 
15 -6.297700 
16 -6.938000 
17 -6.215100 
18 -5.369100 
19 -4.610200 
20 -3.988100 
21 -3.557800 
22 -3.361400 
23 -3.400500 
24 -3.816200 
25 -4.345800 
26 -4.864400 
27 -5.340700 
28 -5.745800 
29 -6.054400 
30 -6.247300 
31 -6.312800 
32 -6.321800 
33 -6.348000 
34 -6.389400 
35 -6.442500 
36 -6.502500 
37 -6.564000 
38 -6.620700 
39 -6.666700 
40 -6.696600 
41 -6.707000 
42 -6.585700 
43 -6.261100 
44 -5.817700 
45 -5.334200 
46 -4.866500 
47 -4.450300 
48 -4.677000 
49 -4.863300 
50 -4.987300 
51 -5.031100 
52 -4.982200 
53 -4.838900 
54 -4.611000 
55 -4.312800 
56 -3.963000 
57 -4.066400 
58 -4.211700 
59 -4.375200 
60 -4.554900 
61 -4.748100 
62 -4.951500 
63 -5.161300 
64 -5.372600 
65 -5.579600 
66 -5.775400 
67 -5.952300 
68 -6.102000 
69 -6.216300 
70 -6.288300 
71 -6.312800 
72 -6.247300 
73 -6.054400 
74 -5.745800 
75 -5.340700 
76 -4.864400 
77 -4.345800 
78 -3.816200 
79 -3.400500 
80 -3.361400 
81 -3.557800 
82 -3.988100 
83 -4.610200 
84 -5.369100 
85 -6.215100 
86 -6.938000 
87 -6.297700 
88 -7.040200 
89 -7.780200 
90 -8.463100 
91 -8.828500 

1 -8.547100 
2 -8.553700 
3 -8.572800 
4 -8.602800 
5 -8.304200 
6 -8.648200 
7 -9.227400 
8 -9.678500 
9 -10.000600 
10 -10.194100 
11 -10.258800 
12 -10.074300 
13 -9.569200 
14 -8.846100 
15 -8.002400 
16 -7.117500 
17 -7.695100 
18 -8.502400 
19 -9.329300 
20 -10.105100 
21 -10.722600 
22 -11.086200 
23 -11.206200 
24 -11.176800 
25 -11.082800 
26 -10.975400 
27 -10.883700 
28 -10.824200 
29 -10.801900 
30 -10.806600 
31 -10.813200 
32 -10.537300 
33 -9.892800 
34 -9.145100 
35 -8.457300 
36 -7.945500 
37 -7.723900 
38 -7.888500 
39 -8.438800 
40 -9.196200 
41 -9.106300 
42 -9.254800 
43 -9.582800 
44 -9.492100 
45 -9.331700 
46 -9.094900 
47 -8.819200 
48 -8.585900 
49 -8.478400 
50 -8.506000 
51 -8.547100 
52 -8.522600 
53 -8.465200 
54 -8.409400 
55 -8.384700 
56 -8.405900 
57 -8.475500 
58 -8.589700 
59 -8.742700 
60 -8.928200 
61 -9.139700 
62 -9.370200 
63 -9.611800 
64 -9.855200 
65 -10.089800 
66 -10.304200 
67 -10.457500 
68 -10.563100 
69 -10.677200 
70 -10.773900 
71 -10.813200 
72 -10.806600 
73 -10.801900 
74 -10.824200 
75 -10.883700 
76 -10.975400 
77 -11.082800 
78 -11.176800 
79 -11.206200 
80 -11.086200 
81 -10.722600 
82 -10.105100 
83 -9.329300 
84 -8.502400 
85 -7.695100 
86 -7.117500 
87 -8.002400 
88 -8.846100 
89 -9.569200 
90 -10.074300 
91 -10.258800 

1 -11.730000 
2 -11.203100 
3 -10.254200 
4 -9.260400 
5 -8.641100 
6 -8.684200 
7 -9.227400 
8 -9.678500 
9 -10.000600 
10 -10.194100 
11 -10.258800 
12 -10.623300 
13 -11.298200 
24 -11.845300 
25 -11.596700 
26 -11.374800 
27 -11.183400 
28 -11.027000 
29 -10.910200 
30 -10.837800 
31 -10.813200 
32 -10.981600 
33 -11.408800 
34 -11.952200 
36 -11.200400 
37 -10.480500 
38 -9.896400 
39 -9.463500 
40 -9.196500 
41 -9.638500 
42 -9.626000 
43 -9.676300 
44 -10.304600 
45 -11.044200 
46 -11.781500 
47 -11.930400 
48 -11.931200 
50 -11.802800 
51 -11.730000 
52 -11.763100 
53 -11.760600 
54 -11.390000 
55 -10.950900 
56 -10.585700 
57 -10.310700 
58 -10.124200 
59 -10.017800 
60 -9.979200 
61 -9.993900 
62 -10.045700 
63 -10.118900 
64 -10.200100 
65 -10.282200 
66 -10.365800 
67 -10.487600 
68 -10.632000 
69 -10.733900 
70 -10.793700 
71 -10.813200 
72 -10.837800 
73 -10.910200 
74 -11.027000 
75 -11.183400 
76 -11.374800 
77 -11.596700 
78 -11.845300 
89 -11.298200 
90 -10.623300 
91 -10.258800 

9 -11.851600 
10 -10.943900 
11 -10.258800 
12 -10.623300 
13 -11.298200 
24 -11.845300 
25 -11.596700 
26 -11.374800 
27 -11.183400 
28 -11.027000 
29 -10.910200 
30 -10.837800 
31 -10.813200 
32 -10.981600 
33 -11.408800 
34 -11.952200 
68 -11.533500 
69 -11.149900 
70 -10.900400 
71 -10.813200 
72 -10.837800 
73 -10.910200 
74 -11.027000 
75 -11.183400 
76 -11.374800 
77 -11.596700 
78 -11.845300 
89 -11.298200 
90 -10.623300 
91 -10.258800 














