1 22.536500 
2 22.533400 
3 22.524300 
4 22.510100 
5 22.492100 
6 22.472000 
7 22.451700 
8 22.433400 
9 22.418800 
10 22.409400 
11 22.406200 
12 22.403200 
13 22.394200 
14 22.379300 
15 22.358600 
16 22.331900 
17 22.299200 
18 22.260700 
19 22.216700 
20 22.167600 
21 22.114100 
22 22.057100 
23 21.998000 
24 21.938500 
25 21.880400 
26 21.825700 
27 21.776900 
28 21.736100 
29 21.705300 
30 21.686100 
31 21.679600 
32 21.706400 
33 21.783500 
34 21.901400 
35 22.046300 
36 22.202500 
37 22.354500 
38 22.488200 
39 22.592100 
40 22.657900 
41 22.680400 
42 22.676900 
43 22.666900 
44 22.651200 
45 22.631400 
46 22.609200 
47 22.587000 
48 22.566700 
49 22.550600 
50 22.540100 
51 22.536500 
52 22.532400 
53 22.520100 
54 22.499500 
55 22.471100 
56 22.435000 
57 22.391400 
58 22.341200 
59 22.285000 
60 22.223700 
61 22.158600 
62 22.091100 
63 22.022700 
64 21.955400 
65 21.891200 
66 21.832100 
67 21.780300 
68 21.737700 
69 21.705800 
70 21.686200 
71 21.679600 
72 21.686100 
73 21.705300 
74 21.736100 
75 21.776900 
76 21.825700 
77 21.880400 
78 21.938500 
79 21.998000 
80 22.057100 
81 22.114100 
82 22.167600 
83 22.216700 
84 22.260700 
85 22.299200 
86 22.331900 
87 22.358600 
88 22.379300 
89 22.394200 
90 22.403200 
91 22.406200 

1 22.536500 
2 22.533400 
3 22.524300 
4 22.510100 
5 22.492100 
6 22.472000 
7 22.451700 
8 22.433400 
9 22.418800 
10 22.409400 
11 22.406200 
12 22.402300 
13 22.390800 
14 22.371800 
15 22.345700 
16 22.312800 
17 22.273600 
18 22.228900 
19 22.179400 
20 22.126100 
21 22.070200 
22 22.013000 
23 21.955800 
24 21.900300 
25 21.848000 
26 21.800300 
27 21.759000 
28 21.725200 
29 21.700200 
30 21.684800 
31 21.679600 
32 21.677400 
33 21.670800 
34 21.660700 
35 21.647900 
36 21.633600 
37 21.619200 
38 21.606200 
39 21.595900 
40 21.589300 
41 21.587000 
42 21.612200 
43 21.684900 
44 21.796100 
45 21.933200 
46 22.081400 
47 22.225800 
48 22.353200 
49 22.452300 
50 22.515100 
51 22.536500 
52 22.531600 
53 22.517200 
54 22.493400 
55 22.460700 
56 22.419700 
57 22.371500 
58 22.316700 
59 22.256700 
60 22.192700 
61 22.126400 
62 22.059000 
63 21.992500 
64 21.928500 
65 21.868700 
66 21.814700 
67 21.768100 
68 21.730300 
69 21.702400 
70 21.685400 
71 21.679600 
72 21.684800 
73 21.700200 
74 21.725200 
75 21.759000 
76 21.800300 
77 21.848000 
78 21.900300 
79 21.955800 
80 22.013000 
81 22.070200 
82 22.126100 
83 22.179400 
84 22.228900 
85 22.273600 
86 22.312800 
87 22.345700 
88 22.371800 
89 22.390800 
90 22.402300 
91 22.406200 

1 21.499200 
2 21.523300 
3 21.592300 
4 21.698200 
5 21.828700 
6 21.970200 
7 22.108300 
8 22.230100 
9 22.325100 
10 22.385500 
11 22.406200 
12 22.402300 
13 22.390800 
14 22.371800 
15 22.345700 
16 22.312800 
17 22.273600 
18 22.228900 
19 22.179400 
20 22.126100 
21 22.070200 
22 22.013000 
23 21.955800 
24 21.900300 
25 21.848000 
26 21.800300 
27 21.759000 
28 21.725200 
29 21.700200 
30 21.684800 
31 21.679600 
32 21.677400 
33 21.670800 
34 21.660700 
35 21.647900 
36 21.633600 
37 21.619200 
38 21.606200 
39 21.595900 
40 21.589300 
41 21.587000 
42 21.584800 
43 21.578700 
44 21.569100 
45 21.557000 
46 21.543400 
47 21.529900 
48 21.517600 
49 21.507800 
50 21.501500 
51 21.499200 
52 21.500400 
53 21.503600 
54 21.509000 
55 21.516300 
56 21.525400 
57 21.536100 
58 21.548000 
59 21.561000 
60 21.574700 
61 21.588800 
62 21.602900 
63 21.616700 
64 21.629800 
65 21.642000 
66 21.652800 
67 21.662100 
68 21.669600 
69 21.675100 
70 21.678500 
71 21.679600 
72 21.684800 
73 21.700200 
74 21.725200 
75 21.759000 
76 21.800300 
77 21.848000 
78 21.900300 
79 21.955800 
80 22.013000 
81 22.070200 
82 22.126100 
83 22.179400 
84 22.228900 
85 22.273600 
86 22.312800 
87 22.345700 
88 22.371800 
89 22.390800 
90 22.402300 
91 22.406200 

1 2.133900 
2 2.109500 
3 2.037400 
4 1.920200 
5 1.762900 
6 1.573900 
7 1.365800 
8 1.157200 
9 0.973300 
10 0.844400 
11 0.797700 
12 0.807900 
13 0.835200 
14 0.871500 
15 0.907800 
16 0.939000 
17 0.967200 
18 1.004900 
19 1.077100 
20 1.217700 
21 1.455400 
22 1.792200 
23 2.199500 
24 2.636500 
25 3.066900 
26 3.464000 
27 3.809000 
28 4.088900 
29 4.294700 
30 4.420400 
31 4.462700 
32 4.406700 
33 4.244500 
34 3.991900 
35 3.670600 
36 3.303200 
37 2.911600 
38 2.519400 
39 2.159600 
40 1.887800 
41 1.782200 
42 1.714100 
43 1.524100 
44 1.253000 
45 0.955000 
46 1.046700 
47 1.414700 
48 1.719600 
49 1.946800 
50 2.086700 
51 2.133900 
52 2.110400 
53 2.041300 
54 1.932100 
55 1.794800 
56 1.653900 
57 1.558600 
58 1.575400 
59 1.725500 
60 1.969100 
61 2.264300 
62 2.584000 
63 2.909900 
64 3.227900 
65 3.526400 
66 3.795400 
67 4.026600 
68 4.213500 
69 4.350700 
70 4.434500 
71 4.462700 
72 4.420400 
73 4.294700 
74 4.088900 
75 3.809000 
76 3.464000 
77 3.066900 
78 2.636500 
79 2.199500 
80 1.792200 
81 1.455400 
82 1.217700 
83 1.077100 
84 1.004900 
85 0.967200 
86 0.939000 
87 0.907800 
88 0.871500 
89 0.835200 
90 0.807900 
91 0.797700 

1 -0.114200 
2 -0.223200 
3 -0.546900 
4 -1.074900 
5 -1.065500 
6 -0.516400 
7 -0.053800 
8 0.314100 
9 0.581300 
10 0.743400 
11 0.797700 
12 0.769600 
13 0.685600 
14 0.547000 
15 0.355800 
16 0.115600 
17 -0.167500 
18 -0.482800 
19 -0.807300 
20 -1.084900 
21 -1.192500 
22 -1.045100 
23 -0.752200 
24 -0.426200 
25 -0.114300 
26 0.164400 
27 0.400400 
28 0.588300 
29 0.724700 
30 0.807300 
31 0.835000 
32 0.818600 
33 0.770500 
34 0.693500 
35 0.592900 
36 0.476200 
37 0.353400 
38 0.236600 
39 0.139400 
40 0.074700 
41 0.052000 
42 -0.000600 
43 -0.163300 
44 0.218600 
45 0.637400 
46 0.671600 
47 0.419200 
48 0.203900 
49 0.034500 
50 -0.075700 
51 -0.114200 
52 -0.094800 
53 -0.038000 
54 0.052000 
55 0.165400 
56 0.281300 
57 0.357500 
58 0.339500 
59 0.227900 
60 0.096800 
61 0.023700 
62 0.040800 
63 0.129700 
64 0.255000 
65 0.389200 
66 0.516200 
67 0.627000 
68 0.716500 
69 0.781900 
70 0.821700 
71 0.835000 
72 0.807300 
73 0.724700 
74 0.588300 
75 0.400400 
76 0.164400 
77 -0.114300 
78 -0.426200 
79 -0.752200 
80 -1.045100 
81 -1.192500 
82 -1.084900 
83 -0.807300 
84 -0.482800 
85 -0.167500 
86 0.115600 
87 0.355800 
88 0.547000 
89 0.685600 
90 0.769600 
91 0.797700 

1 -3.600200 
2 -3.090000 
3 -2.375400 
4 -1.690300 
5 -1.065500 
6 -0.516400 
7 -0.053800 
8 0.314100 
9 0.581300 
10 0.743400 
11 0.797700 
12 0.769600 
13 0.685600 
14 0.547000 
15 0.355800 
16 0.115600 
17 -0.167500 
18 -0.482800 
19 -0.807300 
20 -1.084900 
21 -1.192500 
22 -1.045100 
23 -0.752200 
24 -0.426200 
25 -0.114300 
26 0.164400 
27 0.400400 
28 0.588300 
29 0.724700 
30 0.807300 
31 0.835000 
32 0.777800 
33 0.609800 
34 0.344300 
35 0.011700 
36 -0.331900 
37 -0.604800 
38 -0.732200 
39 -0.705200 
40 -0.603600 
41 -0.548600 
42 -0.443200 
43 -0.166300 
44 -0.468000 
45 -0.929300 
46 -1.546800 
47 -2.273200 
48 -3.023800 
49 -3.528500 
50 -3.581500 
51 -3.600200 
52 -3.603500 
53 -3.614200 
54 -3.633300 
55 -3.589100 
56 -3.247400 
57 -2.871500 
58 -2.476400 
59 -2.074600 
60 -1.676200 
61 -1.289700 
62 -0.921800 
63 -0.578400 
64 -0.264300 
65 0.016300 
66 0.260000 
67 0.463500 
68 0.624500 
69 0.741000 
70 0.811500 
71 0.835000 
72 0.807300 
73 0.724700 
74 0.588300 
75 0.400400 
76 0.164400 
77 -0.114300 
78 -0.426200 
79 -0.752200 
80 -1.045100 
81 -1.192500 
82 -1.084900 
83 -0.807300 
84 -0.482800 
85 -0.167500 
86 0.115600 
87 0.355800 
88 0.547000 
89 0.685600 
90 0.769600 
91 0.797700 

1 -3.600200 
2 -3.090000 
3 -2.375400 
4 -1.690300 
5 -1.791700 
6 -2.677300 
7 -3.707500 
8 -4.853600 
9 -5.729500 
10 -5.410800 
11 -5.300600 
12 -5.383600 
13 -5.627600 
14 -6.019000 
15 -5.712900 
16 -5.054300 
17 -4.429000 
18 -3.848600 
19 -3.335500 
20 -2.943700 
21 -2.792900 
22 -2.963100 
23 -3.178300 
24 -3.467200 
25 -3.858300 
26 -4.312800 
27 -4.791800 
28 -5.251300 
29 -5.639400 
30 -5.901700 
31 -5.994600 
32 -5.858500 
33 -5.507000 
34 -5.047300 
35 -4.563000 
36 -4.105000 
37 -3.703400 
38 -3.376600 
39 -3.136100 
40 -2.989200 
41 -2.939800 
42 -2.954100 
43 -2.995700 
44 -3.062000 
45 -3.148100 
46 -3.247300 
47 -3.350800 
48 -3.448200 
49 -3.684600 
50 -3.647800 
51 -3.600200 
52 -3.611300 
53 -3.644600 
54 -3.699700 
55 -3.623600 
56 -3.322600 
57 -3.015900 
58 -2.733900 
59 -2.514800 
60 -2.406800 
61 -2.456900 
62 -2.678600 
63 -3.039300 
64 -3.489800 
65 -3.986100 
66 -4.491400 
67 -4.971200 
68 -5.390800 
69 -5.717300 
70 -5.924000 
71 -5.994600 
72 -5.901700 
73 -5.639400 
74 -5.251300 
75 -4.791800 
76 -4.312800 
77 -3.858300 
78 -3.467200 
79 -3.178300 
80 -2.963100 
81 -2.792900 
82 -2.943700 
83 -3.335500 
84 -3.848600 
85 -4.429000 
86 -5.054300 
87 -5.712900 
88 -6.019000 
89 -5.627600 
90 -5.383600 
91 -5.300600 

1 -4.291300 
2 -4.814800 
3 -5.566200 
4 -6.303300 
5 -6.984600 
6 -7.586400 
7 -6.872500 
8 -6.227900 
9 -6.077100 
10 -7.313900 
11 -8.207600 
12 -7.772200 
13 -7.091900 
14 -6.395800 
15 -5.712900 
16 -5.054300 
17 -4.429000 
18 -3.848600 
19 -3.335500 
20 -2.943700 
21 -2.792900 
22 -2.963100 
23 -3.337200 
24 -3.792800 
25 -4.269400 
26 -4.731700 
27 -5.151800 
28 -5.505500 
29 -5.772500 
30 -5.938400 
31 -5.994600 
32 -5.858500 
33 -5.507000 
34 -5.047300 
35 -4.563000 
36 -4.105000 
37 -3.703400 
38 -3.376600 
39 -3.136100 
40 -2.989200 
41 -2.939800 
42 -2.988200 
43 -3.112500 
44 -3.277900 
45 -3.462300 
46 -3.654100 
47 -3.843600 
48 -4.018100 
49 -3.789400 
50 -4.134100 
51 -4.291300 
52 -4.243400 
53 -4.102900 
54 -3.879900 
55 -3.662800 
56 -3.704900 
57 -3.762100 
58 -3.836900 
59 -3.931500 
60 -4.047400 
61 -4.185900 
62 -4.347400 
63 -4.531000 
64 -4.735000 
65 -4.955600 
66 -5.186900 
67 -5.419100 
68 -5.637800 
69 -5.822800 
70 -5.949300 
71 -5.994600 
72 -5.938400 
73 -5.772500 
74 -5.505500 
75 -5.151800 
76 -4.731700 
77 -4.269400 
78 -3.792800 
79 -3.337200 
80 -2.963100 
81 -2.792900 
82 -2.943700 
83 -3.335500 
84 -3.848600 
85 -4.429000 
86 -5.054300 
87 -5.712900 
88 -6.395800 
89 -7.091900 
90 -7.772200 
91 -8.207600 

1 -4.291300 
2 -4.814800 
3 -5.566200 
4 -6.303300 
5 -6.984600 
6 -7.586400 
7 -8.093500 
8 -8.157200 
9 -8.184200 
10 -8.201600 
11 -8.207600 
12 -7.772200 
13 -7.091900 
14 -6.395800 
15 -6.537900 
16 -5.965400 
17 -5.152400 
18 -4.410300 
19 -3.785900 
20 -3.327800 
21 -3.074400 
22 -3.033300 
23 -3.337200 
24 -3.792800 
25 -4.269400 
26 -4.731700 
27 -5.151800 
28 -5.505500 
29 -5.772500 
30 -5.938400 
31 -5.994600 
32 -6.002500 
33 -6.025500 
34 -6.061700 
35 -6.108100 
36 -6.160400 
37 -6.213700 
38 -6.262700 
39 -6.302200 
40 -6.327900 
41 -6.336800 
42 -6.232700 
43 -5.951100 
44 -5.560700 
45 -5.129400 
46 -4.708200 
47 -4.331000 
48 -4.020000 
49 -4.161900 
50 -4.257600 
51 -4.291300 
52 -4.243700 
53 -4.106000 
54 -3.892500 
55 -3.776000 
56 -3.872900 
57 -3.989200 
58 -4.123500 
59 -4.274100 
60 -4.438900 
61 -4.615100 
62 -4.799700 
63 -4.988600 
64 -5.177400 
65 -5.360700 
66 -5.532500 
67 -5.686200 
68 -5.815100 
69 -5.912800 
70 -5.973800 
71 -5.994600 
72 -5.938400 
73 -5.772500 
74 -5.505500 
75 -5.151800 
76 -4.731700 
77 -4.269400 
78 -3.792800 
79 -3.337200 
80 -3.033300 
81 -3.074400 
82 -3.327800 
83 -3.785900 
84 -4.410300 
85 -5.152400 
86 -5.965400 
87 -6.537900 
88 -6.395800 
89 -7.091900 
90 -7.772200 
91 -8.207600 

1 -7.970700 
2 -7.976200 
3 -7.992500 
4 -8.017900 
5 -8.050400 
6 -7.632000 
7 -8.093500 
8 -8.497000 
9 -8.790900 
10 -8.970100 
11 -9.030400 
12 -8.840700 
13 -8.330100 
14 -7.617000 
15 -6.805800 
16 -7.165200 
17 -7.870300 
18 -8.619700 
19 -9.359800 
20 -10.007800 
21 -10.464900 
22 -10.687100 
23 -10.726000 
24 -10.666100 
25 -10.571500 
26 -10.482200 
27 -10.423300 
28 -10.410300 
29 -10.444500 
30 -10.502100 
31 -10.531700 
32 -10.248200 
33 -9.596900 
34 -8.853000 
35 -8.176400 
36 -7.674800 
37 -7.444800 
38 -7.553100 
39 -7.974500 
40 -8.528700 
41 -8.819400 
42 -8.815100 
43 -8.798800 
44 -8.760500 
45 -8.683900 
46 -8.552800 
47 -8.370300 
48 -8.177400 
49 -8.036500 
50 -7.978600 
51 -7.970700 
52 -7.972900 
53 -7.983400 
54 -8.010600 
55 -8.062400 
56 -8.143700 
57 -8.255600 
58 -8.397100 
59 -8.565200 
60 -8.756400 
61 -8.966000 
62 -9.188600 
63 -9.417500 
64 -9.644800 
65 -9.861700 
66 -9.960100 
67 -10.068100 
68 -10.202400 
69 -10.351700 
70 -10.479500 
71 -10.531700 
72 -10.502100 
73 -10.444500 
74 -10.410300 
75 -10.423300 
76 -10.482200 
77 -10.571500 
78 -10.666100 
79 -10.726000 
80 -10.687100 
81 -10.464900 
82 -10.007800 
83 -9.359800 
84 -8.619700 
85 -7.870300 
86 -7.165200 
87 -6.805800 
88 -7.617000 
89 -8.330100 
90 -8.840700 
91 -9.030400 

1 -11.456500 
2 -11.081800 
3 -10.284000 
4 -9.378200 
5 -8.477800 
6 -8.086700 
7 -8.123600 
8 -8.497000 
9 -8.790900 
10 -8.970100 
11 -9.030400 
12 -9.466300 
13 -10.144100 
14 -10.820900 
15 -11.441000 
16 -11.951500 
22 -11.869300 
23 -11.639600 
24 -11.416500 
25 -11.207800 
26 -11.018800 
27 -10.854100 
28 -10.718400 
29 -10.616500 
30 -10.553200 
31 -10.531700 
32 -10.686700 
33 -11.090500 
34 -11.626200 
36 -11.611700 
37 -10.906100 
38 -10.334600 
39 -9.911800 
40 -9.651400 
41 -9.563300 
42 -9.695200 
43 -10.068300 
44 -10.622200 
45 -11.273400 
46 -11.594400 
47 -11.276700 
48 -11.167700 
49 -11.263600 
50 -11.520000 
51 -11.456500 
52 -11.464700 
53 -11.212200 
54 -10.843300 
55 -10.499200 
56 -10.210900 
57 -9.988200 
58 -9.831200 
59 -9.734500 
60 -9.689000 
61 -9.684000 
62 -9.708100 
63 -9.751200 
64 -9.807300 
65 -9.875500 
66 -10.058600 
67 -10.227100 
68 -10.360800 
69 -10.456200 
70 -10.513000 
71 -10.531700 
72 -10.553200 
73 -10.616500 
74 -10.718400 
75 -10.854100 
76 -11.018800 
77 -11.207800 
78 -11.416500 
79 -11.639600 
80 -11.869300 
86 -11.951500 
87 -11.441000 
88 -10.820900 
89 -10.144100 
90 -9.466300 
91 -9.030400 

1 -11.759300 
2 -11.761900 
3 -11.767200 
4 -11.767000 
5 -11.745600 
6 -11.675600 
7 -11.512100 
8 -11.187000 
9 -10.621900 
10 -9.791300 
11 -9.030400 
12 -9.466300 
13 -10.144100 
14 -10.820900 
15 -11.441000 
16 -11.951500 
22 -11.869300 
23 -11.639600 
24 -11.416500 
25 -11.207800 
26 -11.018800 
27 -10.854100 
28 -10.718400 
29 -10.616500 
30 -10.553200 
31 -10.531700 
32 -10.686700 
33 -11.090500 
34 -11.626200 
46 -11.923400 
48 -11.954100 
49 -11.698200 
50 -11.539200 
51 -11.759300 
52 -11.649000 
53 -11.713200 
54 -11.936400 
67 -11.652000 
68 -11.196400 
69 -10.840900 
70 -10.611500 
71 -10.531700 
72 -10.553200 
73 -10.616500 
74 -10.718400 
75 -10.854100 
76 -11.018800 
77 -11.207800 
78 -11.416500 
79 -11.639600 
80 -11.869300 
86 -11.951500 
87 -11.441000 
88 -10.820900 
89 -10.144100 
90 -9.466300 
91 -9.030400 












