1 11.080100 
2 11.083100 
3 11.092100 
4 11.106100 
5 11.123100 
6 11.142100 
7 11.160100 
8 11.177100 
9 11.190100 
10 11.199100 
11 11.201100 
12 11.254100 
13 11.404100 
14 11.631100 
15 11.912100 
16 12.225100 
17 12.553100 
18 12.884100 
19 13.209100 
20 13.521100 
21 13.815100 
22 14.088100 
23 14.337100 
24 14.560100 
25 14.755100 
26 14.922100 
27 15.060100 
28 15.167100 
29 15.244100 
30 15.290100 
31 15.306100 
32 15.294100 
33 15.260100 
34 15.202100 
35 15.122100 
36 15.019100 
37 14.895100 
38 14.749100 
39 14.584100 
40 14.400100 
41 14.200100 
42 13.985100 
43 13.760100 
44 13.527100 
45 13.293100 
46 13.065100 
47 12.853100 
48 12.666100 
49 12.519100 
50 12.425100 
51 12.392100 
52 12.373100 
53 12.317100 
54 12.225100 
55 12.102100 
56 11.953100 
57 11.786100 
58 11.612100 
59 11.448100 
60 11.314100 
61 11.236100 
62 11.319100 
63 11.448100 
64 11.627100 
65 11.854100 
66 12.120100 
67 12.416100 
68 12.730100 
69 13.050100 
70 13.368100 
71 13.675100 
72 13.965100 
73 14.233100 
74 14.477100 
75 14.692100 
76 14.877100 
77 15.030100 
78 15.150100 
79 15.237100 
80 15.289100 
81 15.306100 
82 15.294100 
83 15.260100 
84 15.202100 
85 15.122100 
86 15.019100 
87 14.895100 
88 14.749100 
89 14.584100 
90 14.400100 
91 14.200100 
92 13.985100 
93 13.760100 
94 13.527100 
95 13.293100 
96 13.065100 
97 12.853100 
98 12.666100 
99 12.519100 
100 12.425100 
101 12.392100 

1 3.728100 
2 4.017100 
3 4.280100 
4 4.514100 
5 4.718100 
6 4.892100 
7 5.035100 
8 5.146100 
9 5.226100 
10 5.274100 
11 5.290100 
12 5.218100 
13 5.009100 
14 4.686100 
15 4.273100 
16 3.793100 
17 3.267100 
18 2.710100 
19 2.134100 
20 1.549100 
21 0.964100 
22 0.388100 
23 -0.170900 
24 -0.702900 
25 -1.199900 
26 -1.649900 
27 -2.041900 
28 -2.362900 
29 -2.601900 
30 -2.748900 
31 -2.798900 
32 -2.725900 
33 -2.509900 
34 -2.168900 
35 -1.724900 
36 -1.200900 
37 -0.619900 
38 -0.001900 
39 0.636100 
40 1.282100 
41 1.923100 
42 2.551100 
43 3.156100 
44 3.730100 
45 4.264100 
46 4.750100 
47 5.175100 
48 5.528100 
49 5.795100 
50 5.962100 
51 6.019100 
52 5.996100 
53 5.927100 
54 5.813100 
55 5.655100 
56 5.453100 
57 5.212100 
58 4.938100 
59 4.653100 
60 4.442100 
61 4.493100 
62 4.237100 
63 4.009100 
64 4.112100 
65 4.101100 
66 3.979100 
67 3.758100 
68 3.449100 
69 3.063100 
70 2.611100 
71 2.103100 
72 1.548100 
73 0.958100 
74 0.343100 
75 -0.281900 
76 -0.898900 
77 -1.484900 
78 -2.006900 
79 -2.426900 
80 -2.702900 
81 -2.798900 
82 -2.725900 
83 -2.509900 
84 -2.168900 
85 -1.724900 
86 -1.200900 
87 -0.619900 
88 -0.001900 
89 0.636100 
90 1.282100 
91 1.923100 
92 2.551100 
93 3.156100 
94 3.730100 
95 4.264100 
96 4.750100 
97 5.175100 
98 5.528100 
99 5.795100 
100 5.962100 
101 6.019100 

1 3.728100 
2 3.415100 
3 3.081100 
4 2.730100 
5 2.371100 
6 2.013100 
7 1.669100 
8 1.360100 
9 1.109100 
10 0.943100 
11 0.885100 
12 0.870100 
13 0.825100 
14 0.749100 
15 0.645100 
16 0.511100 
17 0.349100 
18 0.161100 
19 -0.052900 
20 -0.289900 
21 -0.547900 
22 -0.822900 
23 -1.109900 
24 -1.404900 
25 -1.698900 
26 -1.981900 
27 -2.243900 
28 -2.470900 
29 -2.647900 
30 -2.760900 
31 -2.798900 
32 -2.787900 
33 -2.755900 
34 -2.703900 
35 -2.635900 
36 -2.553900 
37 -2.461900 
38 -2.363900 
39 -2.261900 
40 -2.160900 
41 -2.061900 
42 -1.968900 
43 -1.880900 
44 -1.801900 
45 -1.730900 
46 -1.669900 
47 -1.619900 
48 -1.579900 
49 -1.551900 
50 -1.533900 
51 -1.528900 
52 -1.380900 
53 -0.971900 
54 -0.374900 
55 0.330100 
56 1.081100 
57 1.827100 
58 2.527100 
59 3.128100 
60 3.514100 
61 3.470100 
62 3.792100 
63 3.946100 
64 3.622100 
65 3.265100 
66 2.877100 
67 2.459100 
68 2.015100 
69 1.548100 
70 1.063100 
71 0.565100 
72 0.064100 
73 -0.430900 
74 -0.909900 
75 -1.360900 
76 -1.768900 
77 -2.123900 
78 -2.411900 
79 -2.624900 
80 -2.754900 
81 -2.798900 
82 -2.787900 
83 -2.755900 
84 -2.703900 
85 -2.635900 
86 -2.553900 
87 -2.461900 
88 -2.363900 
89 -2.261900 
90 -2.160900 
91 -2.061900 
92 -1.968900 
93 -1.880900 
94 -1.801900 
95 -1.730900 
96 -1.669900 
97 -1.619900 
98 -1.579900 
99 -1.551900 
100 -1.533900 
101 -1.528900 

1 1.955100 
2 1.933100 
3 1.868100 
4 1.765100 
5 1.629100 
6 1.471100 
7 1.303100 
8 1.142100 
9 1.008100 
10 0.917100 
11 0.885100 
12 0.870100 
13 0.825100 
14 0.749100 
15 0.645100 
16 0.511100 
17 0.349100 
18 0.161100 
19 -0.052900 
20 -0.289900 
21 -0.547900 
22 -0.822900 
23 -1.109900 
24 -1.404900 
25 -1.698900 
26 -1.981900 
27 -2.243900 
28 -2.470900 
29 -2.647900 
30 -2.760900 
31 -2.798900 
32 -2.787900 
33 -2.755900 
34 -2.703900 
35 -2.635900 
36 -2.553900 
37 -2.461900 
38 -2.363900 
39 -2.261900 
40 -2.160900 
41 -2.061900 
42 -1.968900 
43 -1.880900 
44 -1.801900 
45 -1.730900 
46 -1.669900 
47 -1.619900 
48 -1.579900 
49 -1.551900 
50 -1.533900 
51 -1.528900 
52 -1.488900 
53 -1.376900 
54 -1.205900 
55 -0.994900 
56 -0.762900 
57 -0.527900 
58 -0.301900 
59 -0.096900 
60 0.081100 
61 0.226100 
62 0.024100 
63 -0.197900 
64 -0.436900 
65 -0.688900 
66 -0.948900 
67 -1.209900 
68 -1.465900 
69 -1.709900 
70 -1.933900 
71 -2.132900 
72 -2.303900 
73 -2.444900 
74 -2.555900 
75 -2.639900 
76 -2.700900 
77 -2.742900 
78 -2.770900 
79 -2.787900 
80 -2.796900 
81 -2.798900 
82 -2.787900 
83 -2.755900 
84 -2.703900 
85 -2.635900 
86 -2.553900 
87 -2.461900 
88 -2.363900 
89 -2.261900 
90 -2.160900 
91 -2.061900 
92 -1.968900 
93 -1.880900 
94 -1.801900 
95 -1.730900 
96 -1.669900 
97 -1.619900 
98 -1.579900 
99 -1.551900 
100 -1.533900 
101 -1.528900 

1 -12.873900 
2 -12.647900 
3 -12.076900 
4 -11.339900 
5 -10.490900 
6 -9.561900 
7 -8.754900 
8 -8.086900 
9 -7.580900 
10 -7.262900 
11 -7.154900 
12 -7.179900 
13 -7.256900 
14 -7.383900 
15 -7.560900 
16 -7.786900 
17 -8.058900 
18 -8.375900 
19 -8.732900 
20 -9.125900 
21 -9.547900 
22 -9.990900 
23 -10.443900 
24 -10.896900 
25 -11.333900 
26 -11.741900 
27 -12.103900 
28 -12.404900 
29 -12.630900 
30 -12.770900 
31 -12.818900 
32 -12.834900 
33 -12.878900 
34 -12.936900 
35 -12.995900 
36 -13.037900 
37 -13.053900 
38 -13.036900 
39 -12.985900 
40 -12.901900 
41 -12.792900 
42 -12.663900 
43 -12.523900 
44 -12.380900 
45 -12.241900 
46 -12.112900 
47 -12.000900 
48 -11.908900 
49 -11.840900 
50 -11.798900 
51 -11.784900 
52 -11.889900 
53 -11.779900 
54 -11.484900 
55 -11.099900 
56 -10.662900 
57 -10.206900 
58 -9.761900 
59 -9.353900 
60 -9.000900 
61 -8.718900 
62 -9.104900 
63 -9.530900 
64 -9.991900 
65 -10.481900 
66 -10.993900 
67 -11.516900 
68 -12.041900 
69 -12.555900 
70 -13.044900 
71 -13.489900 
72 -13.870900 
73 -13.600900 
74 -13.357900 
75 -13.170900 
76 -13.032900 
77 -12.938900 
78 -12.877900 
79 -12.841900 
80 -12.823900 
81 -12.818900 
82 -12.834900 
83 -12.878900 
84 -12.936900 
85 -12.995900 
86 -13.037900 
87 -13.053900 
88 -13.036900 
89 -12.985900 
90 -12.901900 
91 -12.792900 
92 -12.663900 
93 -12.523900 
94 -12.380900 
95 -12.241900 
96 -12.112900 
97 -12.000900 
98 -11.908900 
99 -11.840900 
100 -11.798900 
101 -11.784900 

1 -15.202900 
2 -13.893900 
3 -12.665900 
4 -11.528900 
5 -10.561900 
6 -9.811900 
7 -9.136900 
8 -8.570900 
9 -8.139900 
10 -7.870900 
11 -7.778900 
12 -7.825900 
13 -7.966900 
14 -8.199900 
15 -8.526900 
16 -8.942900 
17 -9.446900 
18 -10.033900 
19 -10.697900 
20 -11.427900 
21 -12.213900 
22 -13.038900 
23 -13.883900 
24 -14.726900 
25 -15.294900 
26 -14.590900 
27 -13.984900 
28 -13.490900 
29 -13.122900 
30 -12.895900 
31 -12.818900 
32 -12.849900 
33 -12.942900 
34 -13.088900 
35 -13.274900 
36 -13.477900 
37 -13.668900 
38 -13.808900 
39 -13.863900 
40 -13.819900 
41 -13.688900 
42 -13.499900 
43 -13.278900 
44 -13.047900 
45 -12.824900 
46 -12.621900 
47 -12.445900 
48 -12.303900 
49 -12.199900 
50 -12.136900 
51 -12.115900 
52 -12.134900 
53 -12.573900 
54 -13.129900 
55 -13.876900 
56 -14.792900 
57 -15.846900 
58 -16.111900 
59 -15.506900 
60 -14.596900 
61 -13.634900 
62 -15.072900 
63 -16.499900 
64 -17.587900 
65 -16.925900 
66 -16.361900 
67 -15.907900 
68 -15.572900 
69 -15.227900 
70 -14.714900 
71 -14.275900 
72 -13.904900 
73 -14.158900 
74 -14.202900 
75 -13.834900 
76 -13.523900 
77 -13.269900 
78 -13.071900 
79 -12.930900 
80 -12.846900 
81 -12.818900 
82 -12.849900 
83 -12.942900 
84 -13.088900 
85 -13.274900 
86 -13.477900 
87 -13.668900 
88 -13.808900 
89 -13.863900 
90 -13.819900 
91 -13.688900 
92 -13.499900 
93 -13.278900 
94 -13.047900 
95 -12.824900 
96 -12.621900 
97 -12.445900 
98 -12.303900 
99 -12.199900 
100 -12.136900 
101 -12.115900 

1 -15.202900 
2 -16.580900 
3 -18.007900 
4 -19.458900 
5 -20.692900 
6 -21.526900 
7 -22.277900 
8 -22.904900 
9 -23.375900 
10 -23.667900 
11 -23.766900 
12 -23.720900 
13 -23.584900 
14 -23.364900 
15 -23.072900 
16 -22.721900 
17 -22.326900 
18 -21.845900 
19 -20.840900 
20 -19.827900 
21 -18.828900 
22 -17.861900 
23 -16.941900 
24 -16.082900 
25 -15.294900 
26 -14.590900 
27 -13.984900 
28 -13.490900 
29 -13.122900 
30 -12.895900 
31 -12.818900 
32 -12.849900 
33 -12.942900 
34 -13.088900 
35 -13.274900 
36 -13.477900 
37 -13.668900 
38 -13.808900 
39 -13.863900 
40 -13.819900 
41 -13.688900 
42 -13.499900 
43 -13.278900 
44 -13.047900 
45 -12.824900 
46 -12.621900 
47 -12.445900 
48 -12.303900 
49 -12.199900 
50 -12.136900 
51 -12.115900 
52 -12.231900 
53 -12.587900 
54 -13.374900 
55 -14.316900 
56 -15.271900 
57 -16.006900 
58 -16.993900 
59 -18.162900 
60 -19.220900 
61 -19.985900 
62 -19.140900 
63 -18.332900 
64 -17.850900 
65 -18.035900 
66 -17.220900 
67 -16.479900 
68 -15.815900 
69 -15.360900 
70 -15.274900 
71 -15.313900 
72 -15.110900 
73 -14.628900 
74 -14.318900 
75 -14.317900 
76 -14.146900 
77 -13.841900 
78 -13.478900 
79 -13.140900 
80 -12.903900 
81 -12.818900 
82 -12.849900 
83 -12.942900 
84 -13.088900 
85 -13.274900 
86 -13.477900 
87 -13.668900 
88 -13.808900 
89 -13.863900 
90 -13.819900 
91 -13.688900 
92 -13.499900 
93 -13.278900 
94 -13.047900 
95 -12.824900 
96 -12.621900 
97 -12.445900 
98 -12.303900 
99 -12.199900 
100 -12.136900 
101 -12.115900 

1 -18.166900 
2 -18.408900 
3 -19.026900 
4 -19.831900 
5 -20.895900 
6 -22.272900 
7 -23.532900 
8 -24.608900 
9 -25.437900 
10 -25.960900 
11 -26.139900 
12 -26.031900 
13 -25.713900 
14 -25.204900 
15 -24.529900 
16 -23.721900 
17 -22.815900 
18 -21.845900 
19 -20.840900 
20 -19.827900 
21 -18.828900 
22 -17.861900 
23 -16.941900 
24 -16.082900 
25 -15.540900 
26 -16.297900 
27 -16.968900 
28 -17.525900 
29 -17.943900 
30 -18.202900 
31 -18.290900 
32 -18.266900 
33 -18.199900 
34 -18.098900 
35 -17.981900 
36 -17.875900 
37 -17.818900 
38 -17.853900 
39 -18.020900 
40 -18.337900 
41 -18.791900 
42 -19.353900 
43 -19.990900 
44 -20.667900 
45 -21.350900 
46 -22.008900 
47 -22.607900 
48 -23.114900 
49 -23.501900 
50 -23.744900 
51 -23.827900 
52 -23.670900 
53 -23.215900 
54 -22.512900 
55 -21.638900 
56 -20.718900 
57 -19.983900 
58 -19.838900 
59 -20.355900 
60 -21.113900 
61 -21.840900 
62 -20.840900 
63 -19.859900 
64 -18.918900 
65 -19.056900 
66 -19.094900 
67 -18.318900 
68 -17.580900 
69 -16.886900 
70 -16.241900 
71 -15.648900 
72 -15.470900 
73 -15.731900 
74 -16.078900 
75 -16.484900 
76 -16.918900 
77 -17.345900 
78 -17.727900 
79 -18.029900 
80 -18.223900 
81 -18.290900 
82 -18.266900 
83 -18.199900 
84 -18.098900 
85 -17.981900 
86 -17.875900 
87 -17.818900 
88 -17.853900 
89 -18.020900 
90 -18.337900 
91 -18.791900 
92 -19.353900 
93 -19.990900 
94 -20.667900 
95 -21.350900 
96 -22.008900 
97 -22.607900 
98 -23.114900 
99 -23.501900 
100 -23.744900 
101 -23.827900 

1 -26.152900 
2 -26.152900 
3 -26.151900 
4 -26.149900 
5 -26.148900 
6 -26.146900 
7 -26.144900 
8 -26.142900 
9 -26.140900 
10 -26.139900 
11 -26.139900 
12 -26.031900 
13 -25.713900 
14 -25.204900 
15 -24.529900 
16 -23.721900 
17 -22.815900 
18 -21.902900 
19 -21.464900 
20 -21.025900 
21 -20.597900 
22 -20.189900 
23 -19.810900 
24 -19.466900 
25 -19.161900 
26 -18.898900 
27 -18.681900 
28 -18.511900 
29 -18.388900 
30 -18.315900 
31 -18.290900 
32 -18.266900 
33 -18.199900 
34 -18.098900 
35 -17.981900 
36 -17.875900 
37 -17.818900 
38 -17.853900 
39 -18.020900 
40 -18.337900 
41 -18.791900 
42 -19.353900 
43 -19.990900 
44 -20.667900 
45 -21.350900 
46 -22.008900 
47 -22.607900 
48 -23.114900 
49 -23.501900 
50 -23.744900 
51 -23.827900 
52 -23.796900 
53 -23.707900 
54 -23.568900 
55 -23.390900 
56 -23.191900 
57 -22.991900 
58 -22.823900 
59 -22.734900 
60 -22.808900 
61 -23.161900 
62 -22.372900 
63 -21.553900 
64 -20.724900 
65 -19.900900 
66 -20.049900 
67 -20.772900 
68 -21.195900 
69 -21.318900 
70 -21.175900 
71 -20.820900 
72 -20.327900 
73 -19.774900 
74 -19.243900 
75 -18.808900 
76 -18.513900 
77 -18.355900 
78 -18.293900 
79 -18.281900 
80 -18.286900 
81 -18.290900 
82 -18.266900 
83 -18.199900 
84 -18.098900 
85 -17.981900 
86 -17.875900 
87 -17.818900 
88 -17.853900 
89 -18.020900 
90 -18.337900 
91 -18.791900 
92 -19.353900 
93 -19.990900 
94 -20.667900 
95 -21.350900 
96 -22.008900 
97 -22.607900 
98 -23.114900 
99 -23.501900 
100 -23.744900 
101 -23.827900 

