1 1.364900 
2 1.343300 
3 1.279200 
4 1.175400 
5 1.036600 
6 0.870700 
7 0.689200 
8 0.508800 
9 0.351400 
10 0.242100 
11 0.202800 
12 0.220600 
13 0.272900 
14 0.356600 
15 0.472000 
16 0.626300 
17 0.836000 
18 1.120300 
19 1.486800 
20 1.921400 
21 2.395200 
22 2.878500 
23 3.348000 
24 3.786900 
25 4.183600 
26 4.530100 
27 4.820300 
28 5.049900 
29 5.216100 
30 5.316500 
31 5.350100 
32 5.305400 
33 5.173400 
34 4.960000 
35 4.674800 
36 4.330600 
37 3.943700 
38 3.536400 
39 3.143900 
40 2.830900 
41 2.703400 
42 2.650300 
43 2.494800 
44 2.248800 
45 1.932500 
46 1.573600 
47 1.206500 
48 1.186300 
49 1.282000 
50 1.343600 
51 1.364900 
52 1.354800 
53 1.332200 
54 1.328500 
55 1.408200 
56 1.611100 
57 1.903400 
58 2.243200 
59 2.604700 
60 2.971800 
61 3.333100 
62 3.679800 
63 4.005200 
64 4.303800 
65 4.570900 
66 4.802900 
67 4.996800 
68 5.150000 
69 5.260800 
70 5.327700 
71 5.350100 
72 5.316500 
73 5.216100 
74 5.049900 
75 4.820300 
76 4.530100 
77 4.183600 
78 3.786900 
79 3.348000 
80 2.878500 
81 2.395200 
82 1.921400 
83 1.486800 
84 1.120300 
85 0.836000 
86 0.626300 
87 0.472000 
88 0.356600 
89 0.272900 
90 0.220600 
91 0.202800 

1 0.351900 
2 0.271300 
3 0.030900 
4 -0.365100 
5 -0.910200 
6 -0.696100 
7 -0.382300 
8 -0.130600 
9 0.053300 
10 0.165100 
11 0.202800 
12 0.180600 
13 0.114600 
14 0.006400 
15 -0.141000 
16 -0.322800 
17 -0.529600 
18 -0.744700 
19 -0.934600 
20 -1.041100 
21 -1.013300 
22 -0.873900 
23 -0.684200 
24 -0.485600 
25 -0.298600 
26 -0.132800 
27 0.006700 
28 0.117100 
29 0.196800 
30 0.245000 
31 0.261100 
32 0.247200 
33 0.206200 
34 0.141000 
35 0.056200 
36 -0.041800 
37 -0.137900 
38 -0.001000 
39 0.226800 
40 0.458100 
41 0.561600 
42 0.577900 
43 0.626500 
44 0.706500 
45 0.813200 
46 0.937800 
47 1.067100 
48 0.867900 
49 0.593700 
50 0.414400 
51 0.351900 
52 0.382800 
53 0.465700 
54 0.563800 
55 0.605100 
56 0.541800 
57 0.402500 
58 0.229600 
59 0.058100 
60 -0.079500 
61 -0.158900 
62 -0.176100 
63 -0.145200 
64 -0.085800 
65 -0.013700 
66 0.059700 
67 0.127200 
68 0.183700 
69 0.226100 
70 0.252200 
71 0.261100 
72 0.245000 
73 0.196800 
74 0.117100 
75 0.006700 
76 -0.132800 
77 -0.298600 
78 -0.485600 
79 -0.684200 
80 -0.873900 
81 -1.013300 
82 -1.041100 
83 -0.934600 
84 -0.744700 
85 -0.529600 
86 -0.322800 
87 -0.141000 
88 0.006400 
89 0.114600 
90 0.180600 
91 0.202800 

1 -2.559500 
2 -2.327200 
3 -1.908400 
4 -1.473700 
5 -1.063700 
6 -0.696100 
7 -0.382300 
8 -0.130600 
9 0.053300 
10 0.165100 
11 0.202800 
12 0.180600 
13 0.114600 
14 0.006400 
15 -0.141000 
16 -0.322800 
17 -0.529600 
18 -0.744700 
19 -0.934600 
20 -1.041100 
21 -1.013300 
22 -0.873900 
23 -0.684200 
24 -0.485600 
25 -0.298600 
26 -0.132800 
27 0.006700 
28 0.117100 
29 0.196800 
30 0.245000 
31 0.261100 
32 0.232600 
33 0.152300 
34 0.037200 
35 -0.081100 
36 -0.156200 
37 -0.144200 
38 -0.240900 
39 -0.320900 
40 -0.374000 
41 -0.392600 
42 -0.425100 
43 -0.522900 
44 -0.686100 
45 -0.914200 
46 -1.203200 
47 -1.541100 
48 -1.900400 
49 -2.232200 
50 -2.471600 
51 -2.559500 
52 -2.532700 
53 -2.454700 
54 -2.331200 
55 -2.170500 
56 -1.981700 
57 -1.773800 
58 -1.554900 
59 -1.332100 
60 -1.111300 
61 -0.897300 
62 -0.694300 
63 -0.505300 
64 -0.333300 
65 -0.180300 
66 -0.048200 
67 0.061800 
68 0.148400 
69 0.210800 
70 0.248500 
71 0.261100 
72 0.245000 
73 0.196800 
74 0.117100 
75 0.006700 
76 -0.132800 
77 -0.298600 
78 -0.485600 
79 -0.684200 
80 -0.873900 
81 -1.013300 
82 -1.041100 
83 -0.934600 
84 -0.744700 
85 -0.529600 
86 -0.322800 
87 -0.141000 
88 0.006400 
89 0.114600 
90 0.180600 
91 0.202800 

1 -2.559500 
2 -2.327200 
3 -1.908400 
4 -1.473700 
5 -1.063700 
6 -1.594800 
7 -2.406400 
8 -3.327700 
9 -4.331800 
10 -5.363400 
11 -5.709100 
12 -5.780200 
13 -5.295500 
14 -4.731700 
15 -4.054800 
16 -3.423400 
17 -2.890400 
18 -2.498100 
19 -2.269300 
20 -2.199900 
21 -2.267500 
22 -2.445500 
23 -2.710900 
24 -3.043800 
25 -3.425300 
26 -3.833600 
27 -4.242200 
28 -4.617300 
29 -4.920900 
30 -5.117900 
31 -5.186100 
32 -5.088400 
33 -4.832600 
34 -4.491900 
35 -4.128000 
36 -3.780700 
37 -3.474400 
38 -3.224500 
39 -3.040300 
40 -2.927600 
41 -2.889800 
42 -2.862300 
43 -2.790900 
44 -2.701500 
45 -2.620400 
46 -2.564400 
47 -2.537500 
48 -2.534100 
49 -2.543500 
50 -2.554700 
51 -2.559500 
52 -2.539200 
53 -2.482400 
54 -2.399000 
55 -2.301400 
56 -2.201900 
57 -2.113500 
58 -2.052300 
59 -2.040400 
60 -2.104200 
61 -2.264100 
62 -2.520400 
63 -2.853800 
64 -3.237500 
65 -3.644400 
66 -4.048600 
67 -4.423500 
68 -4.743200 
69 -4.985600 
70 -5.135500 
71 -5.186100 
72 -5.117900 
73 -4.920900 
74 -4.617300 
75 -4.242200 
76 -3.833600 
77 -3.425300 
78 -3.043800 
79 -2.710900 
80 -2.445500 
81 -2.267500 
82 -2.199900 
83 -2.269300 
84 -2.498100 
85 -2.890400 
86 -3.423400 
87 -4.054800 
88 -4.731700 
89 -5.295500 
90 -5.780200 
91 -5.709100 

1 -3.391800 
2 -3.621700 
3 -4.033300 
4 -4.457500 
5 -4.856000 
6 -5.213500 
7 -5.520500 
8 -5.769800 
9 -5.954400 
10 -5.803600 
11 -6.106700 
12 -5.793800 
13 -5.295500 
14 -4.789500 
15 -4.301200 
16 -3.842000 
17 -3.422600 
18 -3.059900 
19 -2.785500 
20 -2.654500 
21 -2.712900 
22 -2.931800 
23 -3.241600 
24 -3.590300 
25 -3.945900 
26 -4.284900 
27 -4.588400 
28 -4.841000 
29 -5.029900 
30 -5.146600 
31 -5.186100 
32 -5.088400 
33 -4.832600 
34 -4.491900 
35 -4.128000 
36 -3.780700 
37 -3.474400 
38 -3.224500 
39 -3.040300 
40 -2.927600 
41 -2.889800 
42 -2.900900 
43 -2.933300 
44 -2.984800 
45 -3.051300 
46 -3.127300 
47 -3.205800 
48 -3.279000 
49 -3.338900 
50 -3.378200 
51 -3.391800 
52 -3.394400 
53 -3.402300 
54 -3.416500 
55 -3.438400 
56 -3.469600 
57 -3.512100 
58 -3.567800 
59 -3.638400 
60 -3.725200 
61 -3.829300 
62 -3.951000 
63 -4.089700 
64 -4.244100 
65 -4.411000 
66 -4.585500 
67 -4.760000 
68 -4.923300 
69 -5.060200 
70 -5.153000 
71 -5.186100 
72 -5.146600 
73 -5.029900 
74 -4.841000 
75 -4.588400 
76 -4.284900 
77 -3.945900 
78 -3.590300 
79 -3.241600 
80 -2.931800 
81 -2.712900 
82 -2.654500 
83 -2.785500 
84 -3.059900 
85 -3.422600 
86 -3.842000 
87 -4.301200 
88 -4.789500 
89 -5.295500 
90 -5.793800 
91 -6.106700 

1 -3.391800 
2 -3.621700 
3 -4.033300 
4 -4.457500 
5 -4.856000 
6 -5.213500 
7 -5.520500 
8 -5.769800 
9 -5.954400 
10 -6.068200 
11 -6.106700 
12 -5.793800 
13 -5.384100 
14 -4.789500 
15 -4.301200 
16 -3.842000 
17 -3.422600 
18 -3.059900 
19 -2.785500 
20 -2.654500 
21 -2.712900 
22 -2.931800 
23 -3.241600 
24 -3.590300 
25 -3.945900 
26 -4.284900 
27 -4.588400 
28 -4.841000 
29 -5.029900 
30 -5.146600 
31 -5.186100 
32 -5.191700 
33 -5.208000 
34 -5.233700 
35 -5.266400 
36 -5.303200 
37 -5.340300 
38 -5.374400 
39 -5.401900 
40 -5.419600 
41 -5.425700 
42 -5.352500 
43 -5.152200 
44 -4.869000 
45 -4.550600 
46 -4.235200 
47 -3.950000 
48 -3.713300 
49 -3.536900 
50 -3.428500 
51 -3.391800 
52 -3.400800 
53 -3.427400 
54 -3.471300 
55 -3.532200 
56 -3.609000 
57 -3.700800 
58 -3.806200 
59 -3.923600 
60 -4.051000 
61 -4.185900 
62 -4.325700 
63 -4.467200 
64 -4.606700 
65 -4.740300 
66 -4.863600 
67 -4.972500 
68 -5.062600 
69 -5.130100 
70 -5.172000 
71 -5.186100 
72 -5.146600 
73 -5.029900 
74 -4.841000 
75 -4.588400 
76 -4.284900 
77 -3.945900 
78 -3.590300 
79 -3.241600 
80 -2.931800 
81 -2.712900 
82 -2.654500 
83 -2.785500 
84 -3.059900 
85 -3.422600 
86 -3.842000 
87 -4.301200 
88 -4.789500 
89 -5.384100 
90 -5.793800 
91 -6.106700 

1 -6.619000 
2 -6.622700 
3 -6.633700 
4 -6.650800 
5 -6.672500 
6 -6.696900 
7 -6.721300 
8 -6.504300 
9 -6.077000 
10 -6.068200 
11 -6.106700 
12 -5.899400 
13 -5.988700 
14 -6.321500 
15 -6.758500 
16 -7.272900 
17 -7.826800 
18 -8.362700 
19 -8.799200 
20 -9.063600 
21 -9.152300 
22 -9.122200 
23 -9.034000 
24 -8.930000 
25 -8.839000 
26 -8.782500 
27 -8.778300 
28 -8.839500 
29 -8.962800 
30 -9.105200 
31 -9.173200 
32 -8.890600 
33 -8.263800 
34 -7.569000 
35 -6.949500 
36 -6.493100 
37 -6.261100 
38 -6.271100 
39 -6.467700 
40 -6.715000 
41 -6.830500 
42 -6.833800 
43 -6.843200 
44 -6.855800 
45 -6.866800 
46 -6.868800 
47 -6.850600 
48 -6.801100 
49 -6.723500 
50 -6.649200 
51 -6.619000 
52 -6.634800 
53 -6.681300 
54 -6.756300 
55 -6.857000 
56 -6.980200 
57 -7.123200 
58 -7.283100 
59 -7.457700 
60 -7.643800 
61 -7.838300 
62 -8.037100 
63 -8.175000 
64 -8.227900 
65 -8.302400 
66 -8.406400 
67 -8.547400 
68 -8.726500 
69 -8.927200 
70 -9.101100 
71 -9.173200 
72 -9.105200 
73 -8.962800 
74 -8.839500 
75 -8.778300 
76 -8.782500 
77 -8.839000 
78 -8.930000 
79 -9.034000 
80 -9.122200 
81 -9.152300 
82 -9.063600 
83 -8.799200 
84 -8.362700 
85 -7.826800 
86 -7.272900 
87 -6.758500 
88 -6.321500 
89 -5.988700 
90 -5.899400 
91 -6.106700 

1 -7.986300 
2 -7.991700 
3 -8.006400 
4 -8.027700 
5 -8.050100 
6 -7.693200 
7 -7.054100 
8 -6.743600 
9 -6.761100 
10 -6.772600 
11 -6.776400 
12 -7.096000 
13 -7.611400 
14 -8.138900 
15 -8.641800 
16 -9.094100 
17 -9.469900 
18 -9.747600 
19 -9.918400 
20 -9.990600 
21 -9.985300 
22 -9.926300 
23 -9.834400 
24 -9.725000 
25 -9.609500 
26 -9.496100 
27 -9.391400 
28 -9.301600 
29 -9.232200 
30 -9.188300 
31 -9.173200 
32 -9.296000 
33 -9.625600 
34 -10.084400 
35 -10.604800 
36 -11.139700 
37 -11.029500 
38 -10.528500 
39 -10.158100 
40 -9.930300 
41 -9.853300 
42 -9.945600 
43 -10.205500 
44 -10.585700 
45 -10.259000 
46 -9.535000 
47 -8.925500 
48 -8.465600 
49 -8.173100 
50 -8.027700 
51 -7.986300 
52 -8.005000 
53 -8.050300 
54 -8.097800 
55 -8.126900 
56 -8.132700 
57 -8.123200 
58 -8.109800 
59 -8.101200 
60 -8.102000 
61 -8.114100 
62 -8.138100 
63 -8.235700 
64 -8.428500 
65 -8.609700 
66 -8.773200 
67 -8.913300 
68 -9.025700 
69 -9.107400 
70 -9.156700 
71 -9.173200 
72 -9.188300 
73 -9.232200 
74 -9.301600 
75 -9.391400 
76 -9.496100 
77 -9.609500 
78 -9.725000 
79 -9.834400 
80 -9.926300 
81 -9.985300 
82 -9.990600 
83 -9.918400 
84 -9.747600 
85 -9.469900 
86 -9.094100 
87 -8.641800 
88 -8.138900 
89 -7.611400 
90 -7.096000 
91 -6.776400 

1 -10.376300 
2 -10.197000 
3 -9.724300 
4 -9.085500 
5 -8.385600 
6 -8.064100 
7 -8.053100 
8 -7.983500 
9 -7.781600 
10 -7.323300 
11 -6.776400 
12 -7.096000 
13 -7.611400 
14 -8.138900 
15 -8.641800 
16 -9.094100 
17 -9.469900 
18 -9.747600 
19 -9.918400 
20 -9.990600 
21 -9.985300 
22 -9.926300 
23 -9.834400 
24 -9.725000 
25 -9.609500 
26 -9.496100 
27 -9.391400 
28 -9.301600 
29 -9.232200 
30 -9.188300 
31 -9.173200 
32 -9.296000 
33 -9.625600 
34 -10.084400 
35 -10.604800 
36 -11.139700 
37 -11.655600 
41 -11.882600 
42 -11.865200 
43 -11.809000 
44 -11.055600 
45 -11.002500 
46 -11.158200 
47 -10.971400 
48 -10.744200 
49 -10.549900 
50 -10.421200 
51 -10.376300 
52 -10.399900 
53 -10.480500 
54 -10.637700 
55 -10.880300 
56 -11.189600 
57 -11.519200 
58 -11.810600 
64 -11.527200 
65 -10.994800 
66 -10.505500 
67 -10.070000 
68 -9.701800 
69 -9.417500 
70 -9.235900 
71 -9.173200 
72 -9.188300 
73 -9.232200 
74 -9.301600 
75 -9.391400 
76 -9.496100 
77 -9.609500 
78 -9.725000 
79 -9.834400 
80 -9.926300 
81 -9.985300 
82 -9.990600 
83 -9.918400 
84 -9.747600 
85 -9.469900 
86 -9.094100 
87 -8.641800 
88 -8.138900 
89 -7.611400 
90 -7.096000 
91 -6.776400 

9 -11.196500 
10 -10.389300 
11 -10.114300 
12 -10.304900 
13 -10.752200 
14 -11.235700 
15 -11.594600 
16 -11.788000 
17 -11.884300 
18 -11.994900 
36 -11.647300 
37 -11.655600 
43 -11.864600 
44 -11.707900 
45 -11.585000 
46 -11.693500 
84 -11.994900 
85 -11.884300 
86 -11.788000 
87 -11.594600 
88 -11.235700 
89 -10.752200 
90 -10.304900 
91 -10.114300 













