1 1.696600 
2 1.672100 
3 1.599400 
4 1.481400 
5 1.323300 
6 1.133600 
7 0.925000 
8 0.716200 
9 0.532700 
10 0.404400 
11 0.358000 
12 0.376600 
13 0.430100 
14 0.512400 
15 0.619500 
16 0.754200 
17 0.929800 
18 1.168400 
19 1.490400 
20 1.898200 
21 2.370600 
22 2.874900 
23 3.380200 
24 3.862400 
25 4.304500 
26 4.694400 
27 5.023200 
28 5.284800 
29 5.474700 
30 5.589800 
31 5.628300 
32 5.577100 
33 5.426300 
34 5.184000 
35 4.862800 
36 4.478800 
37 4.051100 
38 3.604400 
39 3.176800 
40 2.837300 
41 2.699300 
42 2.637900 
43 2.459200 
44 2.180100 
45 1.827900 
46 1.438500 
47 1.256800 
48 1.436500 
49 1.577000 
50 1.666100 
51 1.696600 
52 1.681600 
53 1.641800 
54 1.596300 
55 1.590400 
56 1.690900 
57 1.920000 
58 2.237500 
59 2.601600 
60 2.985900 
61 3.373000 
62 3.750800 
63 4.109800 
64 4.442400 
65 4.742300 
66 5.004400 
67 5.224500 
68 5.399200 
69 5.525900 
70 5.602600 
71 5.628300 
72 5.589800 
73 5.474700 
74 5.284800 
75 5.023200 
76 4.694400 
77 4.304500 
78 3.862400 
79 3.380200 
80 2.874900 
81 2.370600 
82 1.898200 
83 1.490400 
84 1.168400 
85 0.929800 
86 0.754200 
87 0.619500 
88 0.512400 
89 0.430100 
90 0.376600 
91 0.358000 

1 0.187200 
2 0.092600 
3 -0.189300 
4 -0.652500 
5 -1.184500 
6 -0.733900 
7 -0.351400 
8 -0.045700 
9 0.177100 
10 0.312600 
11 0.358000 
12 0.332200 
13 0.255400 
14 0.129100 
15 -0.043700 
16 -0.258000 
17 -0.505200 
18 -0.768600 
19 -1.015000 
20 -1.179800 
21 -1.186000 
22 -1.037900 
23 -0.813200 
24 -0.571000 
25 -0.340000 
26 -0.134000 
27 0.040000 
28 0.178400 
29 0.278500 
30 0.339100 
31 0.359300 
32 0.343200 
33 0.295900 
34 0.220300 
35 0.121700 
36 0.007600 
37 -0.112300 
38 -0.157100 
39 0.065800 
40 0.303500 
41 0.411600 
42 0.441600 
43 0.530200 
44 0.671400 
45 0.852800 
46 1.055200 
47 1.051500 
48 0.704200 
49 0.428000 
50 0.249300 
51 0.187200 
52 0.218100 
53 0.304600 
54 0.424400 
55 0.527400 
56 0.541500 
57 0.441600 
58 0.270300 
59 0.081300 
60 -0.077900 
61 -0.171200 
62 -0.189000 
63 -0.147300 
64 -0.070900 
65 0.020100 
66 0.111800 
67 0.195200 
68 0.264800 
69 0.316600 
70 0.348500 
71 0.359300 
72 0.339100 
73 0.278500 
74 0.178400 
75 0.040000 
76 -0.134000 
77 -0.340000 
78 -0.571000 
79 -0.813200 
80 -1.037900 
81 -1.186000 
82 -1.179800 
83 -1.015000 
84 -0.768600 
85 -0.505200 
86 -0.258000 
87 -0.043700 
88 0.129100 
89 0.255400 
90 0.332200 
91 0.358000 

1 -3.144700 
2 -2.789900 
3 -2.238200 
4 -1.691500 
5 -1.184500 
6 -0.733900 
7 -0.351400 
8 -0.045700 
9 0.177100 
10 0.312600 
11 0.358000 
12 0.332200 
13 0.255400 
14 0.129100 
15 -0.043700 
16 -0.258000 
17 -0.505200 
18 -0.768600 
19 -1.015000 
20 -1.179800 
21 -1.186000 
22 -1.037900 
23 -0.813200 
24 -0.571000 
25 -0.340000 
26 -0.134000 
27 0.040000 
28 0.178400 
29 0.278500 
30 0.339100 
31 0.359300 
32 0.321900 
33 0.215400 
34 0.058700 
35 -0.112000 
36 -0.242000 
37 -0.268800 
38 -0.225900 
39 -0.320200 
40 -0.382900 
41 -0.405000 
42 -0.445000 
43 -0.566200 
44 -0.770900 
45 -1.061000 
46 -1.433400 
47 -1.871300 
48 -2.333100 
49 -2.749800 
50 -3.040700 
51 -3.144700 
52 -3.113300 
53 -3.021400 
54 -2.874900 
55 -2.682500 
56 -2.454400 
57 -2.200900 
58 -1.932000 
59 -1.656300 
60 -1.381400 
61 -1.113500 
62 -0.858100 
63 -0.619300 
64 -0.401100 
65 -0.206300 
66 -0.037600 
67 0.103200 
68 0.214400 
69 0.294600 
70 0.343100 
71 0.359300 
72 0.339100 
73 0.278500 
74 0.178400 
75 0.040000 
76 -0.134000 
77 -0.340000 
78 -0.571000 
79 -0.813200 
80 -1.037900 
81 -1.186000 
82 -1.179800 
83 -1.015000 
84 -0.768600 
85 -0.505200 
86 -0.258000 
87 -0.043700 
88 0.129100 
89 0.255400 
90 0.332200 
91 0.358000 

1 -3.144700 
2 -2.789900 
3 -2.238200 
4 -1.691500 
5 -1.287900 
6 -2.082600 
7 -3.020100 
8 -4.078800 
9 -5.226900 
10 -5.982300 
11 -5.873500 
12 -5.955500 
13 -6.195700 
14 -5.688100 
15 -5.067300 
16 -4.327700 
17 -3.671800 
18 -3.150000 
19 -2.801000 
20 -2.639500 
21 -2.652400 
22 -2.811400 
23 -3.086600 
24 -3.451700 
25 -3.882600 
26 -4.353800 
27 -4.834700 
28 -5.285600 
29 -5.658600 
30 -5.905800 
31 -5.992300 
32 -5.869700 
33 -5.553000 
34 -5.138500 
35 -4.701500 
36 -4.288000 
37 -3.925500 
38 -3.630600 
39 -3.413800 
40 -3.281400 
41 -3.236900 
42 -3.211600 
43 -3.149500 
44 -3.080100 
45 -3.030800 
46 -3.014200 
47 -3.028500 
48 -3.062900 
49 -3.102500 
50 -3.133200 
51 -3.144700 
52 -3.117800 
53 -3.041700 
54 -2.927900 
55 -2.791100 
56 -2.646900 
57 -2.511800 
58 -2.405600 
59 -2.354900 
60 -2.393100 
61 -2.548500 
62 -2.825700 
63 -3.202000 
64 -3.644300 
65 -4.120400 
66 -4.599500 
67 -5.050300 
68 -5.440600 
69 -5.740700 
70 -5.928500 
71 -5.992300 
72 -5.905800 
73 -5.658600 
74 -5.285600 
75 -4.834700 
76 -4.353800 
77 -3.882600 
78 -3.451700 
79 -3.086600 
80 -2.811400 
81 -2.652400 
82 -2.639500 
83 -2.801000 
84 -3.150000 
85 -3.671800 
86 -4.327700 
87 -5.067300 
88 -5.688100 
89 -6.195700 
90 -5.955500 
91 -5.873500 

1 -3.844400 
2 -4.197700 
3 -4.745200 
4 -5.284800 
5 -5.782800 
6 -6.224100 
7 -6.599400 
8 -6.787700 
9 -6.296900 
10 -6.407000 
11 -7.306500 
12 -6.892900 
13 -6.290500 
14 -5.688100 
15 -5.107000 
16 -4.557300 
17 -4.049700 
18 -3.600300 
19 -3.240700 
20 -3.032700 
21 -3.048500 
22 -3.277200 
23 -3.632500 
24 -4.044300 
25 -4.470000 
26 -4.880200 
27 -5.251300 
28 -5.562400 
29 -5.797100 
30 -5.942800 
31 -5.992300 
32 -5.869700 
33 -5.553000 
34 -5.138500 
35 -4.701500 
36 -4.288000 
37 -3.925500 
38 -3.630600 
39 -3.413800 
40 -3.281400 
41 -3.236900 
42 -3.250100 
43 -3.289000 
44 -3.350700 
45 -3.430600 
46 -3.522200 
47 -3.617200 
48 -3.706300 
49 -3.779500 
50 -3.827600 
51 -3.844400 
52 -3.847100 
53 -3.855600 
54 -3.871300 
55 -3.895600 
56 -3.930800 
57 -3.979200 
58 -4.043400 
59 -4.125200 
60 -4.226500 
61 -4.348500 
62 -4.491900 
63 -4.656100 
64 -4.839600 
65 -5.039200 
66 -5.249600 
67 -5.461800 
68 -5.662600 
69 -5.833200 
70 -5.950200 
71 -5.992300 
72 -5.942800 
73 -5.797100 
74 -5.562400 
75 -5.251300 
76 -4.880200 
77 -4.470000 
78 -4.044300 
79 -3.632500 
80 -3.277200 
81 -3.048500 
82 -3.032700 
83 -3.240700 
84 -3.600300 
85 -4.049700 
86 -4.557300 
87 -5.107000 
88 -5.688100 
89 -6.290500 
90 -6.892900 
91 -7.306500 

1 -3.844400 
2 -4.197700 
3 -4.745200 
4 -5.284800 
5 -5.782800 
6 -6.224100 
7 -6.599400 
8 -6.901600 
9 -7.123900 
10 -7.260400 
11 -7.306500 
12 -6.892900 
13 -6.290500 
14 -5.833000 
15 -5.107000 
16 -4.557300 
17 -4.049700 
18 -3.600300 
19 -3.240700 
20 -3.032700 
21 -3.048500 
22 -3.277200 
23 -3.632500 
24 -4.044300 
25 -4.470000 
26 -4.880200 
27 -5.251300 
28 -5.562400 
29 -5.797100 
30 -5.942800 
31 -5.992300 
32 -5.999100 
33 -6.019200 
34 -6.050600 
35 -6.090800 
36 -6.135900 
37 -6.181900 
38 -6.223900 
39 -6.257700 
40 -6.279600 
41 -6.287200 
42 -6.196500 
43 -5.949900 
44 -5.605000 
45 -5.220800 
46 -4.843400 
47 -4.504000 
48 -4.223600 
49 -4.015400 
50 -3.887400 
51 -3.844400 
52 -3.854800 
53 -3.885800 
54 -3.937300 
55 -4.008400 
56 -4.098500 
57 -4.206300 
58 -4.330300 
59 -4.468900 
60 -4.619700 
61 -4.780000 
62 -4.946800 
63 -5.116300 
64 -5.284300 
65 -5.445900 
66 -5.596000 
67 -5.729100 
68 -5.839700 
69 -5.923000 
70 -5.974700 
71 -5.992300 
72 -5.942800 
73 -5.797100 
74 -5.562400 
75 -5.251300 
76 -4.880200 
77 -4.470000 
78 -4.044300 
79 -3.632500 
80 -3.277200 
81 -3.048500 
82 -3.032700 
83 -3.240700 
84 -3.600300 
85 -4.049700 
86 -4.557300 
87 -5.107000 
88 -5.833000 
89 -6.290500 
90 -6.892900 
91 -7.306500 

1 -7.709600 
2 -7.714100 
3 -7.727700 
4 -7.748900 
5 -7.775900 
6 -7.806000 
7 -7.419600 
8 -6.901600 
9 -7.123900 
10 -7.260400 
11 -7.306500 
12 -7.093800 
13 -6.548700 
14 -6.580000 
15 -7.085900 
16 -7.687100 
17 -8.348700 
18 -9.019600 
19 -9.621300 
20 -10.055900 
21 -10.269700 
22 -10.301300 
23 -10.229300 
24 -10.116500 
25 -10.003400 
26 -9.917800 
27 -9.880800 
28 -9.907500 
29 -9.998700 
30 -10.116700 
31 -10.175200 
32 -9.871400 
33 -9.194400 
34 -8.443500 
35 -7.779200 
36 -7.303600 
37 -7.092800 
38 -7.174500 
39 -7.489100 
40 -7.868100 
41 -8.048500 
42 -8.051200 
43 -8.058200 
44 -8.065100 
45 -8.063900 
46 -8.042300 
47 -7.986700 
48 -7.895400 
49 -7.796700 
50 -7.730400 
51 -7.709600 
52 -7.719600 
53 -7.750200 
54 -7.802600 
55 -7.877900 
56 -7.976900 
57 -8.099300 
58 -8.243800 
59 -8.408400 
60 -8.590100 
61 -8.784900 
62 -8.988100 
63 -9.194000 
64 -9.284000 
65 -9.353700 
66 -9.449200 
67 -9.579000 
68 -9.746500 
69 -9.937500 
70 -10.105200 
71 -10.175200 
72 -10.116700 
73 -9.998700 
74 -9.907500 
75 -9.880800 
76 -9.917800 
77 -10.003400 
78 -10.116500 
79 -10.229300 
80 -10.301300 
81 -10.269700 
82 -10.055900 
83 -9.621300 
84 -9.019600 
85 -8.348700 
86 -7.687100 
87 -7.085900 
88 -6.580000 
89 -6.548700 
90 -7.093800 
91 -7.306500 

1 -9.665600 
2 -9.671200 
3 -9.686800 
4 -9.707700 
5 -8.966800 
6 -8.157700 
7 -7.836400 
8 -7.864200 
9 -7.886300 
10 -7.900400 
11 -7.905400 
12 -8.324200 
13 -8.939400 
14 -9.553500 
15 -10.130200 
16 -10.637600 
17 -11.042000 
18 -11.316100 
19 -11.453600 
20 -11.472800 
21 -11.405600 
22 -11.283300 
23 -11.129900 
24 -10.962600 
25 -10.793100 
26 -10.630300 
27 -10.481900 
28 -10.355300 
29 -10.257900 
30 -10.196300 
31 -10.175200 
32 -10.322400 
33 -10.711000 
34 -11.239300 
35 -11.825100 
37 -11.731700 
38 -11.166300 
39 -10.747800 
40 -10.490200 
41 -10.403100 
42 -10.518700 
43 -10.843800 
44 -11.321500 
45 -11.523900 
46 -10.808600 
47 -10.251800 
48 -9.888600 
49 -9.712100 
50 -9.665600 
51 -9.665600 
52 -9.662100 
53 -9.641000 
54 -9.586800 
55 -9.501500 
56 -9.403400 
57 -9.312200 
58 -9.240900 
59 -9.195000 
60 -9.174600 
61 -9.176700 
62 -9.197200 
63 -9.233000 
64 -9.395700 
65 -9.586200 
66 -9.758300 
67 -9.905400 
68 -10.022700 
69 -10.107400 
70 -10.158200 
71 -10.175200 
72 -10.196300 
73 -10.257900 
74 -10.355300 
75 -10.481900 
76 -10.630300 
77 -10.793100 
78 -10.962600 
79 -11.129900 
80 -11.283300 
81 -11.405600 
82 -11.472800 
83 -11.453600 
84 -11.316100 
85 -11.042000 
86 -10.637600 
87 -10.130200 
88 -9.553500 
89 -8.939400 
90 -8.324200 
91 -7.905400 

1 -11.482300 
2 -11.227700 
3 -10.599100 
4 -9.803300 
5 -9.726100 
6 -9.727800 
7 -9.686900 
8 -9.554500 
9 -9.236900 
10 -8.617300 
11 -7.905400 
12 -8.324200 
13 -8.939400 
14 -9.553500 
15 -10.130200 
16 -10.637600 
17 -11.042000 
18 -11.316100 
19 -11.453600 
20 -11.472800 
21 -11.405600 
22 -11.283300 
23 -11.129900 
24 -10.962600 
25 -10.793100 
26 -10.630300 
27 -10.481900 
28 -10.355300 
29 -10.257900 
30 -10.196300 
31 -10.175200 
32 -10.322400 
33 -10.711000 
34 -11.239300 
35 -11.825100 
45 -11.873600 
48 -11.898400 
49 -11.680100 
50 -11.533700 
51 -11.482300 
52 -11.510000 
53 -11.609200 
54 -11.804100 
66 -11.743000 
67 -11.236800 
68 -10.804800 
69 -10.468000 
70 -10.250700 
71 -10.175200 
72 -10.196300 
73 -10.257900 
74 -10.355300 
75 -10.481900 
76 -10.630300 
77 -10.793100 
78 -10.962600 
79 -11.129900 
80 -11.283300 
81 -11.405600 
82 -11.472800 
83 -11.453600 
84 -11.316100 
85 -11.042000 
86 -10.637600 
87 -10.130200 
88 -9.553500 
89 -8.939400 
90 -8.324200 
91 -7.905400 














