1 1.957800 
2 1.931400 
3 1.853200 
4 1.726100 
5 1.555500 
6 1.350300 
7 1.123900 
8 0.896500 
9 0.695600 
10 0.554600 
11 0.503400 
12 0.522600 
13 0.576700 
14 0.658100 
15 0.760100 
16 0.882700 
17 1.037200 
18 1.245900 
19 1.534900 
20 1.916900 
21 2.379500 
22 2.890700 
23 3.415200 
24 3.923700 
25 4.394800 
26 4.813200 
27 5.168000 
28 5.451300 
29 5.657300 
30 5.782400 
31 5.824400 
32 5.768700 
33 5.605000 
34 5.343400 
35 4.998800 
36 4.589400 
37 4.136500 
38 3.666200 
39 3.218000 
40 2.863300 
41 2.719500 
42 2.652400 
43 2.458100 
44 2.157300 
45 1.783200 
46 1.377100 
47 1.423200 
48 1.643600 
49 1.814000 
50 1.921200 
51 1.957800 
52 1.939700 
53 1.889600 
54 1.822700 
55 1.774800 
56 1.810300 
57 1.981500 
58 2.269400 
59 2.625900 
60 3.015400 
61 3.415700 
62 3.811400 
63 4.190900 
64 4.545100 
65 4.866300 
66 5.148400 
67 5.386200 
68 5.575500 
69 5.713000 
70 5.796400 
71 5.824400 
72 5.782400 
73 5.657300 
74 5.451200 
75 5.168000 
76 4.813200 
77 4.394800 
78 3.923700 
79 3.415200 
80 2.890700 
81 2.379500 
82 1.916900 
83 1.534900 
84 1.245900 
85 1.037200 
86 0.882700 
87 0.760100 
88 0.658100 
89 0.576700 
90 0.522600 
91 0.503400 

1 0.113400 
2 0.009200 
3 -0.301200 
4 -0.810400 
5 -1.222200 
6 -0.716600 
7 -0.288600 
8 0.053100 
9 0.301700 
10 0.452700 
11 0.503400 
12 0.475300 
13 0.391400 
14 0.253300 
15 0.064000 
16 -0.171700 
17 -0.445100 
18 -0.740200 
19 -1.024400 
20 -1.230700 
21 -1.265900 
22 -1.116300 
23 -0.868900 
24 -0.596600 
25 -0.335000 
26 -0.100800 
27 0.097700 
28 0.255600 
29 0.370100 
30 0.439400 
31 0.462700 
32 0.445100 
33 0.393500 
34 0.311200 
35 0.203500 
36 0.078700 
37 -0.052700 
38 -0.177600 
39 -0.024100 
40 0.216500 
41 0.326800 
42 0.368000 
43 0.488400 
44 0.676900 
45 0.913600 
46 1.171700 
47 0.981000 
48 0.630600 
49 0.354100 
50 0.175500 
51 0.113400 
52 0.144400 
53 0.232400 
54 0.360100 
55 0.488100 
56 0.548500 
57 0.487500 
58 0.328100 
59 0.132100 
60 -0.040700 
61 -0.144200 
62 -0.163100 
63 -0.114200 
64 -0.025900 
65 0.078400 
66 0.182900 
67 0.277600 
68 0.356200 
69 0.414600 
70 0.450500 
71 0.462700 
72 0.439400 
73 0.370100 
74 0.255600 
75 0.097700 
76 -0.100800 
77 -0.335000 
78 -0.596600 
79 -0.868900 
80 -1.116300 
81 -1.265900 
82 -1.230700 
83 -1.024400 
84 -0.740200 
85 -0.445100 
86 -0.171700 
87 0.064000 
88 0.253300 
89 0.391400 
90 0.475300 
91 0.503400 

1 -3.511400 
2 -3.055200 
3 -2.414300 
4 -1.793400 
5 -1.222200 
6 -0.716600 
7 -0.288600 
8 0.053100 
9 0.301700 
10 0.452700 
11 0.503400 
12 0.475300 
13 0.391400 
14 0.253300 
15 0.064000 
16 -0.171700 
17 -0.445100 
18 -0.740200 
19 -1.024400 
20 -1.230700 
21 -1.265900 
22 -1.116300 
23 -0.868900 
24 -0.596600 
25 -0.335000 
26 -0.100800 
27 0.097700 
28 0.255600 
29 0.370100 
30 0.439400 
31 0.462700 
32 0.418800 
33 0.293400 
34 0.106500 
35 -0.102800 
36 -0.273400 
37 -0.334200 
38 -0.242000 
39 -0.281400 
40 -0.350700 
41 -0.375000 
42 -0.420300 
43 -0.558200 
44 -0.792600 
45 -1.127900 
46 -1.561400 
47 -2.071200 
48 -2.604100 
49 -3.076400 
50 -3.398300 
51 -3.511400 
52 -3.477300 
53 -3.377000 
54 -3.216100 
55 -3.003500 
56 -2.749600 
57 -2.465600 
58 -2.162600 
59 -1.850500 
60 -1.538100 
61 -1.232600 
62 -0.940400 
63 -0.666700 
64 -0.415800 
65 -0.191400 
66 0.003400 
67 0.166100 
68 0.294700 
69 0.387600 
70 0.443800 
71 0.462700 
72 0.439400 
73 0.370100 
74 0.255600 
75 0.097700 
76 -0.100800 
77 -0.335000 
78 -0.596600 
79 -0.868900 
80 -1.116300 
81 -1.265900 
82 -1.230700 
83 -1.024400 
84 -0.740200 
85 -0.445100 
86 -0.171700 
87 0.064000 
88 0.253300 
89 0.391400 
90 0.475300 
91 0.503400 

1 -3.511400 
2 -3.055200 
3 -2.414300 
4 -1.793400 
5 -1.507300 
6 -2.376500 
7 -3.398700 
8 -4.549600 
9 -5.794300 
10 -6.034600 
11 -5.916500 
12 -6.005500 
13 -6.266300 
14 -6.261000 
15 -5.618000 
16 -4.913000 
17 -4.178400 
18 -3.572100 
19 -3.140700 
20 -2.910800 
21 -2.878800 
22 -3.017900 
23 -3.294500 
24 -3.677700 
25 -4.139400 
26 -4.651100 
27 -5.179300 
28 -5.680900 
29 -6.101700 
30 -6.384200 
31 -6.483800 
32 -6.343500 
33 -5.984600 
34 -5.519900 
35 -5.033900 
36 -4.576400 
37 -4.176600 
38 -3.851900 
39 -3.613400 
40 -3.467900 
41 -3.419200 
42 -3.397000 
43 -3.345500 
44 -3.295700 
45 -3.272900 
46 -3.286300 
47 -3.330300 
48 -3.391000 
49 -3.451300 
50 -3.495300 
51 -3.511400 
52 -3.480700 
53 -3.393100 
54 -3.260300 
55 -3.098200 
56 -2.923800 
57 -2.755700 
58 -2.616100 
59 -2.535000 
60 -2.550600 
61 -2.697600 
62 -2.984100 
63 -3.386000 
64 -3.865800 
65 -4.387000 
66 -4.915600 
67 -5.417300 
68 -5.855800 
69 -6.196200 
70 -6.410700 
71 -6.483800 
72 -6.384200 
73 -6.101700 
74 -5.680900 
75 -5.179300 
76 -4.651100 
77 -4.139400 
78 -3.677700 
79 -3.294500 
80 -3.017900 
81 -2.878800 
82 -2.910800 
83 -3.140700 
84 -3.572100 
85 -4.178400 
86 -4.913000 
87 -5.618000 
88 -6.261000 
89 -6.266300 
90 -6.005500 
91 -5.916500 

1 -4.098000 
2 -4.554200 
3 -5.194700 
4 -5.813400 
5 -6.379900 
6 -6.879200 
7 -7.301500 
8 -6.906900 
9 -6.375600 
10 -7.074500 
11 -8.091200 
12 -7.599200 
13 -6.927400 
14 -6.261000 
15 -5.618000 
16 -5.007700 
17 -4.440600 
18 -3.932400 
19 -3.514400 
20 -3.250600 
21 -3.229700 
22 -3.458600 
23 -3.841700 
24 -4.294500 
25 -4.766900 
26 -5.225400 
27 -5.642500 
28 -5.994400 
29 -6.261100 
30 -6.427400 
31 -6.483800 
32 -6.343500 
33 -5.984600 
34 -5.519900 
35 -5.033900 
36 -4.576400 
37 -4.176600 
38 -3.851900 
39 -3.613400 
40 -3.467900 
41 -3.419200 
42 -3.433700 
43 -3.476800 
44 -3.545300 
45 -3.634200 
46 -3.736400 
47 -3.842700 
48 -3.942600 
49 -4.024800 
50 -4.079000 
51 -4.098000 
52 -4.100800 
53 -4.109800 
54 -4.126200 
55 -4.152100 
56 -4.189800 
57 -4.242100 
58 -4.311600 
59 -4.400800 
60 -4.511700 
61 -4.645400 
62 -4.803000 
63 -4.984000 
64 -5.186800 
65 -5.408300 
66 -5.642700 
67 -5.880500 
68 -6.107100 
69 -6.301100 
70 -6.435300 
71 -6.483800 
72 -6.427400 
73 -6.261100 
74 -5.994400 
75 -5.642500 
76 -5.225400 
77 -4.766900 
78 -4.294500 
79 -3.841700 
80 -3.458600 
81 -3.229700 
82 -3.250600 
83 -3.514400 
84 -3.932400 
85 -4.440600 
86 -5.007700 
87 -5.618000 
88 -6.261000 
89 -6.927400 
90 -7.599200 
91 -8.091200 

1 -4.098000 
2 -4.554200 
3 -5.194700 
4 -5.813400 
5 -6.379900 
6 -6.879200 
7 -7.301500 
8 -7.640000 
9 -7.888100 
10 -8.040000 
11 -8.091200 
12 -7.599200 
13 -6.927400 
14 -6.542400 
15 -5.722200 
16 -5.007700 
17 -4.440600 
18 -3.932400 
19 -3.514400 
20 -3.250600 
21 -3.229700 
22 -3.458600 
23 -3.841700 
24 -4.294500 
25 -4.766900 
26 -5.225400 
27 -5.642500 
28 -5.994400 
29 -6.261100 
30 -6.427400 
31 -6.483800 
32 -6.491500 
33 -6.514100 
34 -6.549500 
35 -6.594800 
36 -6.645700 
37 -6.697600 
38 -6.745300 
39 -6.783600 
40 -6.808500 
41 -6.817200 
42 -6.714200 
43 -6.435600 
44 -6.048300 
45 -5.619800 
46 -5.200700 
47 -4.825400 
48 -4.515800 
49 -4.286300 
50 -4.145400 
51 -4.098000 
52 -4.109400 
53 -4.143400 
54 -4.199700 
55 -4.277700 
56 -4.376400 
57 -4.494700 
58 -4.631100 
59 -4.783600 
60 -4.949800 
61 -5.126900 
62 -5.311800 
63 -5.500100 
64 -5.687200 
65 -5.867900 
66 -6.036300 
67 -6.186100 
68 -6.311000 
69 -6.405200 
70 -6.463900 
71 -6.483800 
72 -6.427400 
73 -6.261100 
74 -5.994400 
75 -5.642500 
76 -5.225400 
77 -4.766900 
78 -4.294500 
79 -3.841700 
80 -3.458600 
81 -3.229700 
82 -3.250600 
83 -3.514400 
84 -3.932400 
85 -4.440600 
86 -5.007700 
87 -5.722200 
88 -6.542400 
89 -6.927400 
90 -7.599200 
91 -8.091200 

1 -8.395400 
2 -8.400600 
3 -8.416100 
4 -8.440100 
5 -8.470700 
6 -8.390400 
7 -7.590600 
8 -7.640000 
9 -7.888100 
10 -8.040000 
11 -8.091200 
12 -7.872600 
13 -7.304500 
14 -6.687500 
15 -7.233700 
16 -7.889100 
17 -8.616600 
18 -9.368000 
19 -10.068400 
20 -10.613200 
21 -10.920000 
22 -11.004600 
23 -10.951200 
24 -10.837000 
25 -10.712000 
26 -10.608700 
27 -10.550400 
28 -10.553900 
29 -10.622300 
30 -10.722400 
31 -10.773600 
32 -10.455600 
33 -9.745100 
34 -8.956900 
35 -8.262600 
36 -7.773900 
37 -7.577500 
38 -7.709000 
39 -8.107600 
40 -8.585000 
41 -8.816900 
42 -8.818800 
43 -8.823100 
44 -8.823700 
45 -8.809800 
46 -8.765800 
47 -8.678700 
48 -8.560200 
49 -8.456900 
50 -8.406000 
51 -8.395400 
52 -8.399700 
53 -8.414700 
54 -8.445100 
55 -8.496700 
56 -8.573400 
57 -8.677300 
58 -8.808300 
59 -8.964300 
60 -9.142000 
61 -9.336900 
62 -9.543400 
63 -9.754900 
64 -9.915700 
65 -9.985100 
66 -10.076900 
67 -10.200000 
68 -10.359300 
69 -10.542900 
70 -10.705500 
71 -10.773600 
72 -10.722400 
73 -10.622300 
74 -10.553900 
75 -10.550400 
76 -10.608700 
77 -10.712000 
78 -10.837000 
79 -10.951200 
80 -11.004600 
81 -10.920000 
82 -10.613200 
83 -10.068400 
84 -9.368000 
85 -8.616600 
86 -7.889100 
87 -7.233700 
88 -6.687500 
89 -7.304500 
90 -7.872600 
91 -8.091200 

1 -10.751000 
2 -10.756700 
3 -10.772500 
4 -10.192400 
5 -9.271600 
6 -8.505000 
7 -8.539600 
8 -8.571200 
9 -8.596500 
10 -8.612600 
11 -8.618300 
12 -9.114400 
13 -9.795600 
14 -10.466000 
15 -11.089400 
16 -11.629500 
23 -11.920100 
24 -11.714500 
25 -11.509700 
26 -11.314800 
27 -11.138100 
28 -10.987600 
29 -10.872000 
30 -10.798700 
31 -10.773600 
32 -10.937600 
33 -11.365400 
34 -11.938000 
38 -11.516500 
39 -11.067400 
40 -10.790600 
41 -10.697000 
42 -10.828100 
43 -11.196400 
44 -11.737100 
46 -11.581000 
47 -11.067100 
48 -10.772400 
49 -10.677400 
50 -10.711500 
51 -10.751000 
52 -10.725000 
53 -10.639300 
54 -10.495400 
55 -10.321600 
56 -10.151200 
57 -10.006900 
58 -9.899800 
59 -9.832400 
60 -9.801600 
61 -9.800900 
62 -9.823200 
63 -9.862300 
64 -9.963800 
65 -10.161900 
66 -10.341100 
67 -10.494200 
68 -10.616000 
69 -10.703700 
70 -10.756100 
71 -10.773600 
72 -10.798700 
73 -10.872000 
74 -10.987600 
75 -11.138100 
76 -11.314800 
77 -11.509700 
78 -11.714500 
79 -11.920100 
86 -11.629500 
87 -11.089400 
88 -10.466000 
89 -9.795600 
90 -9.114400 
91 -8.618300 

2 -11.821500 
3 -11.087100 
4 -10.792700 
5 -10.807600 
6 -10.799400 
7 -10.736700 
8 -10.560600 
9 -10.168200 
10 -9.449000 
11 -8.618300 
12 -9.114400 
13 -9.795600 
14 -10.466000 
15 -11.089400 
16 -11.629500 
23 -11.920100 
24 -11.714500 
25 -11.509700 
26 -11.314800 
27 -11.138100 
28 -10.987600 
29 -10.872000 
30 -10.798700 
31 -10.773600 
32 -10.937600 
33 -11.365400 
34 -11.938000 
67 -11.945900 
68 -11.471800 
69 -11.099600 
70 -10.857900 
71 -10.773600 
72 -10.798700 
73 -10.872000 
74 -10.987600 
75 -11.138100 
76 -11.314800 
77 -11.509700 
78 -11.714500 
79 -11.920100 
86 -11.629500 
87 -11.089400 
88 -10.466000 
89 -9.795600 
90 -9.114400 
91 -8.618300 














