1 4.364500 
2 4.419500 
3 4.526500 
4 4.633500 
5 4.720500 
6 4.779500 
7 4.807500 
8 4.804500 
9 4.771500 
10 4.711500 
11 4.629500 
12 4.538500 
13 4.466500 
14 4.469500 
15 4.576500 
16 4.738500 
17 4.905500 
18 5.052500 
19 5.164500 
20 5.234500 
21 5.258500 
22 5.302500 
23 5.360500 
24 5.433500 
25 5.516500 
26 5.608500 
27 5.705500 
28 5.805500 
29 5.905500 
30 6.002500 
31 6.096500 
32 6.183500 
33 6.264500 
34 6.338500 
35 6.402500 
36 6.458500 
37 6.504500 
38 6.540500 
39 6.566500 
40 6.581500 
41 6.587500 
42 6.563500 
43 6.494500 
44 6.380500 
45 6.226500 
46 6.035500 
47 5.813500 
48 5.567500 
49 5.306500 
50 5.042500 
51 4.789500 
52 4.583500 
53 4.484500 
54 4.567500 
55 4.719500 
56 4.838500 
57 4.926500 
58 4.986500 
59 5.024500 
60 5.042500 
61 5.047500 
62 5.046500 
63 5.044500 
64 5.042500 
65 5.039500 
66 5.037500 
67 5.037500 
68 5.037500 
69 5.039500 
70 5.042500 
71 5.069500 
72 5.166500 
73 5.255500 
74 5.337500 
75 5.408500 
76 5.470500 
77 5.522500 
78 5.562500 
79 5.591500 
80 5.609500 
81 5.615500 
82 5.605500 
83 5.577500 
84 5.531500 
85 5.469500 
86 5.395500 
87 5.313500 
88 5.235500 
89 5.179500 
90 5.184500 
91 5.277500 
92 5.433500 
93 5.618500 
94 5.811500 
95 5.998500 
96 6.167500 
97 6.313500 
98 6.431500 
99 6.517500 
100 6.569500 
101 6.587500 
102 6.564500 
103 6.496500 
104 6.385500 
105 6.235500 
106 6.050500 
107 5.840500 
108 5.622500 
109 5.418500 
110 5.262500 
111 5.182500 
112 5.179500 
113 5.230500 
114 5.307500 
115 5.389500 
116 5.461500 
117 5.515500 
118 5.547500 
119 5.554500 
120 5.537500 
121 5.496500 

1 4.364500 
2 4.419500 
3 4.526500 
4 4.633500 
5 4.720500 
6 4.779500 
7 4.807500 
8 4.804500 
9 4.771500 
10 4.711500 
11 4.629500 
12 4.538500 
13 4.466500 
14 4.469500 
15 4.576500 
16 4.738500 
17 4.905500 
18 5.052500 
19 5.164500 
20 5.234500 
21 5.258500 
22 5.229500 
23 5.214500 
24 5.213500 
25 5.222500 
26 5.241500 
27 5.266500 
28 5.295500 
29 5.328500 
30 5.362500 
31 5.397500 
32 5.431500 
33 5.463500 
34 5.493500 
35 5.520500 
36 5.543500 
37 5.563500 
38 5.579500 
39 5.590500 
40 5.597500 
41 5.599500 
42 5.580500 
43 5.524500 
44 5.435500 
45 5.319500 
46 5.181500 
47 5.033500 
48 4.884500 
49 4.744500 
50 4.622500 
51 4.523500 
52 4.449500 
53 4.396500 
54 4.476500 
55 4.483500 
56 4.473500 
57 4.438500 
58 4.374500 
59 4.284500 
60 4.181500 
61 4.119500 
62 4.147500 
63 4.215500 
64 4.306500 
65 4.409500 
66 4.519500 
67 4.632500 
68 4.746500 
69 4.857500 
70 4.966500 
71 5.047500 
72 5.052500 
73 5.058500 
74 5.064500 
75 5.071500 
76 5.077500 
77 5.082500 
78 5.086500 
79 5.090500 
80 5.092500 
81 5.093500 
82 5.077500 
83 5.032500 
84 4.956500 
85 4.852500 
86 4.836500 
87 4.829500 
88 4.838500 
89 4.863500 
90 4.884500 
91 4.890500 
92 4.910500 
93 4.966500 
94 5.056500 
95 5.165500 
96 5.279500 
97 5.385500 
98 5.475500 
99 5.543500 
100 5.585500 
101 5.599500 
102 5.582500 
103 5.533500 
104 5.453500 
105 5.344500 
106 5.213500 
107 5.065500 
108 4.913500 
109 4.771500 
110 4.655500 
111 4.584500 
112 4.583500 
113 4.656500 
114 4.771500 
115 4.897500 
116 5.022500 
117 5.142500 
118 5.253500 
119 5.351500 
120 5.433500 
121 5.496500 

1 3.890500 
2 3.844500 
3 3.754500 
4 3.666500 
5 3.593500 
6 3.532500 
7 3.474500 
8 3.413500 
9 3.347500 
10 3.289500 
11 3.336500 
12 3.507500 
13 3.668500 
14 3.739500 
15 3.683500 
16 3.545500 
17 3.373500 
18 3.194500 
19 3.026500 
20 2.891500 
21 2.832500 
22 2.862500 
23 2.888500 
24 2.908500 
25 2.923500 
26 2.933500 
27 2.937500 
28 2.936500 
29 2.930500 
30 2.918500 
31 2.902500 
32 2.881500 
33 2.857500 
34 2.829500 
35 2.799500 
36 2.769500 
37 2.739500 
38 2.712500 
39 2.691500 
40 2.677500 
41 2.672500 
42 2.740500 
43 2.869500 
44 3.014500 
45 3.169500 
46 3.329500 
47 3.492500 
48 3.653500 
49 3.805500 
50 3.942500 
51 4.050500 
52 4.160500 
53 4.381500 
54 4.355500 
55 4.320500 
56 4.286500 
57 4.249500 
58 4.210500 
59 4.171500 
60 4.138500 
61 4.119500 
62 4.119500 
63 4.126500 
64 4.141500 
65 4.165500 
66 4.199500 
67 4.241500 
68 4.292500 
69 4.349500 
70 4.412500 
71 4.477500 
72 4.544500 
73 4.609500 
74 4.672500 
75 4.729500 
76 4.781500 
77 4.824500 
78 4.859500 
79 4.885500 
80 4.900500 
81 4.906500 
82 4.901500 
83 4.890500 
84 4.872500 
85 4.850500 
86 4.714500 
87 4.549500 
88 4.356500 
89 4.135500 
90 3.887500 
91 3.614500 
92 3.502500 
93 3.487500 
94 3.422500 
95 3.323500 
96 3.205500 
97 3.079500 
98 2.953500 
99 2.832500 
100 2.726500 
101 2.672500 
102 2.729500 
103 2.842500 
104 2.966500 
105 3.090500 
106 3.206500 
107 3.308500 
108 3.390500 
109 3.475500 
110 3.643500 
111 3.836500 
112 3.979500 
113 4.070500 
114 4.140500 
115 4.203500 
116 4.259500 
117 4.299500 
118 4.319500 
119 4.317500 
120 4.292500 
121 4.247500 

1 3.890500 
2 3.844500 
3 3.754500 
4 3.666500 
5 3.593500 
6 3.532500 
7 3.474500 
8 3.413500 
9 3.347500 
10 3.289500 
11 3.336500 
12 3.507500 
13 3.668500 
14 3.739500 
15 3.683500 
16 3.545500 
17 3.373500 
18 3.194500 
19 3.026500 
20 2.891500 
21 2.832500 
22 2.862500 
23 2.888500 
24 2.908500 
25 2.923500 
26 2.933500 
27 2.937500 
28 2.936500 
29 2.930500 
30 2.918500 
31 2.902500 
32 2.881500 
33 2.857500 
34 2.829500 
35 2.799500 
36 2.769500 
37 2.739500 
38 2.712500 
39 2.691500 
40 2.677500 
41 2.672500 
42 2.647500 
43 2.571500 
44 2.445500 
45 2.280500 
46 2.276500 
47 2.578500 
48 2.941500 
49 3.290500 
50 3.612500 
51 3.903500 
52 4.102500 
53 4.042500 
54 3.895500 
55 3.743500 
56 3.626500 
57 3.561500 
58 3.552500 
59 3.598500 
60 3.685500 
61 3.748500 
62 3.724500 
63 3.662500 
64 3.576500 
65 3.475500 
66 3.364500 
67 3.245500 
68 3.121500 
69 3.117500 
70 3.119500 
71 3.118500 
72 3.114500 
73 3.108500 
74 3.100500 
75 3.091500 
76 3.082500 
77 3.074500 
78 3.067500 
79 3.062500 
80 3.059500 
81 3.058500 
82 3.050500 
83 3.028500 
84 2.991500 
85 2.940500 
86 2.876500 
87 2.799500 
88 2.964500 
89 3.172500 
90 3.340500 
91 3.453500 
92 3.319500 
93 3.007500 
94 2.686500 
95 2.370500 
96 2.241500 
97 2.373500 
98 2.503500 
99 2.596500 
100 2.653500 
101 2.672500 
102 2.658500 
103 2.617500 
104 2.555500 
105 2.478500 
106 2.448500 
107 2.696500 
108 2.971500 
109 3.198500 
110 3.267500 
111 3.267500 
112 3.327500 
113 3.431500 
114 3.547500 
115 3.666500 
116 3.784500 
117 3.898500 
118 4.004500 
119 4.100500 
120 4.182500 
121 4.247500 

1 2.695500 
2 2.693500 
3 2.684500 
4 2.663500 
5 2.636500 
6 2.621500 
7 2.644500 
8 2.725500 
9 2.859500 
10 3.015500 
11 3.077500 
12 3.006500 
13 2.905500 
14 2.800500 
15 2.703500 
16 2.623500 
17 2.592500 
18 2.668500 
19 2.757500 
20 2.813500 
21 2.832500 
22 2.797500 
23 2.759500 
24 2.761500 
25 2.788500 
26 2.798500 
27 2.792500 
28 2.776500 
29 2.750500 
30 2.719500 
31 2.683500 
32 2.646500 
33 2.608500 
34 2.572500 
35 2.537500 
36 2.506500 
37 2.478500 
38 2.456500 
39 2.439500 
40 2.429500 
41 2.426500 
42 2.358500 
43 2.231500 
44 2.127500 
45 2.176500 
46 2.223500 
47 2.342500 
48 2.398500 
49 2.507500 
50 2.664500 
51 2.805500 
52 2.926500 
53 3.023500 
54 3.096500 
55 3.143500 
56 3.162500 
57 3.156500 
58 3.124500 
59 3.070500 
60 2.997500 
61 2.908500 
62 2.952500 
63 2.992500 
64 3.027500 
65 3.056500 
66 3.079500 
67 3.097500 
68 3.109500 
69 2.993500 
70 2.862500 
71 2.729500 
72 2.598500 
73 2.468500 
74 2.343500 
75 2.272500 
76 2.249500 
77 2.229500 
78 2.214500 
79 2.203500 
80 2.197500 
81 2.194500 
82 2.188500 
83 2.169500 
84 2.138500 
85 2.286500 
86 2.502500 
87 2.734500 
88 2.711500 
89 2.612500 
90 2.505500 
91 2.407500 
92 2.419500 
93 2.401500 
94 2.359500 
95 2.303500 
96 2.208500 
97 2.185500 
98 2.171500 
99 2.268500 
100 2.372500 
101 2.426500 
102 2.377500 
103 2.299500 
104 2.252500 
105 2.275500 
106 2.401500 
107 2.447500 
108 2.574500 
109 2.703500 
110 2.810500 
111 2.827500 
112 2.685500 
113 2.427500 
114 2.110500 
115 2.027500 
116 1.925500 
117 1.803500 
118 1.664500 
119 1.510500 
120 1.343500 
121 1.168500 

1 2.695500 
2 2.693500 
3 2.684500 
4 2.663500 
5 2.636500 
6 2.621500 
7 2.644500 
8 2.725500 
9 2.859500 
10 3.015500 
11 3.077500 
12 3.006500 
13 2.905500 
14 2.800500 
15 2.703500 
16 2.623500 
17 2.592500 
18 2.668500 
19 2.757500 
20 2.813500 
21 2.832500 
22 2.797500 
23 2.759500 
24 2.716500 
25 2.670500 
26 2.621500 
27 2.570500 
28 2.517500 
29 2.464500 
30 2.410500 
31 2.356500 
32 2.304500 
33 2.255500 
34 2.208500 
35 2.166500 
36 2.128500 
37 2.096500 
38 2.070500 
39 2.051500 
40 2.039500 
41 2.036500 
42 2.046500 
43 2.078500 
44 2.094500 
45 1.954500 
46 2.018500 
47 2.168500 
48 2.340500 
49 2.433500 
50 2.435500 
51 2.400500 
52 2.325500 
53 2.217500 
54 2.084500 
55 2.140500 
56 2.278500 
57 2.416500 
58 2.552500 
59 2.681500 
60 2.800500 
61 2.904500 
62 2.856500 
63 2.805500 
64 2.753500 
65 2.700500 
66 2.648500 
67 2.596500 
68 2.545500 
69 2.497500 
70 2.451500 
71 2.408500 
72 2.368500 
73 2.332500 
74 2.300500 
75 2.225500 
76 2.117500 
77 2.023500 
78 1.944500 
79 1.885500 
80 1.849500 
81 1.836500 
82 1.867500 
83 1.957500 
84 2.099500 
85 2.096500 
86 2.042500 
87 2.077500 
88 2.186500 
89 2.284500 
90 2.361500 
91 2.390500 
92 2.271500 
93 2.149500 
94 2.028500 
95 2.010500 
96 2.082500 
97 1.974500 
98 2.075500 
99 2.065500 
100 2.044500 
101 2.036500 
102 2.048500 
103 2.085500 
104 2.152500 
105 2.257500 
106 2.339500 
107 2.338500 
108 2.300500 
109 2.280500 
110 2.266500 
111 2.248500 
112 2.218500 
113 2.173500 
114 2.107500 
115 1.751500 
116 1.372500 
117 0.983500 
118 0.664500 
119 0.820500 
120 0.991500 
121 1.168500 

1 1.197500 
2 1.191500 
3 1.195500 
4 1.229500 
5 1.291500 
6 1.362500 
7 1.417500 
8 1.441500 
9 1.443500 
10 1.446500 
11 1.481500 
12 1.572500 
13 1.724500 
14 1.920500 
15 2.128500 
16 2.320500 
17 2.460500 
18 2.487500 
19 2.496500 
20 2.524500 
21 2.546500 
22 2.642500 
23 2.713500 
24 2.716500 
25 2.670500 
26 2.621500 
27 2.570500 
28 2.517500 
29 2.464500 
30 2.410500 
31 2.356500 
32 2.304500 
33 2.255500 
34 2.208500 
35 2.166500 
36 2.128500 
37 2.096500 
38 2.070500 
39 2.051500 
40 2.039500 
41 2.036500 
42 2.012500 
43 1.941500 
44 1.817500 
45 1.919500 
46 1.999500 
47 1.737500 
48 1.502500 
49 1.417500 
50 1.523500 
51 1.634500 
52 1.751500 
53 1.875500 
54 2.005500 
55 1.936500 
56 1.785500 
57 1.641500 
58 1.514500 
59 1.412500 
60 1.345500 
61 1.322500 
62 1.328500 
63 1.344500 
64 1.368500 
65 1.399500 
66 1.434500 
67 1.469500 
68 1.503500 
69 1.534500 
70 1.562500 
71 1.585500 
72 1.605500 
73 1.621500 
74 1.634500 
75 1.644500 
76 1.652500 
77 1.657500 
78 1.662500 
79 1.665500 
80 1.666500 
81 1.667500 
82 1.680500 
83 1.720500 
84 1.783500 
85 1.868500 
86 1.968500 
87 1.977500 
88 1.904500 
89 1.821500 
90 1.731500 
91 1.633500 
92 1.528500 
93 1.524500 
94 1.781500 
95 1.911500 
96 1.822500 
97 1.849500 
98 1.882500 
99 1.967500 
100 2.018500 
101 2.036500 
102 2.022500 
103 1.984500 
104 1.924500 
105 1.851500 
106 1.769500 
107 1.669500 
108 1.656500 
109 1.711500 
110 1.713500 
111 1.638500 
112 1.467500 
113 1.194500 
114 0.836500 
115 0.443500 
116 0.459500 
117 0.538500 
118 0.595500 
119 0.220500 
120 -0.122500 
121 -0.408500 

1 1.197500 
2 1.191500 
3 1.195500 
4 1.229500 
5 1.291500 
6 1.362500 
7 1.417500 
8 1.441500 
9 1.443500 
10 1.446500 
11 1.481500 
12 1.572500 
13 1.724500 
14 1.920500 
15 2.128500 
16 2.320500 
17 2.460500 
18 2.487500 
19 2.496500 
20 2.524500 
21 2.546500 
22 2.425500 
23 2.281500 
24 2.114500 
25 1.927500 
26 1.724500 
27 1.507500 
28 1.279500 
29 1.044500 
30 0.804500 
31 0.753500 
32 0.869500 
33 0.981500 
34 1.086500 
35 1.184500 
36 1.273500 
37 1.351500 
38 1.415500 
39 1.464500 
40 1.494500 
41 1.504500 
42 1.528500 
43 1.597500 
44 1.707500 
45 1.841500 
46 1.812500 
47 1.662500 
48 1.402500 
49 1.331500 
50 1.148500 
51 0.956500 
52 0.755500 
53 0.546500 
54 0.332500 
55 0.115500 
56 -0.101500 
57 -0.316500 
58 -0.525500 
59 -0.726500 
60 -0.914500 
61 -1.086500 
62 -1.014500 
63 -0.957500 
64 -0.920500 
65 -0.903500 
66 -0.906500 
67 -0.929500 
68 -0.968500 
69 -1.023500 
70 -1.092500 
71 -1.171500 
72 -1.259500 
73 -1.353500 
74 -1.449500 
75 -1.531500 
76 -1.503500 
77 -1.474500 
78 -1.446500 
79 -1.423500 
80 -1.408500 
81 -1.403500 
82 -1.370500 
83 -1.273500 
84 -1.117500 
85 -0.907500 
86 -0.651500 
87 -0.358500 
88 -0.041500 
89 0.287500 
90 0.617500 
91 0.937500 
92 1.241500 
93 1.412500 
94 1.448500 
95 1.647500 
96 1.801500 
97 1.764500 
98 1.684500 
99 1.580500 
100 1.522500 
101 1.504500 
102 1.512500 
103 1.528500 
104 1.538500 
105 1.527500 
106 1.521500 
107 1.575500 
108 1.536500 
109 1.368500 
110 1.177500 
111 0.976500 
112 0.784500 
113 0.618500 
114 0.498500 
115 0.427500 
116 0.015500 
117 -0.341500 
118 -0.584500 
119 -0.673500 
120 -0.605500 
121 -0.408500 

1 -1.379500 
2 -1.399500 
3 -1.458500 
4 -1.549500 
5 -1.651500 
6 -1.734500 
7 -1.771500 
8 -1.739500 
9 -1.611500 
10 -1.375500 
11 -1.075500 
12 -0.797500 
13 -0.599500 
14 -0.483500 
15 -0.430500 
16 -0.413500 
17 -0.415500 
18 -0.425500 
19 -0.436500 
20 -0.444500 
21 -0.446500 
22 -0.337500 
23 -0.223500 
24 -0.105500 
25 0.015500 
26 0.138500 
27 0.262500 
28 0.387500 
29 0.511500 
30 0.633500 
31 0.753500 
32 0.869500 
33 0.981500 
34 1.086500 
35 1.184500 
36 1.273500 
37 1.351500 
38 1.415500 
39 1.464500 
40 1.494500 
41 1.504500 
42 1.523500 
43 1.584500 
44 1.704500 
45 1.635500 
46 1.394500 
47 1.189500 
48 1.309500 
49 1.021500 
50 0.604500 
51 0.162500 
52 -0.284500 
53 -0.712500 
54 -1.093500 
55 -1.395500 
56 -1.589500 
57 -1.614500 
58 -1.586500 
59 -1.465500 
60 -1.276500 
61 -1.093500 
62 -1.170500 
63 -1.244500 
64 -1.311500 
65 -1.373500 
66 -1.427500 
67 -1.474500 
68 -1.512500 
69 -1.542500 
70 -1.563500 
71 -1.574500 
72 -1.576500 
73 -1.569500 
74 -1.553500 
75 -1.545500 
76 -1.636500 
77 -1.719500 
78 -1.790500 
79 -1.844500 
80 -1.878500 
81 -1.889500 
82 -1.846500 
83 -1.719500 
84 -1.523500 
85 -1.276500 
86 -0.996500 
87 -0.700500 
88 -0.398500 
89 -0.062500 
90 0.324500 
91 0.664500 
92 0.961500 
93 1.221500 
94 1.281500 
95 1.437500 
96 1.615500 
97 1.703500 
98 1.620500 
99 1.557500 
100 1.518500 
101 1.504500 
102 1.507500 
103 1.513500 
104 1.510500 
105 1.482500 
106 1.409500 
107 1.284500 
108 1.113500 
109 0.907500 
110 0.673500 
111 0.417500 
112 0.144500 
113 -0.138500 
114 -0.424500 
115 -0.704500 
116 -0.968500 
117 -1.205500 
118 -1.404500 
119 -1.556500 
120 -1.653500 
121 -1.695500 

1 -1.379500 
2 -1.399500 
3 -1.458500 
4 -1.549500 
5 -1.651500 
6 -1.734500 
7 -1.771500 
8 -1.739500 
9 -1.611500 
10 -1.375500 
11 -1.075500 
12 -0.797500 
13 -0.599500 
14 -0.483500 
15 -0.430500 
16 -0.413500 
17 -0.415500 
18 -0.425500 
19 -0.436500 
20 -0.444500 
21 -0.446500 
22 -0.337500 
23 -0.223500 
24 -0.105500 
25 0.015500 
26 0.138500 
27 0.262500 
28 0.387500 
29 0.511500 
30 0.633500 
31 0.563500 
32 0.325500 
33 0.094500 
34 -0.126500 
35 -0.332500 
36 -0.518500 
37 -0.678500 
38 -0.810500 
39 -0.907500 
40 -0.967500 
41 -0.987500 
42 -0.529500 
43 0.001500 
44 0.458500 
45 0.803500 
46 1.034500 
47 1.095500 
48 0.739500 
49 0.327500 
50 -0.141500 
51 -0.666500 
52 -1.242500 
53 -1.702500 
54 -1.689500 
55 -1.668500 
56 -1.643500 
57 -1.659500 
58 -1.608500 
59 -1.561500 
60 -1.544500 
61 -1.537500 
62 -1.539500 
63 -1.545500 
64 -1.555500 
65 -1.569500 
66 -1.587500 
67 -1.610500 
68 -1.638500 
69 -1.669500 
70 -1.704500 
71 -1.741500 
72 -1.780500 
73 -1.820500 
74 -1.860500 
75 -1.898500 
76 -1.933500 
77 -1.964500 
78 -1.989500 
79 -2.008500 
80 -2.020500 
81 -2.024500 
82 -2.022500 
83 -2.015500 
84 -2.003500 
85 -1.986500 
86 -1.525500 
87 -0.987500 
88 -0.499500 
89 -0.097500 
90 0.197500 
91 0.481500 
92 0.751500 
93 1.003500 
94 1.232500 
95 1.124500 
96 0.919500 
97 0.644500 
98 0.289500 
99 -0.133500 
100 -0.602500 
101 -0.987500 
102 -0.591500 
103 -0.098500 
104 0.349500 
105 0.708500 
106 0.917500 
107 0.928500 
108 0.799500 
109 0.603500 
110 0.368500 
111 0.107500 
112 -0.176500 
113 -0.477500 
114 -0.793500 
115 -1.120500 
116 -1.390500 
117 -1.472500 
118 -1.561500 
119 -1.637500 
120 -1.686500 
121 -1.695500 

1 -8.109500 
2 -7.891500 
3 -7.341500 
4 -6.619500 
5 -5.827500 
6 -5.023500 
7 -4.249500 
8 -3.540500 
9 -2.939500 
10 -2.483500 
11 -2.158500 
12 -1.902500 
13 -1.671500 
14 -1.449500 
15 -1.233500 
16 -1.028500 
17 -0.840500 
18 -0.678500 
19 -0.553500 
20 -0.474500 
21 -0.446500 
22 -0.551500 
23 -0.649500 
24 -0.741500 
25 -0.826500 
26 -0.903500 
27 -0.973500 
28 -1.035500 
29 -1.090500 
30 -1.137500 
31 -1.177500 
32 -1.210500 
33 -1.237500 
34 -1.258500 
35 -1.275500 
36 -1.287500 
37 -1.296500 
38 -1.302500 
39 -1.306500 
40 -1.309500 
41 -1.309500 
42 -1.320500 
43 -1.351500 
44 -1.396500 
45 -1.451500 
46 -1.508500 
47 -1.563500 
48 -1.612500 
49 -1.652500 
50 -1.681500 
51 -1.699500 
52 -1.706500 
53 -1.865500 
54 -2.528500 
55 -3.223500 
56 -3.939500 
57 -4.666500 
58 -5.389500 
59 -6.096500 
60 -6.764500 
61 -7.219500 
62 -7.094500 
63 -6.882500 
64 -6.654500 
65 -6.425500 
66 -6.197500 
67 -5.975500 
68 -5.759500 
69 -5.551500 
70 -5.353500 
71 -5.166500 
72 -4.994500 
73 -4.836500 
74 -4.695500 
75 -4.572500 
76 -4.468500 
77 -4.383500 
78 -4.317500 
79 -4.271500 
80 -4.243500 
81 -4.233500 
82 -3.945500 
83 -3.364500 
84 -2.730500 
85 -2.109500 
86 -1.964500 
87 -1.937500 
88 -1.904500 
89 -1.866500 
90 -1.822500 
91 -1.773500 
92 -1.719500 
93 -1.662500 
94 -1.602500 
95 -1.541500 
96 -1.482500 
97 -1.427500 
98 -1.379500 
99 -1.341500 
100 -1.318500 
101 -1.309500 
102 -1.317500 
103 -1.338500 
104 -1.368500 
105 -1.403500 
106 -1.435500 
107 -1.459500 
108 -1.470500 
109 -1.465500 
110 -1.444500 
111 -1.409500 
112 -1.368500 
113 -1.332500 
114 -1.316500 
115 -1.334500 
116 -1.460500 
117 -1.816500 
118 -2.186500 
119 -2.554500 
120 -2.888500 
121 -3.162500 

1 -8.109500 
2 -7.891500 
3 -7.341500 
4 -6.619500 
5 -5.827500 
6 -5.023500 
7 -4.249500 
8 -3.540500 
9 -2.939500 
10 -2.483500 
11 -2.158500 
12 -1.902500 
13 -1.671500 
14 -1.449500 
15 -1.233500 
16 -1.028500 
17 -0.840500 
18 -0.678500 
19 -0.553500 
20 -0.474500 
21 -0.446500 
22 -0.551500 
23 -0.649500 
24 -0.741500 
25 -0.826500 
26 -0.903500 
27 -0.973500 
28 -1.035500 
29 -1.090500 
30 -1.137500 
31 -1.177500 
32 -1.210500 
33 -1.237500 
34 -1.258500 
35 -1.275500 
36 -1.287500 
37 -1.296500 
38 -1.302500 
39 -1.306500 
40 -1.309500 
41 -1.309500 
42 -1.812500 
43 -2.483500 
44 -3.190500 
45 -3.926500 
46 -4.685500 
47 -5.462500 
48 -6.252500 
49 -7.052500 
50 -7.854500 
51 -8.653500 
52 -9.442500 
53 -10.212500 
54 -10.099500 
55 -9.692500 
56 -9.186500 
57 -8.719500 
58 -8.337500 
59 -8.048500 
60 -7.837500 
61 -7.676500 
62 -7.612500 
63 -7.552500 
64 -7.493500 
65 -7.432500 
66 -7.368500 
67 -7.298500 
68 -7.220500 
69 -7.133500 
70 -7.036500 
71 -6.930500 
72 -6.817500 
73 -6.698500 
74 -6.576500 
75 -6.456500 
76 -6.343500 
77 -6.241500 
78 -6.154500 
79 -6.089500 
80 -6.048500 
81 -6.034500 
82 -6.350500 
83 -7.010500 
84 -7.764500 
85 -8.521500 
86 -9.211500 
87 -9.748500 
88 -9.331500 
89 -8.737500 
90 -8.114500 
91 -7.470500 
92 -6.812500 
93 -6.149500 
94 -5.484500 
95 -4.823500 
96 -4.169500 
97 -3.528500 
98 -2.903500 
99 -2.300500 
100 -1.728500 
101 -1.309500 
102 -1.718500 
103 -2.250500 
104 -2.771500 
105 -3.261500 
106 -3.702500 
107 -4.083500 
108 -4.391500 
109 -4.620500 
110 -4.766500 
111 -4.831500 
112 -4.820500 
113 -4.738500 
114 -4.598500 
115 -4.412500 
116 -4.197500 
117 -3.973500 
118 -3.760500 
119 -3.566500 
120 -3.378500 
121 -3.162500 

1 -10.994500 
2 -11.099500 
3 -11.311500 
4 -11.471500 
5 -11.617500 
6 -11.790500 
7 -11.990500 
8 -12.198500 
9 -12.396500 
10 -12.567500 
11 -12.693500 
12 -12.747500 
13 -12.677500 
14 -12.440500 
15 -12.058500 
16 -11.600500 
17 -11.131500 
18 -10.707500 
19 -10.372500 
20 -10.158500 
21 -10.084500 
22 -9.884500 
23 -9.680500 
24 -9.473500 
25 -9.264500 
26 -9.054500 
27 -8.846500 
28 -8.640500 
29 -8.438500 
30 -8.242500 
31 -8.055500 
32 -7.877500 
33 -7.593500 
34 -6.899500 
35 -6.249500 
36 -5.662500 
37 -5.156500 
38 -4.745500 
39 -4.442500 
40 -4.256500 
41 -4.193500 
42 -4.273500 
43 -4.511500 
44 -4.904500 
45 -5.448500 
46 -6.134500 
47 -6.944500 
48 -7.855500 
49 -8.835500 
50 -9.849500 
51 -10.399500 
52 -10.351500 
53 -10.281500 
54 -10.956500 
55 -10.737500 
56 -10.149500 
57 -9.571500 
58 -9.014500 
59 -8.481500 
60 -7.981500 
61 -7.681500 
62 -7.868500 
63 -8.136500 
64 -8.410500 
65 -8.675500 
66 -8.927500 
67 -9.164500 
68 -9.384500 
69 -9.586500 
70 -9.767500 
71 -9.928500 
72 -10.067500 
73 -10.183500 
74 -10.278500 
75 -10.352500 
76 -10.406500 
77 -10.445500 
78 -10.470500 
79 -10.485500 
80 -10.492500 
81 -10.495500 
82 -10.542500 
83 -10.673500 
84 -10.760500 
85 -10.783500 
86 -10.385500 
87 -9.884500 
88 -10.086500 
89 -10.112500 
90 -9.803500 
91 -9.447500 
92 -8.654500 
93 -7.806500 
94 -7.012500 
95 -6.292500 
96 -5.665500 
97 -5.141500 
98 -4.729500 
99 -4.432500 
100 -4.253500 
101 -4.193500 
102 -4.315500 
103 -4.669500 
104 -5.223500 
105 -5.929500 
106 -6.732500 
107 -7.578500 
108 -8.420500 
109 -9.219500 
110 -9.947500 
111 -10.583500 
112 -11.112500 
113 -11.520500 
114 -11.765500 
115 -11.770500 
116 -11.575500 
117 -11.306500 
118 -11.039500 
119 -10.820500 
120 -10.684500 
121 -10.669500 

1 -10.994500 
2 -11.099500 
3 -11.311500 
4 -11.471500 
5 -11.617500 
6 -11.790500 
7 -11.990500 
8 -12.198500 
9 -12.396500 
10 -12.567500 
11 -12.693500 
12 -12.747500 
13 -12.677500 
14 -12.440500 
15 -12.058500 
16 -11.600500 
17 -11.131500 
18 -10.707500 
19 -10.372500 
20 -10.158500 
21 -10.084500 
22 -9.884500 
23 -9.680500 
24 -9.473500 
25 -9.264500 
26 -9.054500 
27 -8.846500 
28 -8.640500 
29 -8.438500 
30 -8.242500 
31 -8.055500 
32 -7.877500 
33 -7.712500 
34 -7.560500 
35 -7.425500 
36 -7.307500 
37 -7.208500 
38 -7.130500 
39 -7.073500 
40 -7.038500 
41 -7.027500 
42 -7.052500 
43 -7.153500 
44 -7.376500 
45 -7.756500 
46 -8.293500 
47 -8.960500 
48 -9.691500 
49 -10.279500 
50 -10.422500 
51 -10.853500 
52 -11.808500 
53 -11.609500 
54 -11.154500 
55 -11.024500 
56 -11.139500 
57 -11.386500 
58 -11.709500 
59 -12.056500 
60 -12.350500 
61 -12.476500 
62 -12.443500 
63 -12.356500 
64 -12.230500 
65 -12.081500 
66 -11.921500 
67 -11.759500 
68 -11.601500 
69 -11.452500 
70 -11.314500 
71 -11.191500 
72 -11.083500 
73 -10.990500 
74 -10.913500 
75 -10.849500 
76 -10.799500 
77 -10.762500 
78 -10.736500 
79 -10.722500 
80 -10.718500 
81 -10.718500 
82 -10.720500 
83 -10.730500 
84 -10.799500 
85 -10.822500 
86 -10.698500 
87 -10.561500 
88 -10.366500 
89 -10.290500 
90 -10.405500 
91 -9.530500 
92 -9.059500 
93 -8.661500 
94 -8.273500 
95 -7.920500 
96 -7.619500 
97 -7.381500 
98 -7.211500 
99 -7.103500 
100 -7.045500 
101 -7.027500 
102 -7.056500 
103 -7.152500 
104 -7.329500 
105 -7.607500 
106 -7.993500 
107 -8.484500 
108 -9.061500 
109 -9.694500 
110 -10.343500 
111 -10.972500 
112 -11.543500 
113 -12.033500 
114 -12.425500 
115 -12.590500 
116 -12.515500 
117 -12.032500 
118 -11.540500 
119 -11.112500 
120 -10.809500 
121 -10.669500 

1 -11.694500 
2 -11.713500 
3 -11.855500 
4 -12.130500 
5 -12.390500 
6 -12.652500 
7 -12.939500 
8 -13.253500 
9 -13.575500 
10 -13.871500 
11 -14.036500 
12 -13.972500 
13 -13.860500 
14 -13.792500 
15 -13.582500 
16 -12.966500 
17 -12.218500 
18 -11.434500 
19 -10.738500 
20 -10.256500 
21 -10.084500 
22 -10.279500 
23 -10.469500 
24 -10.652500 
25 -10.829500 
26 -10.998500 
27 -11.160500 
28 -11.112500 
29 -10.457500 
30 -9.763500 
31 -9.044500 
32 -8.314500 
33 -7.712500 
34 -7.560500 
35 -7.425500 
36 -7.307500 
37 -7.208500 
38 -7.130500 
39 -7.073500 
40 -7.038500 
41 -7.027500 
42 -7.170500 
43 -7.581500 
44 -8.206500 
45 -8.972500 
46 -9.802500 
47 -10.632500 
48 -10.845500 
49 -11.006500 
50 -11.608500 
51 -12.297500 
52 -12.203500 
53 -11.880500 
54 -11.321500 
55 -11.664500 
56 -12.326500 
57 -12.932500 
58 -13.474500 
59 -13.784500 
60 -13.796500 
61 -13.834500 
62 -13.826500 
63 -13.841500 
64 -13.860500 
65 -13.866500 
66 -13.789500 
67 -13.590500 
68 -13.387500 
69 -13.184500 
70 -12.983500 
71 -12.788500 
72 -12.600500 
73 -12.423500 
74 -12.259500 
75 -12.025500 
76 -11.737500 
77 -11.474500 
78 -11.249500 
79 -11.075500 
80 -10.962500 
81 -10.922500 
82 -10.921500 
83 -10.923500 
84 -10.993500 
85 -10.836500 
86 -10.999500 
87 -11.316500 
88 -11.808500 
89 -11.252500 
90 -10.430500 
91 -10.542500 
92 -10.639500 
93 -10.723500 
94 -10.780500 
95 -10.436500 
96 -9.555500 
97 -8.712500 
98 -7.997500 
99 -7.462500 
100 -7.136500 
101 -7.027500 
102 -7.148500 
103 -7.513500 
104 -8.119500 
105 -8.945500 
106 -9.931500 
107 -10.983500 
108 -11.839500 
109 -12.134500 
110 -12.344500 
111 -12.503500 
112 -12.589500 
113 -12.593500 
114 -12.557500 
115 -12.715500 
116 -12.744500 
117 -12.857500 
118 -12.961500 
119 -12.981500 
120 -12.996500 
121 -13.024500 

1 -11.694500 
2 -11.713500 
3 -11.855500 
4 -12.130500 
5 -12.390500 
6 -12.652500 
7 -12.939500 
8 -13.253500 
9 -13.575500 
10 -13.871500 
11 -14.036500 
12 -13.972500 
13 -13.860500 
14 -13.792500 
15 -13.582500 
16 -12.966500 
17 -12.218500 
18 -11.434500 
19 -10.738500 
20 -10.256500 
21 -10.084500 
22 -10.279500 
23 -10.469500 
24 -10.652500 
25 -10.829500 
26 -10.998500 
27 -11.160500 
28 -11.313500 
29 -11.458500 
30 -11.593500 
31 -11.720500 
32 -11.836500 
33 -11.941500 
34 -12.036500 
35 -11.882500 
36 -11.668500 
37 -11.482500 
38 -11.330500 
39 -11.217500 
40 -11.147500 
41 -11.123500 
42 -11.112500 
43 -11.084500 
44 -11.042500 
45 -10.990500 
46 -10.931500 
47 -10.873500 
48 -11.407500 
49 -12.091500 
50 -12.653500 
51 -12.795500 
52 -12.386500 
53 -12.676500 
54 -13.426500 
55 -13.853500 
56 -13.852500 
57 -13.826500 
58 -13.797500 
59 -13.941500 
60 -13.956500 
61 -13.836500 
62 -13.863500 
63 -13.893500 
64 -13.923500 
65 -13.953500 
66 -13.847500 
67 -13.792500 
68 -13.696500 
69 -13.558500 
70 -13.377500 
71 -13.157500 
72 -12.902500 
73 -12.621500 
74 -12.325500 
75 -12.111500 
76 -11.981500 
77 -11.872500 
78 -11.785500 
79 -11.721500 
80 -11.682500 
81 -11.669500 
82 -11.613500 
83 -11.448500 
84 -11.180500 
85 -11.240500 
86 -11.556500 
87 -11.891500 
88 -12.044500 
89 -12.384500 
90 -12.792500 
91 -13.001500 
92 -12.944500 
93 -12.255500 
94 -11.441500 
95 -10.945500 
96 -10.972500 
97 -11.019500 
98 -11.060500 
99 -11.093500 
100 -11.115500 
101 -11.123500 
102 -11.139500 
103 -11.187500 
104 -11.272500 
105 -11.395500 
106 -11.558500 
107 -11.763500 
108 -12.162500 
109 -13.008500 
110 -13.253500 
111 -13.260500 
112 -13.243500 
113 -13.207500 
114 -13.160500 
115 -13.001500 
116 -12.905500 
117 -12.986500 
118 -12.983500 
119 -13.036500 
120 -13.058500 
121 -13.024500 

1 -11.795500 
2 -11.879500 
3 -12.059500 
4 -12.346500 
5 -12.760500 
6 -13.187500 
7 -13.563500 
8 -13.856500 
9 -14.049500 
10 -14.140500 
11 -14.190500 
12 -14.280500 
13 -14.244500 
14 -14.020500 
15 -13.791500 
16 -13.812500 
17 -13.843500 
18 -13.872500 
19 -13.894500 
20 -13.908500 
21 -13.913500 
22 -13.728500 
23 -13.470500 
24 -13.139500 
25 -12.735500 
26 -12.259500 
27 -11.716500 
28 -11.313500 
29 -11.458500 
30 -11.593500 
31 -11.720500 
32 -11.836500 
33 -11.941500 
34 -12.036500 
35 -12.119500 
36 -12.190500 
37 -12.249500 
38 -12.296500 
39 -12.329500 
40 -12.349500 
41 -12.356500 
42 -12.408500 
43 -12.557500 
44 -12.775500 
45 -13.020500 
46 -13.244500 
47 -13.400500 
48 -13.452500 
49 -13.378500 
50 -13.183500 
51 -12.937500 
52 -13.075500 
53 -13.608500 
54 -13.805500 
55 -14.036500 
56 -14.429500 
57 -14.432500 
58 -14.328500 
59 -14.150500 
60 -14.328500 
61 -14.631500 
62 -14.494500 
63 -14.337500 
64 -14.165500 
65 -13.982500 
66 -13.978500 
67 -13.998500 
68 -14.011500 
69 -14.016500 
70 -14.012500 
71 -14.001500 
72 -13.982500 
73 -13.959500 
74 -13.933500 
75 -13.905500 
76 -13.879500 
77 -13.856500 
78 -13.838500 
79 -13.824500 
80 -13.816500 
81 -13.813500 
82 -13.847500 
83 -13.943500 
84 -14.081500 
85 -13.884500 
86 -13.375500 
87 -12.758500 
88 -12.222500 
89 -12.528500 
90 -12.932500 
91 -13.275500 
92 -13.143500 
93 -13.213500 
94 -13.209500 
95 -13.136500 
96 -13.007500 
97 -12.841500 
98 -12.664500 
99 -12.505500 
100 -12.395500 
101 -12.356500 
102 -12.389500 
103 -12.480500 
104 -12.613500 
105 -12.765500 
106 -12.914500 
107 -13.045500 
108 -13.147500 
109 -13.217500 
110 -13.720500 
111 -14.071500 
112 -13.935500 
113 -13.687500 
114 -13.378500 
115 -13.110500 
116 -13.067500 
117 -13.059500 
118 -13.086500 
119 -13.083500 
120 -13.082500 
121 -13.108500 

1 -11.795500 
2 -11.879500 
3 -12.059500 
4 -12.346500 
5 -12.760500 
6 -13.187500 
7 -13.563500 
8 -13.856500 
9 -14.049500 
10 -14.140500 
11 -14.190500 
12 -14.280500 
13 -14.244500 
14 -14.020500 
15 -13.791500 
16 -13.812500 
17 -13.843500 
18 -13.872500 
19 -13.894500 
20 -13.908500 
21 -13.913500 
22 -14.029500 
23 -14.080500 
24 -14.072500 
25 -14.011500 
26 -13.901500 
27 -13.751500 
28 -13.566500 
29 -13.353500 
30 -13.120500 
31 -12.873500 
32 -12.618500 
33 -12.363500 
34 -12.116500 
35 -12.119500 
36 -12.190500 
37 -12.249500 
38 -12.296500 
39 -12.329500 
40 -12.349500 
41 -12.356500 
42 -12.494500 
43 -12.854500 
44 -13.316500 
45 -13.754500 
46 -14.070500 
47 -14.205500 
48 -14.137500 
49 -13.875500 
50 -13.451500 
51 -13.162500 
52 -13.469500 
53 -13.683500 
54 -14.023500 
55 -14.297500 
56 -14.494500 
57 -14.797500 
58 -14.950500 
59 -14.963500 
60 -14.854500 
61 -14.642500 
62 -14.758500 
63 -14.855500 
64 -14.933500 
65 -14.991500 
66 -15.032500 
67 -15.057500 
68 -15.066500 
69 -15.064500 
70 -15.050500 
71 -15.028500 
72 -15.000500 
73 -14.968500 
74 -14.933500 
75 -14.899500 
76 -14.867500 
77 -14.838500 
78 -14.814500 
79 -14.797500 
80 -14.786500 
81 -14.782500 
82 -14.727500 
83 -14.560500 
84 -14.280500 
85 -14.233500 
86 -14.367500 
87 -14.450500 
88 -14.449500 
89 -14.337500 
90 -14.102500 
91 -13.841500 
92 -13.979500 
93 -14.184500 
94 -14.253500 
95 -14.161500 
96 -13.918500 
97 -13.558500 
98 -13.140500 
99 -12.746500 
100 -12.460500 
101 -12.356500 
102 -12.454500 
103 -12.723500 
104 -13.097500 
105 -13.500500 
106 -13.866500 
107 -14.147500 
108 -14.320500 
109 -14.380500 
110 -14.349500 
111 -14.372500 
112 -14.588500 
113 -14.662500 
114 -14.586500 
115 -14.403500 
116 -14.155500 
117 -13.874500 
118 -13.592500 
119 -13.348500 
120 -13.180500 
121 -13.108500 

