1 2.347900 
2 2.415900 
3 2.552900 
4 2.690900 
5 2.807900 
6 2.892900 
7 2.943900 
8 2.964900 
9 2.960900 
10 2.940900 
11 2.919900 
12 2.916900 
13 2.955900 
14 3.046900 
15 3.180900 
16 3.335900 
17 3.487900 
18 3.620900 
19 3.722900 
20 3.786900 
21 3.807900 
22 3.864900 
23 3.926900 
24 3.993900 
25 4.064900 
26 4.136900 
27 4.208900 
28 4.280900 
29 4.350900 
30 4.417900 
31 4.480900 
32 4.539900 
33 4.593900 
34 4.641900 
35 4.683900 
36 4.720900 
37 4.750900 
38 4.773900 
39 4.790900 
40 4.800900 
41 4.804900 
42 4.785900 
43 4.729900 
44 4.637900 
45 4.510900 
46 4.353900 
47 4.168900 
48 3.959900 
49 3.731900 
50 3.489900 
51 3.237900 
52 2.987900 
53 2.751900 
54 2.639900 
55 2.736900 
56 2.794900 
57 2.816900 
58 2.809900 
59 2.783900 
60 2.752900 
61 2.738900 
62 2.742900 
63 2.756900 
64 2.780900 
65 2.812900 
66 2.852900 
67 2.897900 
68 2.945900 
69 2.996900 
70 3.047900 
71 3.096900 
72 3.150900 
73 3.279900 
74 3.397900 
75 3.501900 
76 3.591900 
77 3.666900 
78 3.725900 
79 3.767900 
80 3.792900 
81 3.801900 
82 3.788900 
83 3.751900 
84 3.690900 
85 3.609900 
86 3.515900 
87 3.425900 
88 3.382900 
89 3.423900 
90 3.527900 
91 3.668900 
92 3.830900 
93 3.999900 
94 4.166900 
95 4.323900 
96 4.463900 
97 4.582900 
98 4.678900 
99 4.747900 
100 4.790900 
101 4.804900 
102 4.786900 
103 4.734900 
104 4.648900 
105 4.530900 
106 4.384900 
107 4.215900 
108 4.032900 
109 3.848900 
110 3.680900 
111 3.552900 
112 3.484900 
113 3.484900 
114 3.536900 
115 3.613900 
116 3.692900 
117 3.758900 
118 3.801900 
119 3.820900 
120 3.813900 
121 3.781900 

1 2.347900 
2 2.415900 
3 2.552900 
4 2.690900 
5 2.807900 
6 2.892900 
7 2.943900 
8 2.964900 
9 2.960900 
10 2.940900 
11 2.919900 
12 2.916900 
13 2.955900 
14 3.046900 
15 3.180900 
16 3.335900 
17 3.487900 
18 3.620900 
19 3.722900 
20 3.786900 
21 3.807900 
22 3.758900 
23 3.716900 
24 3.683900 
25 3.657900 
26 3.639900 
27 3.627900 
28 3.622900 
29 3.621900 
30 3.624900 
31 3.630900 
32 3.638900 
33 3.647900 
34 3.656900 
35 3.665900 
36 3.674900 
37 3.681900 
38 3.687900 
39 3.692900 
40 3.695900 
41 3.696900 
42 3.672900 
43 3.603900 
44 3.490900 
45 3.338900 
46 3.153900 
47 2.946900 
48 2.727900 
49 2.512900 
50 2.315900 
51 2.155900 
52 2.326900 
53 2.502900 
54 2.554900 
55 2.422900 
56 2.338900 
57 2.260900 
58 2.165900 
59 2.046900 
60 1.910900 
61 1.805900 
62 1.830900 
63 1.884900 
64 1.987900 
65 2.113900 
66 2.253900 
67 2.402900 
68 2.555900 
69 2.710900 
70 2.863900 
71 3.010900 
72 3.144900 
73 3.188900 
74 3.229900 
75 3.265900 
76 3.297900 
77 3.323900 
78 3.343900 
79 3.358900 
80 3.367900 
81 3.370900 
82 3.354900 
83 3.304900 
84 3.222900 
85 3.190900 
86 3.169900 
87 3.150900 
88 3.107900 
89 3.019900 
90 2.919900 
91 2.845900 
92 2.826900 
93 2.878900 
94 2.990900 
95 3.135900 
96 3.286900 
97 3.425900 
98 3.540900 
99 3.626900 
100 3.678900 
101 3.696900 
102 3.677900 
103 3.622900 
104 3.531900 
105 3.407900 
106 3.257900 
107 3.089900 
108 2.923900 
109 2.783900 
110 2.701900 
111 2.699900 
112 2.776900 
113 2.906900 
114 3.050900 
115 3.191900 
116 3.323900 
117 3.445900 
118 3.555900 
119 3.649900 
120 3.725900 
121 3.781900 

1 1.653900 
2 1.599900 
3 1.508900 
4 1.448900 
5 1.429900 
6 1.427900 
7 1.421900 
8 1.398900 
9 1.361900 
10 1.331900 
11 1.365900 
12 1.463900 
13 1.549900 
14 1.585900 
15 1.570900 
16 1.523900 
17 1.464900 
18 1.408900 
19 1.364900 
20 1.336900 
21 1.326900 
22 1.355900 
23 1.373900 
24 1.380900 
25 1.378900 
26 1.369900 
27 1.354900 
28 1.333900 
29 1.309900 
30 1.282900 
31 1.253900 
32 1.225900 
33 1.196900 
34 1.169900 
35 1.144900 
36 1.121900 
37 1.101900 
38 1.086900 
39 1.074900 
40 1.067900 
41 1.065900 
42 1.053900 
43 1.021900 
44 0.984900 
45 0.970900 
46 1.009900 
47 1.111900 
48 1.309900 
49 1.598900 
50 1.870900 
51 2.114900 
52 2.043900 
53 1.979900 
54 1.957900 
55 1.922900 
56 1.898900 
57 1.869900 
58 1.835900 
59 1.804900 
60 1.789900 
61 1.804900 
62 1.816900 
63 1.867900 
64 1.919900 
65 1.985900 
66 2.065900 
67 2.156900 
68 2.258900 
69 2.367900 
70 2.479900 
71 2.593900 
72 2.704900 
73 2.811900 
74 2.909900 
75 2.998900 
76 3.076900 
77 3.140900 
78 3.192900 
79 3.229900 
80 3.251900 
81 3.259900 
82 3.253900 
83 3.237900 
84 3.215900 
85 3.109900 
86 2.965900 
87 2.793900 
88 2.595900 
89 2.373900 
90 2.131900 
91 1.872900 
92 1.603900 
93 1.327900 
94 1.053900 
95 0.998900 
96 0.971900 
97 0.973900 
98 0.998900 
99 1.031900 
100 1.056900 
101 1.065900 
102 1.058900 
103 1.039900 
104 1.015900 
105 0.995900 
106 0.987900 
107 1.029900 
108 1.335900 
109 1.635900 
110 1.907900 
111 2.126900 
112 2.271900 
113 2.352900 
114 2.403900 
115 2.449900 
116 2.500900 
117 2.553900 
118 2.600900 
119 2.633900 
120 2.646900 
121 2.635900 

1 1.653900 
2 1.599900 
3 1.508900 
4 1.448900 
5 1.429900 
6 1.427900 
7 1.421900 
8 1.398900 
9 1.361900 
10 1.331900 
11 1.365900 
12 1.463900 
13 1.549900 
14 1.585900 
15 1.570900 
16 1.523900 
17 1.464900 
18 1.408900 
19 1.364900 
20 1.336900 
21 1.326900 
22 1.285900 
23 1.232900 
24 1.168900 
25 1.092900 
26 1.007900 
27 0.913900 
28 0.813900 
29 0.710900 
30 0.604900 
31 0.498900 
32 0.395900 
33 0.296900 
34 0.203900 
35 0.119900 
36 0.045900 
37 -0.017100 
38 -0.068100 
39 -0.105100 
40 -0.127100 
41 -0.135100 
42 -0.094100 
43 0.022900 
44 0.206900 
45 0.444900 
46 0.718900 
47 1.011900 
48 1.259900 
49 1.428900 
50 1.597900 
51 1.750900 
52 1.873900 
53 1.949900 
54 1.944900 
55 1.878900 
56 1.738900 
57 1.593900 
58 1.483900 
59 1.430900 
60 1.442900 
61 1.479900 
62 1.456900 
63 1.391900 
64 1.302900 
65 1.200900 
66 1.093900 
67 0.982900 
68 0.870900 
69 0.759900 
70 0.650900 
71 0.641900 
72 0.637900 
73 0.634900 
74 0.633900 
75 0.633900 
76 0.634900 
77 0.635900 
78 0.637900 
79 0.638900 
80 0.639900 
81 0.639900 
82 0.623900 
83 0.575900 
84 0.496900 
85 0.511900 
86 0.659900 
87 0.771900 
88 0.833900 
89 0.843900 
90 0.831900 
91 0.909900 
92 1.010900 
93 1.051900 
94 1.036900 
95 0.786900 
96 0.537900 
97 0.313900 
98 0.126900 
99 -0.016100 
100 -0.104100 
101 -0.135100 
102 -0.097100 
103 0.014900 
104 0.196900 
105 0.435900 
106 0.716900 
107 0.985900 
108 0.997900 
109 0.974900 
110 0.919900 
111 1.073900 
112 1.316900 
113 1.557900 
114 1.783900 
115 1.989900 
116 2.168900 
117 2.319900 
118 2.440900 
119 2.532900 
120 2.597900 
121 2.635900 

1 0.605900 
2 0.609900 
3 0.601900 
4 0.558900 
5 0.496900 
6 0.461900 
7 0.489900 
8 0.586900 
9 0.728900 
10 0.861900 
11 0.905900 
12 0.832900 
13 0.698900 
14 0.535900 
15 0.360900 
16 0.186900 
17 0.023900 
18 -0.118100 
19 -0.229100 
20 -0.299100 
21 -0.323100 
22 -0.297100 
23 -0.273100 
24 -0.253100 
25 -0.236100 
26 -0.222100 
27 -0.211100 
28 -0.203100 
29 -0.198100 
30 -0.195100 
31 -0.194100 
32 -0.196100 
33 -0.198100 
34 -0.202100 
35 -0.206100 
36 -0.211100 
37 -0.215100 
38 -0.218100 
39 -0.221100 
40 -0.223100 
41 -0.223100 
42 -0.215100 
43 -0.189100 
44 -0.156100 
45 -0.143100 
46 -0.186100 
47 -0.145100 
48 0.034900 
49 0.187900 
50 0.294900 
51 0.333900 
52 0.293900 
53 0.333900 
54 0.526900 
55 0.675900 
56 0.780900 
57 0.844900 
58 0.872900 
59 0.870900 
60 0.846900 
61 0.807900 
62 0.817900 
63 0.806900 
64 0.775900 
65 0.724900 
66 0.699900 
67 0.682900 
68 0.668900 
69 0.656900 
70 0.647900 
71 0.545900 
72 0.445900 
73 0.351900 
74 0.265900 
75 0.187900 
76 0.120900 
77 0.063900 
78 0.018900 
79 -0.013100 
80 -0.033100 
81 -0.039100 
82 0.030900 
83 0.176900 
84 0.344900 
85 0.386900 
86 0.245900 
87 0.076900 
88 0.208900 
89 0.421900 
90 0.592900 
91 0.590900 
92 0.467900 
93 0.307900 
94 0.141900 
95 -0.001100 
96 -0.092100 
97 -0.136100 
98 -0.168100 
99 -0.197100 
100 -0.217100 
101 -0.223100 
102 -0.216100 
103 -0.192100 
104 -0.146100 
105 -0.077100 
106 0.021900 
107 0.159900 
108 0.340900 
109 0.552900 
110 0.754900 
111 0.677900 
112 0.438900 
113 0.150900 
114 -0.153100 
115 -0.449100 
116 -0.727100 
117 -0.987100 
118 -1.223100 
119 -1.431100 
120 -1.600100 
121 -1.718100 

1 0.605900 
2 0.609900 
3 0.601900 
4 0.558900 
5 0.496900 
6 0.461900 
7 0.489900 
8 0.586900 
9 0.728900 
10 0.861900 
11 0.905900 
12 0.832900 
13 0.698900 
14 0.535900 
15 0.360900 
16 0.186900 
17 0.023900 
18 -0.118100 
19 -0.229100 
20 -0.299100 
21 -0.323100 
22 -0.297100 
23 -0.273100 
24 -0.253100 
25 -0.236100 
26 -0.222100 
27 -0.211100 
28 -0.203100 
29 -0.198100 
30 -0.195100 
31 -0.194100 
32 -0.196100 
33 -0.198100 
34 -0.202100 
35 -0.206100 
36 -0.211100 
37 -0.215100 
38 -0.218100 
39 -0.221100 
40 -0.223100 
41 -0.223100 
42 -0.264100 
43 -0.386100 
44 -0.572100 
45 -0.508100 
46 -0.332100 
47 -0.305100 
48 -0.492100 
49 -0.732100 
50 -0.506100 
51 -0.186100 
52 0.094900 
53 0.176900 
54 0.005900 
55 -0.193100 
56 -0.130100 
57 0.127900 
58 0.364900 
59 0.568900 
60 0.721900 
61 0.805900 
62 0.784900 
63 0.761900 
64 0.739900 
65 0.718900 
66 0.655900 
67 0.573900 
68 0.481900 
69 0.380900 
70 0.275900 
71 0.168900 
72 0.061900 
73 -0.040100 
74 -0.137100 
75 -0.226100 
76 -0.304100 
77 -0.319100 
78 -0.299100 
79 -0.285100 
80 -0.277100 
81 -0.274100 
82 -0.308100 
83 -0.345100 
84 -0.338100 
85 -0.276100 
86 -0.159100 
87 0.007900 
88 -0.121100 
89 -0.345100 
90 -0.591100 
91 -0.858100 
92 -1.141100 
93 -1.063100 
94 -0.798100 
95 -0.632100 
96 -0.591100 
97 -0.650100 
98 -0.497100 
99 -0.345100 
100 -0.254100 
101 -0.223100 
102 -0.253100 
103 -0.342100 
104 -0.489100 
105 -0.631100 
106 -0.539100 
107 -0.474100 
108 -0.437100 
109 -0.418100 
110 -0.412100 
111 -0.428100 
112 -0.484100 
113 -0.597100 
114 -0.771100 
115 -0.996100 
116 -1.243100 
117 -1.471100 
118 -1.647100 
119 -1.749100 
120 -1.772100 
121 -1.718100 

1 -1.637100 
2 -1.655100 
3 -1.684100 
4 -1.703100 
5 -1.719100 
6 -1.760100 
7 -1.847100 
8 -1.983100 
9 -2.143100 
10 -2.290100 
11 -2.373100 
12 -2.339100 
13 -2.159100 
14 -1.862100 
15 -1.514100 
16 -1.174100 
17 -0.876100 
18 -0.636100 
19 -0.462100 
20 -0.358100 
21 -0.323100 
22 -0.352100 
23 -0.384100 
24 -0.418100 
25 -0.454100 
26 -0.492100 
27 -0.530100 
28 -0.569100 
29 -0.609100 
30 -0.648100 
31 -0.686100 
32 -0.722100 
33 -0.756100 
34 -0.788100 
35 -0.817100 
36 -0.842100 
37 -0.864100 
38 -0.881100 
39 -0.893100 
40 -0.901100 
41 -0.903100 
42 -0.877100 
43 -0.803100 
44 -0.704100 
45 -0.905100 
46 -1.283100 
47 -1.625100 
48 -1.236100 
49 -0.859100 
50 -1.015100 
51 -1.332100 
52 -1.220100 
53 -0.951100 
54 -0.677100 
55 -0.401100 
56 -0.395100 
57 -0.581100 
58 -0.737100 
59 -0.853100 
60 -0.925100 
61 -0.950100 
62 -0.944100 
63 -0.926100 
64 -0.897100 
65 -0.859100 
66 -0.813100 
67 -0.761100 
68 -0.706100 
69 -0.651100 
70 -0.596100 
71 -0.543100 
72 -0.494100 
73 -0.449100 
74 -0.408100 
75 -0.373100 
76 -0.343100 
77 -0.371100 
78 -0.425100 
79 -0.464100 
80 -0.488100 
81 -0.496100 
82 -0.508100 
83 -0.544100 
84 -0.604100 
85 -0.686100 
86 -0.792100 
87 -0.918100 
88 -1.065100 
89 -1.230100 
90 -1.411100 
91 -1.607100 
92 -1.406100 
93 -1.435100 
94 -1.673100 
95 -1.299100 
96 -0.977100 
97 -0.708100 
98 -0.744100 
99 -0.828100 
100 -0.884100 
101 -0.903100 
102 -0.881100 
103 -0.821100 
104 -0.732100 
105 -0.688100 
106 -0.933100 
107 -1.209100 
108 -1.481100 
109 -1.673100 
110 -1.744100 
111 -1.751100 
112 -1.745100 
113 -1.747100 
114 -1.768100 
115 -1.813100 
116 -1.884100 
117 -1.983100 
118 -2.108100 
119 -2.259100 
120 -2.434100 
121 -2.628100 

1 -1.637100 
2 -1.655100 
3 -1.684100 
4 -1.703100 
5 -1.719100 
6 -1.760100 
7 -1.847100 
8 -1.983100 
9 -2.143100 
10 -2.290100 
11 -2.373100 
12 -2.339100 
13 -2.159100 
14 -1.862100 
15 -1.514100 
16 -1.174100 
17 -0.876100 
18 -0.636100 
19 -0.462100 
20 -0.358100 
21 -0.323100 
22 -0.352100 
23 -0.384100 
24 -0.418100 
25 -0.454100 
26 -0.492100 
27 -0.530100 
28 -0.569100 
29 -0.609100 
30 -0.648100 
31 -0.686100 
32 -0.722100 
33 -0.756100 
34 -0.788100 
35 -0.817100 
36 -0.842100 
37 -0.864100 
38 -0.881100 
39 -0.893100 
40 -0.901100 
41 -0.903100 
42 -0.944100 
43 -1.066100 
44 -1.274100 
45 -1.573100 
46 -1.964100 
47 -1.749100 
48 -2.189100 
49 -1.966100 
50 -1.730100 
51 -1.481100 
52 -1.678100 
53 -2.049100 
54 -2.440100 
55 -2.845100 
56 -3.259100 
57 -3.673100 
58 -4.081100 
59 -4.475100 
60 -4.854100 
61 -4.882100 
62 -4.890100 
63 -4.915100 
64 -4.822100 
65 -4.763100 
66 -4.746100 
67 -4.769100 
68 -4.830100 
69 -4.928100 
70 -5.057100 
71 -5.215100 
72 -5.395100 
73 -5.594100 
74 -5.805100 
75 -6.024100 
76 -6.243100 
77 -6.451100 
78 -6.639100 
79 -6.790100 
80 -6.890100 
81 -6.926100 
82 -6.750100 
83 -6.320100 
84 -5.769100 
85 -5.166100 
86 -4.549100 
87 -3.939100 
88 -3.350100 
89 -2.794100 
90 -2.280100 
91 -1.815100 
92 -1.812100 
93 -2.025100 
94 -1.735100 
95 -1.982100 
96 -1.656100 
97 -1.387100 
98 -1.176100 
99 -1.024100 
100 -0.933100 
101 -0.903100 
102 -0.931100 
103 -1.014100 
104 -1.150100 
105 -1.333100 
106 -1.554100 
107 -1.786100 
108 -2.004100 
109 -2.242100 
110 -2.556100 
111 -2.910100 
112 -3.247100 
113 -3.513100 
114 -3.667100 
115 -3.692100 
116 -3.611100 
117 -3.458100 
118 -3.264100 
119 -3.052100 
120 -2.836100 
121 -2.628100 

1 -7.250100 
2 -7.157100 
3 -6.945100 
4 -6.691100 
5 -6.433100 
6 -6.180100 
7 -5.936100 
8 -5.701100 
9 -5.471100 
10 -5.245100 
11 -5.027100 
12 -4.843100 
13 -4.732100 
14 -4.701100 
15 -4.712100 
16 -4.715100 
17 -4.669100 
18 -4.555100 
19 -4.410100 
20 -4.293100 
21 -4.250100 
22 -4.111100 
23 -3.976100 
24 -3.843100 
25 -3.715100 
26 -3.593100 
27 -3.476100 
28 -3.367100 
29 -3.266100 
30 -3.173100 
31 -3.091100 
32 -3.020100 
33 -2.960100 
34 -2.912100 
35 -2.877100 
36 -2.854100 
37 -2.843100 
38 -2.843100 
39 -2.851100 
40 -2.860100 
41 -2.865100 
42 -2.927100 
43 -2.975100 
44 -2.710100 
45 -2.382100 
46 -2.013100 
47 -2.399100 
48 -2.298100 
49 -2.917100 
50 -3.589100 
51 -4.287100 
52 -4.969100 
53 -5.584100 
54 -5.867100 
55 -5.664100 
56 -5.468100 
57 -5.285100 
58 -5.124100 
59 -4.997100 
60 -4.913100 
61 -5.216100 
62 -5.055100 
63 -4.921100 
64 -4.958100 
65 -5.018100 
66 -5.096100 
67 -5.193100 
68 -5.308100 
69 -5.440100 
70 -5.588100 
71 -5.750100 
72 -5.926100 
73 -6.113100 
74 -6.308100 
75 -6.506100 
76 -6.704100 
77 -6.894100 
78 -7.067100 
79 -7.209100 
80 -7.304100 
81 -7.338100 
82 -7.340100 
83 -7.297100 
84 -6.890100 
85 -6.401100 
86 -5.861100 
87 -5.295100 
88 -4.720100 
89 -4.148100 
90 -3.592100 
91 -3.059100 
92 -2.558100 
93 -2.094100 
94 -2.239100 
95 -2.034100 
96 -2.324100 
97 -2.597100 
98 -2.839100 
99 -3.034100 
100 -2.911100 
101 -2.865100 
102 -2.904100 
103 -2.980100 
104 -2.897100 
105 -2.746100 
106 -2.610100 
107 -2.519100 
108 -2.500100 
109 -2.574100 
110 -2.746100 
111 -3.009100 
112 -3.348100 
113 -3.746100 
114 -4.188100 
115 -4.656100 
116 -5.132100 
117 -5.592100 
118 -6.009100 
119 -6.348100 
120 -6.573100 
121 -6.669100 

1 -7.250100 
2 -7.157100 
3 -6.945100 
4 -6.691100 
5 -6.433100 
6 -6.180100 
7 -5.936100 
8 -5.701100 
9 -5.471100 
10 -5.245100 
11 -5.027100 
12 -4.843100 
13 -4.732100 
14 -4.701100 
15 -4.712100 
16 -4.715100 
17 -4.669100 
18 -4.555100 
19 -4.410100 
20 -4.293100 
21 -4.250100 
22 -4.111100 
23 -3.976100 
24 -3.843100 
25 -3.715100 
26 -3.593100 
27 -3.476100 
28 -3.367100 
29 -3.266100 
30 -3.173100 
31 -3.091100 
32 -3.020100 
33 -2.960100 
34 -2.912100 
35 -2.877100 
36 -2.854100 
37 -2.843100 
38 -2.843100 
39 -2.851100 
40 -2.860100 
41 -2.865100 
42 -3.018100 
43 -3.080100 
44 -2.943100 
45 -2.778100 
46 -2.596100 
47 -2.452100 
48 -3.032100 
49 -3.701100 
50 -4.446100 
51 -5.254100 
52 -6.104100 
53 -6.067100 
54 -6.078100 
55 -6.407100 
56 -6.557100 
57 -6.532100 
58 -6.342100 
59 -6.017100 
60 -5.619100 
61 -5.231100 
62 -5.403100 
63 -5.577100 
64 -5.750100 
65 -5.923100 
66 -6.095100 
67 -6.269100 
68 -6.444100 
69 -6.622100 
70 -6.801100 
71 -6.981100 
72 -7.161100 
73 -7.338100 
74 -7.504100 
75 -7.644100 
76 -7.730100 
77 -7.752100 
78 -7.734100 
79 -7.706100 
80 -7.685100 
81 -7.677100 
82 -7.576100 
83 -7.345100 
84 -7.353100 
85 -7.119100 
86 -6.571100 
87 -6.000100 
88 -5.422100 
89 -4.849100 
90 -4.291100 
91 -3.756100 
92 -3.252100 
93 -2.784100 
94 -2.359100 
95 -2.450100 
96 -2.650100 
97 -2.832100 
98 -2.987100 
99 -3.050100 
100 -2.980100 
101 -2.865100 
102 -2.968100 
103 -3.025100 
104 -2.972100 
105 -2.909100 
106 -2.851100 
107 -2.848100 
108 -2.962100 
109 -3.230100 
110 -3.625100 
111 -4.104100 
112 -4.642100 
113 -5.222100 
114 -5.832100 
115 -6.462100 
116 -6.950100 
117 -6.829100 
118 -6.748100 
119 -6.706100 
120 -6.689100 
121 -6.669100 

1 -8.306100 
2 -8.425100 
3 -8.709100 
4 -9.059100 
5 -9.391100 
6 -9.578100 
7 -9.315100 
8 -8.628100 
9 -7.846100 
10 -7.105100 
11 -6.479100 
12 -6.006100 
13 -5.681100 
14 -5.466100 
15 -5.320100 
16 -5.209100 
17 -5.096100 
18 -4.917100 
19 -4.633100 
20 -4.359100 
21 -4.250100 
22 -4.389100 
23 -4.530100 
24 -4.670100 
25 -4.809100 
26 -4.947100 
27 -4.874100 
28 -4.715100 
29 -4.557100 
30 -4.399100 
31 -4.244100 
32 -4.093100 
33 -3.947100 
34 -3.808100 
35 -3.678100 
36 -3.557100 
37 -3.448100 
38 -3.353100 
39 -3.278100 
40 -3.227100 
41 -3.208100 
42 -3.148100 
43 -3.120100 
44 -3.454100 
45 -3.937100 
46 -4.566100 
47 -5.331100 
48 -6.210100 
49 -6.738100 
50 -6.599100 
51 -6.438100 
52 -6.259100 
53 -6.970100 
54 -7.822100 
55 -8.625100 
56 -9.339100 
57 -9.927100 
58 -10.287100 
59 -10.222100 
60 -10.299100 
61 -10.475100 
62 -10.363100 
63 -10.231100 
64 -10.086100 
65 -9.930100 
66 -9.763100 
67 -9.590100 
68 -9.412100 
69 -9.233100 
70 -9.055100 
71 -8.883100 
72 -8.721100 
73 -8.576100 
74 -8.458100 
75 -8.385100 
76 -8.383100 
77 -8.466100 
78 -8.604100 
79 -8.577100 
80 -8.506100 
81 -8.483100 
82 -8.366100 
83 -8.057100 
84 -7.625100 
85 -7.362100 
86 -7.372100 
87 -7.381100 
88 -7.386100 
89 -7.386100 
90 -7.380100 
91 -6.947100 
92 -6.294100 
93 -5.651100 
94 -5.044100 
95 -4.491100 
96 -4.006100 
97 -3.601100 
98 -3.281100 
99 -3.107100 
100 -3.163100 
101 -3.208100 
102 -3.189100 
103 -3.235100 
104 -3.431100 
105 -3.779100 
106 -4.240100 
107 -4.796100 
108 -5.433100 
109 -6.124100 
110 -6.621100 
111 -6.597100 
112 -6.578100 
113 -6.636100 
114 -6.813100 
115 -7.100100 
116 -7.098100 
117 -7.726100 
118 -8.331100 
119 -8.892100 
120 -9.371100 
121 -9.622100 

1 -8.306100 
2 -8.425100 
3 -8.709100 
4 -9.059100 
5 -9.391100 
6 -9.578100 
7 -9.315100 
8 -8.628100 
9 -7.846100 
10 -7.105100 
11 -6.479100 
12 -6.006100 
13 -5.681100 
14 -5.466100 
15 -5.320100 
16 -5.209100 
17 -5.096100 
18 -4.917100 
19 -4.633100 
20 -4.359100 
21 -4.250100 
22 -4.389100 
23 -4.530100 
24 -4.670100 
25 -4.809100 
26 -4.947100 
27 -4.874100 
28 -4.715100 
29 -4.557100 
30 -4.399100 
31 -4.244100 
32 -4.093100 
33 -3.947100 
34 -3.808100 
35 -3.678100 
36 -3.557100 
37 -3.448100 
38 -3.353100 
39 -3.278100 
40 -3.227100 
41 -3.208100 
42 -3.174100 
43 -3.467100 
44 -4.177100 
45 -5.082100 
46 -6.086100 
47 -6.939100 
48 -6.853100 
49 -7.179100 
50 -8.206100 
51 -9.259100 
52 -10.252100 
53 -10.588100 
54 -10.923100 
55 -10.943100 
56 -10.736100 
57 -10.482100 
58 -10.357100 
59 -10.597100 
60 -10.627100 
61 -10.484100 
62 -10.587100 
63 -10.690100 
64 -10.779100 
65 -10.843100 
66 -10.868100 
67 -10.845100 
68 -10.769100 
69 -10.638100 
70 -10.460100 
71 -10.244100 
72 -10.003100 
73 -9.750100 
74 -9.498100 
75 -9.257100 
76 -9.037100 
77 -8.847100 
78 -8.691100 
79 -8.757100 
80 -8.888100 
81 -8.943100 
82 -9.070100 
83 -9.356100 
84 -9.463100 
85 -9.361100 
86 -9.237100 
87 -9.100100 
88 -8.711100 
89 -8.183100 
90 -7.586100 
91 -7.364100 
92 -7.339100 
93 -7.304100 
94 -7.258100 
95 -6.670100 
96 -5.599100 
97 -4.659100 
98 -3.892100 
99 -3.325100 
100 -3.183100 
101 -3.208100 
102 -3.204100 
103 -3.393100 
104 -3.975100 
105 -4.781100 
106 -5.770100 
107 -6.839100 
108 -6.813100 
109 -6.767100 
110 -6.941100 
111 -7.652100 
112 -7.569100 
113 -7.427100 
114 -7.265100 
115 -7.121100 
116 -7.534100 
117 -8.011100 
118 -8.513100 
119 -8.999100 
120 -9.418100 
121 -9.622100 

1 -12.643100 
2 -12.578100 
3 -12.371100 
4 -11.985100 
5 -11.443100 
6 -10.879100 
7 -10.636100 
8 -10.736100 
9 -10.894100 
10 -10.917100 
11 -10.351100 
12 -9.572100 
13 -8.779100 
14 -8.020100 
15 -7.328100 
16 -6.739100 
17 -6.292100 
18 -6.006100 
19 -5.855100 
20 -5.788100 
21 -5.770100 
22 -5.632100 
23 -5.489100 
24 -5.341100 
25 -5.188100 
26 -5.032100 
27 -5.081100 
28 -5.211100 
29 -5.337100 
30 -5.458100 
31 -5.572100 
32 -5.679100 
33 -5.778100 
34 -5.868100 
35 -5.948100 
36 -6.017100 
37 -6.076100 
38 -6.122100 
39 -6.156100 
40 -6.176100 
41 -6.183100 
42 -6.251100 
43 -6.452100 
44 -6.786100 
45 -7.018100 
46 -6.995100 
47 -7.077100 
48 -7.970100 
49 -8.769100 
50 -9.507100 
51 -9.923100 
52 -10.303100 
53 -10.982100 
54 -11.052100 
55 -11.248100 
56 -11.551100 
57 -11.821100 
58 -12.046100 
59 -12.004100 
60 -11.842100 
61 -11.802100 
62 -11.807100 
63 -11.819100 
64 -11.831100 
65 -11.838100 
66 -11.835100 
67 -11.815100 
68 -11.775100 
69 -11.646100 
70 -11.478100 
71 -11.296100 
72 -11.102100 
73 -10.899100 
74 -10.689100 
75 -10.477100 
76 -10.267100 
77 -10.068100 
78 -9.888100 
79 -9.740100 
80 -9.641100 
81 -9.606100 
82 -9.590100 
83 -9.541100 
84 -9.683100 
85 -9.704100 
86 -9.483100 
87 -9.150100 
88 -8.953100 
89 -8.802100 
90 -8.651100 
91 -8.504100 
92 -8.361100 
93 -8.223100 
94 -7.829100 
95 -7.203100 
96 -7.143100 
97 -6.942100 
98 -6.623100 
99 -6.383100 
100 -6.234100 
101 -6.183100 
102 -6.227100 
103 -6.352100 
104 -6.539100 
105 -6.726100 
106 -6.823100 
107 -6.894100 
108 -7.719100 
109 -7.764100 
110 -7.746100 
111 -7.679100 
112 -8.371100 
113 -9.037100 
114 -9.615100 
115 -10.080100 
116 -10.414100 
117 -10.524100 
118 -10.393100 
119 -10.317100 
120 -10.309100 
121 -10.298100 

1 -12.643100 
2 -12.578100 
3 -12.371100 
4 -11.985100 
5 -11.443100 
6 -10.879100 
7 -10.636100 
8 -10.736100 
9 -10.894100 
10 -10.917100 
11 -10.351100 
12 -9.572100 
13 -8.779100 
14 -8.020100 
15 -7.328100 
16 -6.739100 
17 -6.292100 
18 -6.006100 
19 -5.855100 
20 -5.788100 
21 -5.770100 
22 -5.632100 
23 -5.489100 
24 -5.341100 
25 -5.188100 
26 -5.032100 
27 -5.081100 
28 -5.211100 
29 -5.337100 
30 -5.458100 
31 -5.572100 
32 -5.679100 
33 -5.778100 
34 -5.868100 
35 -5.948100 
36 -6.017100 
37 -6.076100 
38 -6.122100 
39 -6.156100 
40 -6.176100 
41 -6.183100 
42 -6.312100 
43 -6.681100 
44 -7.009100 
45 -7.253100 
46 -7.867100 
47 -8.639100 
48 -9.031100 
49 -9.309100 
50 -9.607100 
51 -10.203100 
52 -10.646100 
53 -11.093100 
54 -11.287100 
55 -11.556100 
56 -11.786100 
57 -11.978100 
58 -12.128100 
59 -12.213100 
60 -12.307100 
61 -12.340100 
62 -12.322100 
63 -12.285100 
64 -12.227100 
65 -12.148100 
66 -12.051100 
67 -11.934100 
68 -11.798100 
69 -11.710100 
70 -11.618100 
71 -11.500100 
72 -11.356100 
73 -11.191100 
74 -11.008100 
75 -10.812100 
76 -10.606100 
77 -10.397100 
78 -10.191100 
79 -10.001100 
80 -9.852100 
81 -9.792100 
82 -9.812100 
83 -9.839100 
84 -9.816100 
85 -10.000100 
86 -10.293100 
87 -10.559100 
88 -10.520100 
89 -10.271100 
90 -9.949100 
91 -9.567100 
92 -9.139100 
93 -8.682100 
94 -8.084100 
95 -7.756100 
96 -7.325100 
97 -7.080100 
98 -7.012100 
99 -6.564100 
100 -6.280100 
101 -6.183100 
102 -6.273100 
103 -6.534100 
104 -6.926100 
105 -7.155100 
106 -7.424100 
107 -7.664100 
108 -8.142100 
109 -8.699100 
110 -9.164100 
111 -9.612100 
112 -10.025100 
113 -10.386100 
114 -10.676100 
115 -10.869100 
116 -10.695100 
117 -10.607100 
118 -10.660100 
119 -10.586100 
120 -10.419100 
121 -10.298100 

1 -14.016100 
2 -13.954100 
3 -13.849100 
4 -13.790100 
5 -13.785100 
6 -13.650100 
7 -13.237100 
8 -12.671100 
9 -12.020100 
10 -11.425100 
11 -11.336100 
12 -11.345100 
13 -11.064100 
14 -10.268100 
15 -9.220100 
16 -8.137100 
17 -7.153100 
18 -6.401100 
19 -5.977100 
20 -5.810100 
21 -5.770100 
22 -5.900100 
23 -6.023100 
24 -6.139100 
25 -6.246100 
26 -6.345100 
27 -6.435100 
28 -6.517100 
29 -6.590100 
30 -6.655100 
31 -6.711100 
32 -6.760100 
33 -6.801100 
34 -6.835100 
35 -6.863100 
36 -6.885100 
37 -6.901100 
38 -6.914100 
39 -6.922100 
40 -6.927100 
41 -6.928100 
42 -6.943100 
43 -6.977100 
44 -7.248100 
45 -7.826100 
46 -8.222100 
47 -8.647100 
48 -9.063100 
49 -9.483100 
50 -9.891100 
51 -10.281100 
52 -10.863100 
53 -11.321100 
54 -12.057100 
55 -12.575100 
56 -12.870100 
57 -12.624100 
58 -12.288100 
59 -12.237100 
60 -12.314100 
61 -12.340100 
62 -12.343100 
63 -12.338100 
64 -12.326100 
65 -12.308100 
66 -12.284100 
67 -12.255100 
68 -12.222100 
69 -12.187100 
70 -12.149100 
71 -12.111100 
72 -12.072100 
73 -12.035100 
74 -11.912100 
75 -11.617100 
76 -11.332100 
77 -11.069100 
78 -10.839100 
79 -10.657100 
80 -10.539100 
81 -10.498100 
82 -10.540100 
83 -10.638100 
84 -10.736100 
85 -10.791100 
86 -10.780100 
87 -10.691100 
88 -10.794100 
89 -10.715100 
90 -10.422100 
91 -10.105100 
92 -9.770100 
93 -9.028100 
94 -8.214100 
95 -7.934100 
96 -7.758100 
97 -7.547100 
98 -7.021100 
99 -6.972100 
100 -6.940100 
101 -6.928100 
102 -6.938100 
103 -6.969100 
104 -7.027100 
105 -7.302100 
106 -7.521100 
107 -7.803100 
108 -8.238100 
109 -9.373100 
110 -10.049100 
111 -10.332100 
112 -10.568100 
113 -10.751100 
114 -10.871100 
115 -10.883100 
116 -10.953100 
117 -10.886100 
118 -10.774100 
119 -10.633100 
120 -10.470100 
121 -10.371100 

1 -14.016100 
2 -13.954100 
3 -13.849100 
4 -13.790100 
5 -13.785100 
6 -13.650100 
7 -13.237100 
8 -12.671100 
9 -12.020100 
10 -11.425100 
11 -11.336100 
12 -11.345100 
13 -11.064100 
14 -10.268100 
15 -9.220100 
16 -8.137100 
17 -7.153100 
18 -6.401100 
19 -5.977100 
20 -5.810100 
21 -5.770100 
22 -5.900100 
23 -6.023100 
24 -6.139100 
25 -6.246100 
26 -6.345100 
27 -6.435100 
28 -6.517100 
29 -6.590100 
30 -6.655100 
31 -6.711100 
32 -6.760100 
33 -6.801100 
34 -6.835100 
35 -6.863100 
36 -6.885100 
37 -6.901100 
38 -6.914100 
39 -6.922100 
40 -6.927100 
41 -6.928100 
42 -6.995100 
43 -7.185100 
44 -7.472100 
45 -7.954100 
46 -8.552100 
47 -8.777100 
48 -9.583100 
49 -10.580100 
50 -11.026100 
51 -11.139100 
52 -11.142100 
53 -11.483100 
54 -12.231100 
55 -12.979100 
56 -13.234100 
57 -13.598100 
58 -13.983100 
59 -14.308100 
60 -14.551100 
61 -14.701100 
62 -14.630100 
63 -14.522100 
64 -14.381100 
65 -14.213100 
66 -14.022100 
67 -13.811100 
68 -13.583100 
69 -13.337100 
70 -13.074100 
71 -12.797100 
72 -12.509100 
73 -12.212100 
74 -11.999100 
75 -11.966100 
76 -11.937100 
77 -11.912100 
78 -11.892100 
79 -11.877100 
80 -11.868100 
81 -11.865100 
82 -11.847100 
83 -11.793100 
84 -11.702100 
85 -11.575100 
86 -11.412100 
87 -11.213100 
88 -10.980100 
89 -10.979100 
90 -11.069100 
91 -10.952100 
92 -10.192100 
93 -9.426100 
94 -9.085100 
95 -8.768100 
96 -8.264100 
97 -7.592100 
98 -7.321100 
99 -7.119100 
100 -6.978100 
101 -6.928100 
102 -6.977100 
103 -7.113100 
104 -7.324100 
105 -7.695100 
106 -8.306100 
107 -9.011100 
108 -9.440100 
109 -9.779100 
110 -10.604100 
111 -11.284100 
112 -11.393100 
113 -11.296100 
114 -11.123100 
115 -10.981100 
116 -10.994100 
117 -11.003100 
118 -10.910100 
119 -10.722100 
120 -10.488100 
121 -10.371100 

1 -14.664100 
2 -14.668100 
3 -14.626100 
4 -14.499100 
5 -14.299100 
6 -14.175100 
7 -14.220100 
8 -14.253100 
9 -14.165100 
10 -13.898100 
11 -13.434100 
12 -12.828100 
13 -12.324100 
14 -12.180100 
15 -12.201100 
16 -12.255100 
17 -12.306100 
18 -12.346100 
19 -12.373100 
20 -12.389100 
21 -12.394100 
22 -12.148100 
23 -11.888100 
24 -11.617100 
25 -11.337100 
26 -11.051100 
27 -10.761100 
28 -10.470100 
29 -10.180100 
30 -9.896100 
31 -9.621100 
32 -9.356100 
33 -9.107100 
34 -8.876100 
35 -8.668100 
36 -8.484100 
37 -8.330100 
38 -8.206100 
39 -8.116100 
40 -8.061100 
41 -8.043100 
42 -8.061100 
43 -8.117100 
44 -8.216100 
45 -8.363100 
46 -8.730100 
47 -9.502100 
48 -10.191100 
49 -10.717100 
50 -11.519100 
51 -12.307100 
52 -12.887100 
53 -13.233100 
54 -13.308100 
55 -13.278100 
56 -13.441100 
57 -13.849100 
58 -14.248100 
59 -14.559100 
60 -14.719100 
61 -14.705100 
62 -14.745100 
63 -14.767100 
64 -14.774100 
65 -14.771100 
66 -14.764100 
67 -14.760100 
68 -14.762100 
69 -14.774100 
70 -14.800100 
71 -14.837100 
72 -14.885100 
73 -14.940100 
74 -14.998100 
75 -15.057100 
76 -15.112100 
77 -15.161100 
78 -15.202100 
79 -15.232100 
80 -15.251100 
81 -15.257100 
82 -15.218100 
83 -15.125100 
84 -15.011100 
85 -14.883100 
86 -14.727100 
87 -14.507100 
88 -14.138100 
89 -13.466100 
90 -12.555100 
91 -11.552100 
92 -10.879100 
93 -10.345100 
94 -9.696100 
95 -8.983100 
96 -8.500100 
97 -8.303100 
98 -8.176100 
99 -8.098100 
100 -8.056100 
101 -8.043100 
102 -8.074100 
103 -8.170100 
104 -8.328100 
105 -8.549100 
106 -8.823100 
107 -9.148100 
108 -9.802100 
109 -10.529100 
110 -11.181100 
111 -12.033100 
112 -13.089100 
113 -14.039100 
114 -14.809100 
115 -15.360100 
116 -15.716100 
117 -15.949100 
118 -16.097100 
119 -16.182100 
120 -16.229100 
121 -16.257100 

1 -14.664100 
2 -14.668100 
3 -14.626100 
4 -14.499100 
5 -14.299100 
6 -14.175100 
7 -14.220100 
8 -14.253100 
9 -14.165100 
10 -13.898100 
11 -13.434100 
12 -12.828100 
13 -12.324100 
14 -12.180100 
15 -12.201100 
16 -12.255100 
17 -12.306100 
18 -12.346100 
19 -12.373100 
20 -12.389100 
21 -12.394100 
22 -12.625100 
23 -12.839100 
24 -13.034100 
25 -13.209100 
26 -13.364100 
27 -13.498100 
28 -13.612100 
29 -13.705100 
30 -13.779100 
31 -13.835100 
32 -13.876100 
33 -13.902100 
34 -13.918100 
35 -13.924100 
36 -13.924100 
37 -13.921100 
38 -13.915100 
39 -13.910100 
40 -13.907100 
41 -13.905100 
42 -13.891100 
43 -13.846100 
44 -13.773100 
45 -13.672100 
46 -13.550100 
47 -13.419100 
48 -13.304100 
49 -13.238100 
50 -13.245100 
51 -13.297100 
52 -13.328100 
53 -13.314100 
54 -13.350100 
55 -13.474100 
56 -13.979100 
57 -14.535100 
58 -14.983100 
59 -15.302100 
60 -15.491100 
61 -15.554100 
62 -15.540100 
63 -15.501100 
64 -15.444100 
65 -15.378100 
66 -15.313100 
67 -15.261100 
68 -15.231100 
69 -15.230100 
70 -15.259100 
71 -15.314100 
72 -15.388100 
73 -15.475100 
74 -15.566100 
75 -15.656100 
76 -15.740100 
77 -15.813100 
78 -15.873100 
79 -15.917100 
80 -15.944100 
81 -15.953100 
82 -15.973100 
83 -16.000100 
84 -15.970100 
85 -15.831100 
86 -15.550100 
87 -15.122100 
88 -14.611100 
89 -14.182100 
90 -13.828100 
91 -13.544100 
92 -13.386100 
93 -13.365100 
94 -13.430100 
95 -13.530100 
96 -13.635100 
97 -13.730100 
98 -13.806100 
99 -13.861100 
100 -13.894100 
101 -13.905100 
102 -13.896100 
103 -13.866100 
104 -13.817100 
105 -13.747100 
106 -13.658100 
107 -13.556100 
108 -13.455100 
109 -13.388100 
110 -13.425100 
111 -13.660100 
112 -14.089100 
113 -14.599100 
114 -15.096100 
115 -15.550100 
116 -15.917100 
117 -16.148100 
118 -16.258100 
119 -16.287100 
120 -16.277100 
121 -16.257100 

