1 2.263300 
2 2.284800 
3 2.330300 
4 2.373700 
5 2.398900 
6 2.399000 
7 2.372500 
8 2.321500 
9 2.250100 
10 2.163100 
11 2.064300 
12 1.954800 
13 1.834100 
14 1.701700 
15 1.589900 
16 1.870900 
17 2.223200 
18 2.541800 
19 2.794300 
20 2.956400 
21 3.012300 
22 3.047400 
23 3.097000 
24 3.162200 
25 3.243200 
26 3.339400 
27 3.448900 
28 3.569400 
29 3.697600 
30 3.830300 
31 3.964000 
32 4.095400 
33 4.221500 
34 4.339600 
35 4.447000 
36 4.541700 
37 4.621700 
38 4.685600 
39 4.732100 
40 4.760300 
41 4.769800 
42 4.717400 
43 4.565500 
44 4.328400 
45 4.026600 
46 3.682800 
47 3.318600 
48 2.952600 
49 2.599200 
50 2.269300 
51 1.971600 
52 1.710800 
53 1.910800 
54 2.192500 
55 2.445600 
56 2.664600 
57 2.845300 
58 2.985100 
59 3.083100 
60 3.139800 
61 3.157800 
62 3.153600 
63 3.141600 
64 3.122800 
65 3.098100 
66 3.068700 
67 3.035900 
68 3.000900 
69 2.965100 
70 2.929600 
71 2.895600 
72 2.863900 
73 2.835400 
74 2.810400 
75 2.789000 
76 2.958800 
77 3.101900 
78 3.215400 
79 3.297700 
80 3.347600 
81 3.364300 
82 3.354900 
83 3.326700 
84 3.280200 
85 3.215700 
86 3.134400 
87 3.037600 
88 2.928100 
89 2.812600 
90 2.722800 
91 2.756200 
92 2.894800 
93 3.099800 
94 3.353900 
95 3.636500 
96 3.925000 
97 4.197300 
98 4.433100 
99 4.615300 
100 4.730400 
101 4.769800 
102 4.721000 
103 4.578000 
104 4.351300 
105 4.057500 
106 3.720000 
107 3.371300 
108 3.058000 
109 2.841900 
110 2.769100 
111 2.816700 
112 2.924800 
113 3.053300 
114 3.181400 
115 3.297500 
116 3.393800 
117 3.464900 
118 3.507100 
119 3.518300 
120 3.498500 
121 3.449700 

1 2.263300 
2 2.284800 
3 2.330300 
4 2.373700 
5 2.398900 
6 2.399000 
7 2.372500 
8 2.321500 
9 2.250100 
10 2.163100 
11 2.064300 
12 1.954800 
13 1.834100 
14 1.701700 
15 1.589900 
16 1.870900 
17 2.223200 
18 2.541800 
19 2.794300 
20 2.956400 
21 3.012300 
22 2.990200 
23 2.979100 
24 2.977100 
25 2.982200 
26 2.992800 
27 3.007400 
28 3.024800 
29 3.043900 
30 3.063700 
31 3.083700 
32 3.103200 
33 3.121700 
34 3.138800 
35 3.154100 
36 3.167600 
37 3.178800 
38 3.187700 
39 3.194200 
40 3.198100 
41 3.199400 
42 3.147000 
43 2.995400 
44 2.761400 
45 2.470700 
46 2.156700 
47 1.856900 
48 1.605800 
49 1.482100 
50 1.468400 
51 1.400200 
52 1.607800 
53 1.478500 
54 1.251000 
55 1.008500 
56 0.914300 
57 0.836100 
58 0.739100 
59 0.627500 
60 0.505400 
61 0.377300 
62 0.439300 
63 0.495100 
64 0.544100 
65 0.585600 
66 0.619000 
67 0.793200 
68 1.066500 
69 1.343100 
70 1.616800 
71 1.882600 
72 2.136300 
73 2.374000 
74 2.592300 
75 2.788100 
76 2.771500 
77 2.757500 
78 2.747000 
79 2.739700 
80 2.735400 
81 2.734000 
82 2.715800 
83 2.661600 
84 2.600000 
85 2.581600 
86 2.562700 
87 2.547300 
88 2.541000 
89 2.548600 
90 2.553700 
91 2.477100 
92 2.355400 
93 2.244900 
94 2.187100 
95 2.237400 
96 2.410100 
97 2.641200 
98 2.865400 
99 3.045100 
100 3.160000 
101 3.199400 
102 3.158700 
103 3.039800 
104 2.853400 
105 2.619700 
106 2.375800 
107 2.185500 
108 2.107400 
109 2.116700 
110 2.158500 
111 2.228600 
112 2.336600 
113 2.472300 
114 2.620000 
115 2.768700 
116 2.911900 
117 3.046300 
118 3.170000 
119 3.280900 
120 3.375600 
121 3.449700 

1 1.386300 
2 1.351100 
3 1.261900 
4 1.144400 
5 1.019600 
6 0.907200 
7 0.829800 
8 0.802100 
9 0.805800 
10 0.807600 
11 0.794600 
12 0.799800 
13 0.920000 
14 1.169500 
15 1.458400 
16 1.375800 
17 1.214500 
18 1.057500 
19 0.923000 
20 0.830600 
21 0.797400 
22 0.819000 
23 0.835000 
24 0.844500 
25 0.846500 
26 0.840700 
27 0.827300 
28 0.807400 
29 0.783500 
30 0.760700 
31 0.748400 
32 0.754200 
33 0.773300 
34 0.796600 
35 0.819300 
36 0.839300 
37 0.856000 
38 0.869100 
39 0.878400 
40 0.884000 
41 0.885900 
42 0.907900 
43 0.970500 
44 1.064000 
45 1.173900 
46 1.284300 
47 1.380400 
48 1.449700 
49 1.418700 
50 1.280100 
51 1.292200 
52 1.271700 
53 1.090500 
54 1.001900 
55 0.970400 
56 0.745100 
57 0.468200 
58 0.202100 
59 0.078900 
60 0.237100 
61 0.377300 
62 0.312200 
63 0.247100 
64 0.182400 
65 0.289000 
66 0.530700 
67 0.643600 
68 0.659100 
69 0.815700 
70 1.046500 
71 1.276200 
72 1.499800 
73 1.712700 
74 1.910800 
75 2.090400 
76 2.248200 
77 2.381500 
78 2.487800 
79 2.565100 
80 2.612100 
81 2.627800 
82 2.624500 
83 2.614900 
84 2.572500 
85 2.450100 
86 2.297100 
87 2.116900 
88 1.914200 
89 1.695300 
90 1.467700 
91 1.241100 
92 1.026400 
93 0.834300 
94 0.994400 
95 1.139100 
96 1.159500 
97 1.101700 
98 1.021600 
99 0.950000 
100 0.902400 
101 0.885900 
102 0.900600 
103 0.942900 
104 1.006800 
105 1.078800 
106 1.130500 
107 1.115700 
108 1.059100 
109 1.131500 
110 1.259700 
111 1.392200 
112 1.519300 
113 1.638500 
114 1.748300 
115 1.847100 
116 1.933100 
117 2.004600 
118 2.059900 
119 2.096400 
120 2.110500 
121 2.094900 

1 1.386300 
2 1.351100 
3 1.261900 
4 1.144400 
5 1.019600 
6 0.907200 
7 0.829800 
8 0.802100 
9 0.805800 
10 0.807600 
11 0.794600 
12 0.799800 
13 0.920000 
14 1.169500 
15 1.458400 
16 1.375800 
17 1.214500 
18 1.057500 
19 0.923000 
20 0.830600 
21 0.797400 
22 0.771300 
23 0.742000 
24 0.710200 
25 0.677000 
26 0.643000 
27 0.608800 
28 0.574900 
29 0.541800 
30 0.533000 
31 0.552700 
32 0.541800 
33 0.507300 
34 0.460100 
35 0.407200 
36 0.360200 
37 0.344700 
38 0.332400 
39 0.323500 
40 0.318200 
41 0.316400 
42 0.333300 
43 0.379700 
44 0.444100 
45 0.510700 
46 0.561800 
47 0.590200 
48 0.694500 
49 0.791700 
50 0.974000 
51 1.159800 
52 1.034600 
53 1.007500 
54 0.879900 
55 0.661400 
56 0.445700 
57 0.235900 
58 0.058400 
59 -0.015900 
60 -0.155600 
61 -0.207400 
62 -0.172900 
63 -0.077500 
64 0.081000 
65 0.118500 
66 0.181800 
67 0.375600 
68 0.589800 
69 0.665100 
70 0.661500 
71 0.648400 
72 0.626600 
73 0.597000 
74 0.561400 
75 0.521700 
76 0.480500 
77 0.440800 
78 0.405600 
79 0.377800 
80 0.359900 
81 0.353800 
82 0.362700 
83 0.385600 
84 0.414100 
85 0.440200 
86 0.458000 
87 0.463800 
88 0.454900 
89 0.429600 
90 0.468300 
91 0.562800 
92 0.654500 
93 0.787800 
94 0.671800 
95 0.569500 
96 0.529900 
97 0.475200 
98 0.416700 
99 0.364900 
100 0.329100 
101 0.316400 
102 0.331000 
103 0.373200 
104 0.438700 
105 0.523700 
106 0.627100 
107 0.735600 
108 0.765700 
109 0.643300 
110 0.579600 
111 0.533400 
112 0.541000 
113 0.632300 
114 0.820700 
115 1.069900 
116 1.331300 
117 1.573700 
118 1.778500 
119 1.935100 
120 2.039500 
121 2.094900 

1 -0.349300 
2 -0.326000 
3 -0.277800 
4 -0.213700 
5 -0.111400 
6 0.020400 
7 0.108300 
8 0.127800 
9 0.137000 
10 0.205600 
11 0.308000 
12 0.404800 
13 0.411100 
14 0.322300 
15 0.196900 
16 0.065300 
17 -0.056400 
18 -0.157800 
19 -0.233000 
20 -0.279000 
21 -0.294400 
22 -0.174600 
23 -0.055500 
24 0.059200 
25 0.166600 
26 0.264600 
27 0.351700 
28 0.426900 
29 0.488500 
30 0.509900 
31 0.479500 
32 0.450900 
33 0.424400 
34 0.400200 
35 0.378800 
36 0.352600 
37 0.299900 
38 0.252200 
39 0.213500 
40 0.187900 
41 0.178900 
42 0.193200 
43 0.235100 
44 0.301300 
45 0.386800 
46 0.485300 
47 0.578700 
48 0.545700 
49 0.663900 
50 0.876100 
51 0.942600 
52 0.987300 
53 0.893100 
54 0.732800 
55 0.557900 
56 0.378300 
57 0.207700 
58 0.033200 
59 -0.063500 
60 -0.163300 
61 -0.207400 
62 -0.207000 
63 -0.175900 
64 -0.102200 
65 0.019000 
66 0.055800 
67 -0.005300 
68 -0.064400 
69 -0.121300 
70 -0.118500 
71 -0.097600 
72 -0.077900 
73 -0.059700 
74 -0.043200 
75 -0.028700 
76 -0.016100 
77 -0.005700 
78 0.002500 
79 0.008400 
80 0.011900 
81 0.013100 
82 0.018200 
83 0.033700 
84 0.059700 
85 0.097000 
86 0.146400 
87 0.208800 
88 0.284700 
89 0.372900 
90 0.386200 
91 0.322700 
92 0.298000 
93 0.510200 
94 0.577400 
95 0.538600 
96 0.430300 
97 0.342400 
98 0.272700 
99 0.221400 
100 0.189700 
101 0.178900 
102 0.198600 
103 0.254400 
104 0.336800 
105 0.431100 
106 0.518600 
107 0.584400 
108 0.613500 
109 0.516100 
110 0.224400 
111 -0.070100 
112 -0.160100 
113 -0.046300 
114 0.028900 
115 0.044100 
116 0.022700 
117 -0.019700 
118 -0.075300 
119 -0.139600 
120 -0.209400 
121 -0.282300 

1 -0.349300 
2 -0.326000 
3 -0.277800 
4 -0.213700 
5 -0.111400 
6 0.020400 
7 0.108300 
8 0.127800 
9 0.137000 
10 0.205600 
11 0.308000 
12 0.404800 
13 0.411100 
14 0.322300 
15 0.196900 
16 0.065300 
17 -0.056400 
18 -0.157800 
19 -0.233000 
20 -0.279000 
21 -0.294400 
22 -0.411000 
23 -0.520900 
24 -0.621400 
25 -0.710800 
26 -0.788800 
27 -0.824300 
28 -0.822300 
29 -0.820800 
30 -0.819800 
31 -0.819200 
32 -0.819000 
33 -0.819100 
34 -0.819500 
35 -0.820000 
36 -0.772100 
37 -0.712800 
38 -0.660900 
39 -0.619500 
40 -0.592400 
41 -0.582900 
42 -0.569500 
43 -0.542500 
44 -0.520400 
45 -0.342600 
46 -0.134600 
47 0.103700 
48 0.371300 
49 0.461500 
50 0.346400 
51 0.225800 
52 0.112600 
53 0.007800 
54 -0.093500 
55 -0.197700 
56 -0.310700 
57 -0.276700 
58 -0.093400 
59 -0.144000 
60 -0.253900 
61 -0.296300 
62 -0.286500 
63 -0.268300 
64 -0.249400 
65 -0.229300 
66 -0.207900 
67 -0.185600 
68 -0.163000 
69 -0.140500 
70 -0.175600 
71 -0.226900 
72 -0.274800 
73 -0.319100 
74 -0.359300 
75 -0.395100 
76 -0.426000 
77 -0.451900 
78 -0.472300 
79 -0.487100 
80 -0.496100 
81 -0.499100 
82 -0.522600 
83 -0.589200 
84 -0.689700 
85 -0.814300 
86 -0.818800 
87 -0.734300 
88 -0.608500 
89 -0.440900 
90 -0.228800 
91 0.024700 
92 0.236500 
93 0.125900 
94 -0.007400 
95 -0.155600 
96 -0.307800 
97 -0.454100 
98 -0.529200 
99 -0.549900 
100 -0.572600 
101 -0.582900 
102 -0.581900 
103 -0.582700 
104 -0.576000 
105 -0.471700 
106 -0.354200 
107 -0.247700 
108 -0.166900 
109 -0.130100 
110 -0.159500 
111 -0.244300 
112 -0.392400 
113 -0.588800 
114 -0.663500 
115 -0.652600 
116 -0.613000 
117 -0.559500 
118 -0.496900 
119 -0.428200 
120 -0.356000 
121 -0.282300 

1 -0.836300 
2 -0.713400 
3 -0.540200 
4 -0.360300 
5 -0.222000 
6 -0.143500 
7 -0.081300 
8 -0.029800 
9 -0.028900 
10 -0.109800 
11 -0.221300 
12 -0.337700 
13 -0.449100 
14 -0.550300 
15 -0.638200 
16 -0.710700 
17 -0.766900 
18 -0.807100 
19 -0.833000 
20 -0.846900 
21 -0.851200 
22 -0.844800 
23 -0.839200 
24 -0.834400 
25 -0.830300 
26 -0.827000 
27 -0.824300 
28 -0.822300 
29 -0.820800 
30 -0.819800 
31 -0.819200 
32 -0.819000 
33 -0.819100 
34 -0.819500 
35 -0.820000 
36 -0.820600 
37 -0.821200 
38 -0.821800 
39 -0.822200 
40 -0.822500 
41 -0.822600 
42 -0.777200 
43 -0.667700 
44 -0.521600 
45 -0.514400 
46 -0.517400 
47 -0.522500 
48 -0.522900 
49 -0.516000 
50 -0.503700 
51 -0.489400 
52 -0.476500 
53 -0.467500 
54 -0.464200 
55 -0.468300 
56 -0.468600 
57 -0.432800 
58 -0.547500 
59 -0.621100 
60 -0.648100 
61 -0.646700 
62 -0.639300 
63 -0.631000 
64 -0.626600 
65 -0.630100 
66 -0.641400 
67 -0.658100 
68 -0.677800 
69 -0.698700 
70 -0.719900 
71 -0.740600 
72 -0.760200 
73 -0.778600 
74 -0.795400 
75 -0.810500 
76 -0.823600 
77 -0.834700 
78 -0.843600 
79 -0.850100 
80 -0.854000 
81 -0.855300 
82 -0.849600 
83 -0.839100 
84 -0.829500 
85 -0.822600 
86 -0.823500 
87 -0.818400 
88 -0.821600 
89 -0.828700 
90 -0.840100 
91 -0.856200 
92 -0.760100 
93 -0.667400 
94 -0.599500 
95 -0.553900 
96 -0.528200 
97 -0.520600 
98 -0.587700 
99 -0.702300 
100 -0.788000 
101 -0.822600 
102 -0.788100 
103 -0.704900 
104 -0.613700 
105 -0.618600 
106 -0.641200 
107 -0.663500 
108 -0.679200 
109 -0.681100 
110 -0.656500 
111 -0.616600 
112 -0.700000 
113 -0.841500 
114 -0.852400 
115 -0.849400 
116 -0.846900 
117 -0.844900 
118 -0.843400 
119 -0.842400 
120 -0.842100 
121 -0.843500 

1 -0.836300 
2 -0.713400 
3 -0.540200 
4 -0.360300 
5 -0.222000 
6 -0.143500 
7 -0.081300 
8 -0.029800 
9 -0.028900 
10 -0.109800 
11 -0.221300 
12 -0.337700 
13 -0.449100 
14 -0.550300 
15 -0.638200 
16 -0.710700 
17 -0.766900 
18 -0.807100 
19 -0.833000 
20 -0.846900 
21 -0.851200 
22 -0.844800 
23 -0.839200 
24 -0.834400 
25 -0.830300 
26 -0.827000 
27 -0.855700 
28 -0.912500 
29 -0.937200 
30 -0.952800 
31 -0.969400 
32 -0.987100 
33 -0.973600 
34 -0.903900 
35 -0.836300 
36 -0.820600 
37 -0.821200 
38 -0.821800 
39 -0.822200 
40 -0.822500 
41 -0.822600 
42 -0.824700 
43 -0.832900 
44 -0.850700 
45 -0.880800 
46 -0.924300 
47 -0.980800 
48 -1.048900 
49 -1.039800 
50 -1.023200 
51 -1.001000 
52 -0.974000 
53 -0.944700 
54 -0.870700 
55 -0.667200 
56 -0.481600 
57 -0.508500 
58 -0.559300 
59 -0.636200 
60 -0.656000 
61 -0.646700 
62 -0.661100 
63 -0.690200 
64 -0.726000 
65 -0.760500 
66 -0.788700 
67 -0.809400 
68 -0.824600 
69 -0.836600 
70 -0.847100 
71 -0.856900 
72 -0.866100 
73 -0.874700 
74 -0.882700 
75 -0.890000 
76 -0.896400 
77 -0.901800 
78 -0.906100 
79 -0.909200 
80 -0.911100 
81 -0.911700 
82 -0.922100 
83 -0.945200 
84 -0.922000 
85 -0.883500 
86 -0.954100 
87 -1.099200 
88 -1.179100 
89 -1.161400 
90 -1.015600 
91 -0.878000 
92 -0.877600 
93 -0.904600 
94 -0.922800 
95 -0.892400 
96 -0.868300 
97 -0.850200 
98 -0.837200 
99 -0.828800 
100 -0.824100 
101 -0.822600 
102 -0.824000 
103 -0.828300 
104 -0.835800 
105 -0.846400 
106 -0.859300 
107 -0.871600 
108 -0.878800 
109 -0.878500 
110 -0.873400 
111 -0.867000 
112 -0.854800 
113 -0.856300 
114 -0.937400 
115 -0.982400 
116 -0.940600 
117 -0.906300 
118 -0.879600 
119 -0.860600 
120 -0.848800 
121 -0.843500 

1 -0.891500 
2 -0.983200 
3 -1.059700 
4 -1.105400 
5 -1.133600 
6 -1.153600 
7 -1.170400 
8 -1.186100 
9 -1.201100 
10 -1.213800 
11 -1.218900 
12 -1.203200 
13 -1.157100 
14 -1.094100 
15 -1.029100 
16 -0.971000 
17 -0.924100 
18 -0.889500 
19 -0.867000 
20 -0.854900 
21 -0.851200 
22 -0.858500 
23 -0.866700 
24 -0.875900 
25 -0.886100 
26 -0.897300 
27 -0.909500 
28 -0.922800 
29 -0.937200 
30 -0.952800 
31 -0.969400 
32 -0.987100 
33 -1.006000 
34 -1.025900 
35 -1.046700 
36 -1.068300 
37 -1.090300 
38 -1.112000 
39 -1.132000 
40 -1.147400 
41 -1.150300 
42 -1.157600 
43 -1.170800 
44 -1.147500 
45 -1.112600 
46 -1.085400 
47 -1.066300 
48 -1.052700 
49 -1.126800 
50 -1.211300 
51 -1.298000 
52 -1.271400 
53 -1.075700 
54 -0.916300 
55 -0.892400 
56 -0.877400 
57 -0.880300 
58 -0.873200 
59 -0.866000 
60 -1.027300 
61 -1.228300 
62 -1.171600 
63 -1.094400 
64 -1.027200 
65 -0.979200 
66 -0.949200 
67 -0.932500 
68 -0.924600 
69 -0.922400 
70 -0.923700 
71 -0.927200 
72 -0.931900 
73 -0.937100 
74 -0.942400 
75 -0.947300 
76 -0.951600 
77 -0.955100 
78 -0.957900 
79 -0.959800 
80 -0.961000 
81 -0.961400 
82 -0.957500 
83 -0.946900 
84 -0.980100 
85 -1.020300 
86 -1.067000 
87 -1.120100 
88 -1.232700 
89 -1.179400 
90 -1.114000 
91 -1.055600 
92 -1.004300 
93 -0.960000 
94 -0.937800 
95 -0.977300 
96 -1.022700 
97 -1.073000 
98 -1.126400 
99 -1.172400 
100 -1.158100 
101 -1.150300 
102 -1.152100 
103 -1.141400 
104 -1.112900 
105 -1.078500 
106 -1.049400 
107 -1.032000 
108 -1.032300 
109 -1.049400 
110 -0.954700 
111 -0.882200 
112 -0.861200 
113 -0.933200 
114 -1.031200 
115 -1.050200 
116 -1.137800 
117 -1.197300 
118 -1.236600 
119 -1.263400 
120 -1.283400 
121 -1.299400 

1 -0.891500 
2 -0.983200 
3 -1.059700 
4 -1.105400 
5 -1.133600 
6 -1.153600 
7 -1.170400 
8 -1.186100 
9 -1.201100 
10 -1.213800 
11 -1.218900 
12 -1.203200 
13 -1.157100 
14 -1.094100 
15 -1.029100 
16 -0.971000 
17 -0.924100 
18 -0.889500 
19 -0.867000 
20 -0.854900 
21 -0.851200 
22 -0.858500 
23 -0.866700 
24 -0.875900 
25 -0.886100 
26 -0.897300 
27 -0.909500 
28 -0.922800 
29 -0.960200 
30 -1.000000 
31 -1.033100 
32 -1.044900 
33 -1.006000 
34 -1.025900 
35 -1.046700 
36 -1.068300 
37 -1.090300 
38 -1.112000 
39 -1.132000 
40 -1.147400 
41 -1.153500 
42 -1.163100 
43 -1.187900 
44 -1.191500 
45 -1.176800 
46 -1.174900 
47 -1.193100 
48 -1.236500 
49 -1.304800 
50 -1.390900 
51 -1.406100 
52 -1.326600 
53 -1.244500 
54 -1.163300 
55 -1.083500 
56 -1.005900 
57 -0.933100 
58 -0.920200 
59 -1.020900 
60 -1.161000 
61 -1.228300 
62 -1.200700 
63 -1.128900 
64 -1.071900 
65 -1.042700 
66 -1.039600 
67 -1.056500 
68 -1.086000 
69 -1.122000 
70 -1.160300 
71 -1.198600 
72 -1.235200 
73 -1.269300 
74 -1.300300 
75 -1.327900 
76 -1.351600 
77 -1.371200 
78 -1.386700 
79 -1.397800 
80 -1.404500 
81 -1.406700 
82 -1.406700 
83 -1.406600 
84 -1.406500 
85 -1.406600 
86 -1.407100 
87 -1.329100 
88 -1.251400 
89 -1.242600 
90 -1.305100 
91 -1.351400 
92 -1.357700 
93 -1.336600 
94 -1.310400 
95 -1.281300 
96 -1.250900 
97 -1.221100 
98 -1.194200 
99 -1.175100 
100 -1.159000 
101 -1.153500 
102 -1.153100 
103 -1.158400 
104 -1.172000 
105 -1.188300 
106 -1.194000 
107 -1.175300 
108 -1.127200 
109 -1.052000 
110 -1.086700 
111 -1.128000 
112 -1.135700 
113 -1.085300 
114 -1.140400 
115 -1.304100 
116 -1.336300 
117 -1.335400 
118 -1.330500 
119 -1.322900 
120 -1.312500 
121 -1.299400 

1 -1.496200 
2 -1.510300 
3 -1.546500 
4 -1.590600 
5 -1.629600 
6 -1.652600 
7 -1.642300 
8 -1.583900 
9 -1.506300 
10 -1.431500 
11 -1.368000 
12 -1.326900 
13 -1.315800 
14 -1.325900 
15 -1.353300 
16 -1.398200 
17 -1.458400 
18 -1.528000 
19 -1.596300 
20 -1.647800 
21 -1.667200 
22 -1.640700 
23 -1.611700 
24 -1.581600 
25 -1.551000 
26 -1.505500 
27 -1.422400 
28 -1.342900 
29 -1.266100 
30 -1.191000 
31 -1.117400 
32 -1.060400 
33 -1.082800 
34 -1.100900 
35 -1.115500 
36 -1.127000 
37 -1.135800 
38 -1.142300 
39 -1.146800 
40 -1.149400 
41 -1.153500 
42 -1.181800 
43 -1.189700 
44 -1.192400 
45 -1.222000 
46 -1.258600 
47 -1.301400 
48 -1.348800 
49 -1.398200 
50 -1.440800 
51 -1.419400 
52 -1.381100 
53 -1.455100 
54 -1.518500 
55 -1.573500 
56 -1.622900 
57 -1.668000 
58 -1.708800 
59 -1.728900 
60 -1.570700 
61 -1.458500 
62 -1.486500 
63 -1.539600 
64 -1.595100 
65 -1.646300 
66 -1.691500 
67 -1.709100 
68 -1.691200 
69 -1.673500 
70 -1.656300 
71 -1.640200 
72 -1.625400 
73 -1.612100 
74 -1.600500 
75 -1.590500 
76 -1.582300 
77 -1.575800 
78 -1.570900 
79 -1.567400 
80 -1.565400 
81 -1.564800 
82 -1.564100 
83 -1.562300 
84 -1.559500 
85 -1.495200 
86 -1.411200 
87 -1.408300 
88 -1.303200 
89 -1.326700 
90 -1.366100 
91 -1.370200 
92 -1.372400 
93 -1.380500 
94 -1.382400 
95 -1.328000 
96 -1.278800 
97 -1.236100 
98 -1.201200 
99 -1.180100 
100 -1.174900 
101 -1.153500 
102 -1.173100 
103 -1.206600 
104 -1.200500 
105 -1.207400 
106 -1.218600 
107 -1.231100 
108 -1.242800 
109 -1.250900 
110 -1.246900 
111 -1.217500 
112 -1.205600 
113 -1.250800 
114 -1.302700 
115 -1.351300 
116 -1.389000 
117 -1.408300 
118 -1.424600 
119 -1.439600 
120 -1.452600 
121 -1.462100 

1 -1.496200 
2 -1.510300 
3 -1.546500 
4 -1.590600 
5 -1.629600 
6 -1.652600 
7 -1.642300 
8 -1.583900 
9 -1.506300 
10 -1.431500 
11 -1.368000 
12 -1.326900 
13 -1.315800 
14 -1.325900 
15 -1.353300 
16 -1.398200 
17 -1.458400 
18 -1.528000 
19 -1.596300 
20 -1.647800 
21 -1.667200 
22 -1.640700 
23 -1.611700 
24 -1.581600 
25 -1.551000 
26 -1.520700 
27 -1.491100 
28 -1.462500 
29 -1.435300 
30 -1.409600 
31 -1.385700 
32 -1.363600 
33 -1.343500 
34 -1.325500 
35 -1.309600 
36 -1.296000 
37 -1.284800 
38 -1.275900 
39 -1.269600 
40 -1.265800 
41 -1.264500 
42 -1.230600 
43 -1.212200 
44 -1.228200 
45 -1.273400 
46 -1.321900 
47 -1.371700 
48 -1.422200 
49 -1.474100 
50 -1.511800 
51 -1.514100 
52 -1.610400 
53 -1.666000 
54 -1.725000 
55 -1.783800 
56 -1.840600 
57 -1.893700 
58 -1.847700 
59 -1.743100 
60 -1.715300 
61 -1.552200 
62 -1.613500 
63 -1.728500 
64 -1.756400 
65 -1.742500 
66 -1.726400 
67 -1.730100 
68 -1.762400 
69 -1.789000 
70 -1.810300 
71 -1.827300 
72 -1.840400 
73 -1.850400 
74 -1.850600 
75 -1.826500 
76 -1.800800 
77 -1.774900 
78 -1.750700 
79 -1.730900 
80 -1.717800 
81 -1.713300 
82 -1.695700 
83 -1.646900 
84 -1.576400 
85 -1.556300 
86 -1.549300 
87 -1.433700 
88 -1.411000 
89 -1.416900 
90 -1.431800 
91 -1.471400 
92 -1.483200 
93 -1.441000 
94 -1.383600 
95 -1.363700 
96 -1.327100 
97 -1.293600 
98 -1.266100 
99 -1.229600 
100 -1.230300 
101 -1.264500 
102 -1.234700 
103 -1.215100 
104 -1.239600 
105 -1.254400 
106 -1.270300 
107 -1.292800 
108 -1.317800 
109 -1.340400 
110 -1.357500 
111 -1.337200 
112 -1.338700 
113 -1.349100 
114 -1.362900 
115 -1.378400 
116 -1.398900 
117 -1.428900 
118 -1.451200 
119 -1.463300 
120 -1.466300 
121 -1.462100 

1 -2.285300 
2 -2.266300 
3 -2.196400 
4 -2.086300 
5 -1.967300 
6 -1.858900 
7 -1.779900 
8 -1.744400 
9 -1.722500 
10 -1.693400 
11 -1.655700 
12 -1.618400 
13 -1.596800 
14 -1.601100 
15 -1.631900 
16 -1.684200 
17 -1.751400 
18 -1.809700 
19 -1.757800 
20 -1.692200 
21 -1.667200 
22 -1.690000 
23 -1.707300 
24 -1.688700 
25 -1.593700 
26 -1.520700 
27 -1.491100 
28 -1.462500 
29 -1.435300 
30 -1.409600 
31 -1.385700 
32 -1.363600 
33 -1.343500 
34 -1.325500 
35 -1.309600 
36 -1.296000 
37 -1.284800 
38 -1.275900 
39 -1.269600 
40 -1.265800 
41 -1.264500 
42 -1.236600 
43 -1.248400 
44 -1.322700 
45 -1.395200 
46 -1.462800 
47 -1.523200 
48 -1.572300 
49 -1.600500 
50 -1.529700 
51 -1.573700 
52 -1.623300 
53 -1.738900 
54 -1.849000 
55 -1.944000 
56 -1.962400 
57 -1.922100 
58 -1.941000 
59 -1.910200 
60 -1.767300 
61 -1.776200 
62 -1.773900 
63 -1.767100 
64 -1.829200 
65 -1.893200 
66 -1.924400 
67 -1.935300 
68 -1.935000 
69 -1.928900 
70 -1.919800 
71 -1.909200 
72 -1.892000 
73 -1.872400 
74 -1.857800 
75 -1.863200 
76 -1.859300 
77 -1.852300 
78 -1.846800 
79 -1.842700 
80 -1.840300 
81 -1.839500 
82 -1.823000 
83 -1.783300 
84 -1.724800 
85 -1.646800 
86 -1.553900 
87 -1.555300 
88 -1.567300 
89 -1.599000 
90 -1.577300 
91 -1.527900 
92 -1.502500 
93 -1.441700 
94 -1.402000 
95 -1.383600 
96 -1.380500 
97 -1.357400 
98 -1.293300 
99 -1.248700 
100 -1.247900 
101 -1.264500 
102 -1.251300 
103 -1.267000 
104 -1.323100 
105 -1.398400 
106 -1.446700 
107 -1.455900 
108 -1.442600 
109 -1.404500 
110 -1.359400 
111 -1.368200 
112 -1.372200 
113 -1.371300 
114 -1.369600 
115 -1.390900 
116 -1.505700 
117 -1.616100 
118 -1.697000 
119 -1.751400 
120 -1.782500 
121 -1.792800 

1 -2.285300 
2 -2.266300 
3 -2.196400 
4 -2.086300 
5 -1.967300 
6 -1.858900 
7 -1.779900 
8 -1.744400 
9 -1.722500 
10 -1.693400 
11 -1.655700 
12 -1.618400 
13 -1.596800 
14 -1.601100 
15 -1.631900 
16 -1.684200 
17 -1.751400 
18 -1.809700 
19 -1.757800 
20 -1.692200 
21 -1.667200 
22 -1.690000 
23 -1.707300 
24 -1.717500 
25 -1.719400 
26 -1.712400 
27 -1.697300 
28 -1.675300 
29 -1.647900 
30 -1.616700 
31 -1.583000 
32 -1.547800 
33 -1.511800 
34 -1.475900 
35 -1.440400 
36 -1.405900 
37 -1.373100 
38 -1.342800 
39 -1.316600 
40 -1.297400 
41 -1.290000 
42 -1.325700 
43 -1.374400 
44 -1.426800 
45 -1.482300 
46 -1.541500 
47 -1.606800 
48 -1.680800 
49 -1.601300 
50 -1.594000 
51 -1.592700 
52 -1.668700 
53 -1.762300 
54 -1.873600 
55 -1.979900 
56 -2.013100 
57 -2.043800 
58 -2.018100 
59 -1.979300 
60 -2.004100 
61 -2.012200 
62 -2.010400 
63 -2.005600 
64 -1.998300 
65 -1.989200 
66 -1.978700 
67 -1.967000 
68 -1.954300 
69 -1.940600 
70 -1.925800 
71 -1.909700 
72 -1.898100 
73 -1.887200 
74 -1.876900 
75 -1.867500 
76 -1.867100 
77 -1.869700 
78 -1.871500 
79 -1.872600 
80 -1.873200 
81 -1.873400 
82 -1.876000 
83 -1.873700 
84 -1.860100 
85 -1.833900 
86 -1.795300 
87 -1.745900 
88 -1.689600 
89 -1.631800 
90 -1.629300 
91 -1.565600 
92 -1.545100 
93 -1.579900 
94 -1.531700 
95 -1.477600 
96 -1.419300 
97 -1.373600 
98 -1.361400 
99 -1.342500 
100 -1.315800 
101 -1.290000 
102 -1.320800 
103 -1.359000 
104 -1.394000 
105 -1.424100 
106 -1.481300 
107 -1.567900 
108 -1.654200 
109 -1.733900 
110 -1.794700 
111 -1.813700 
112 -1.783900 
113 -1.744200 
114 -1.719000 
115 -1.711700 
116 -1.719200 
117 -1.736300 
118 -1.757100 
119 -1.775700 
120 -1.788400 
121 -1.792800 

1 -2.530300 
2 -2.491700 
3 -2.434900 
4 -2.395600 
5 -2.361800 
6 -2.326600 
7 -2.289400 
8 -2.251600 
9 -2.215200 
10 -2.182400 
11 -2.155200 
12 -2.134600 
13 -2.119900 
14 -2.107900 
15 -2.090500 
16 -2.050400 
17 -1.975000 
18 -1.897600 
19 -1.937800 
20 -2.006400 
21 -2.037600 
22 -1.908200 
23 -1.792800 
24 -1.717500 
25 -1.719400 
26 -1.712400 
27 -1.697300 
28 -1.675300 
29 -1.647900 
30 -1.616700 
31 -1.583000 
32 -1.547800 
33 -1.511800 
34 -1.475900 
35 -1.440400 
36 -1.405900 
37 -1.373100 
38 -1.342800 
39 -1.316600 
40 -1.297400 
41 -1.290000 
42 -1.353600 
43 -1.470400 
44 -1.613700 
45 -1.759400 
46 -1.852600 
47 -1.798100 
48 -1.698300 
49 -1.762500 
50 -1.842100 
51 -1.905400 
52 -1.947100 
53 -1.971200 
54 -1.981800 
55 -1.997100 
56 -2.121500 
57 -2.149200 
58 -2.158300 
59 -2.165400 
60 -2.175500 
61 -2.193100 
62 -2.184600 
63 -2.180800 
64 -2.181400 
65 -2.185600 
66 -2.192600 
67 -2.201500 
68 -2.211500 
69 -2.221900 
70 -2.232300 
71 -2.242200 
72 -2.251200 
73 -2.259200 
74 -2.266000 
75 -2.271500 
76 -2.242600 
77 -2.210600 
78 -2.186000 
79 -2.168800 
80 -2.158700 
81 -2.155400 
82 -2.104700 
83 -2.036200 
84 -1.977000 
85 -1.922800 
86 -1.868800 
87 -1.812700 
88 -1.753800 
89 -1.692400 
90 -1.634700 
91 -1.641400 
92 -1.618900 
93 -1.640700 
94 -1.751000 
95 -1.874400 
96 -1.853200 
97 -1.707500 
98 -1.567900 
99 -1.442600 
100 -1.343300 
101 -1.290000 
102 -1.348400 
103 -1.459300 
104 -1.600700 
105 -1.761600 
106 -1.935600 
107 -1.911900 
108 -1.842700 
109 -1.817700 
110 -1.826700 
111 -1.855300 
112 -1.894000 
113 -1.937700 
114 -1.983000 
115 -2.027800 
116 -2.069900 
117 -2.107700 
118 -2.139500 
119 -2.164000 
120 -2.180700 
121 -2.191000 

1 -2.530300 
2 -2.491700 
3 -2.434900 
4 -2.395600 
5 -2.361800 
6 -2.326600 
7 -2.289400 
8 -2.251600 
9 -2.215200 
10 -2.182400 
11 -2.155200 
12 -2.134600 
13 -2.119900 
14 -2.107900 
15 -2.090500 
16 -2.050400 
17 -1.975000 
18 -1.897600 
19 -1.937800 
20 -2.006400 
21 -2.037600 
22 -2.183200 
23 -2.346600 
24 -2.345000 
25 -2.343600 
26 -2.353200 
27 -2.373300 
28 -2.402400 
29 -2.438600 
30 -2.480200 
31 -2.525500 
32 -2.573000 
33 -2.621100 
34 -2.668500 
35 -2.713800 
36 -2.755500 
37 -2.792300 
38 -2.822700 
39 -2.845500 
40 -2.859700 
41 -2.864500 
42 -2.700400 
43 -2.483800 
44 -2.295600 
45 -2.140500 
46 -2.057000 
47 -2.127600 
48 -2.240100 
49 -2.252700 
50 -2.248500 
51 -2.112000 
52 -2.070600 
53 -2.074800 
54 -2.094400 
55 -2.116400 
56 -2.135300 
57 -2.224400 
58 -2.270800 
59 -2.257300 
60 -2.222300 
61 -2.193100 
62 -2.204700 
63 -2.217500 
64 -2.231100 
65 -2.245000 
66 -2.258800 
67 -2.272300 
68 -2.285100 
69 -2.297300 
70 -2.308500 
71 -2.318700 
72 -2.327300 
73 -2.332400 
74 -2.319700 
75 -2.281000 
76 -2.275800 
77 -2.278900 
78 -2.281100 
79 -2.282400 
80 -2.283100 
81 -2.283300 
82 -2.354900 
83 -2.319100 
84 -2.267200 
85 -2.212300 
86 -2.160500 
87 -2.117200 
88 -2.091700 
89 -2.103300 
90 -2.184000 
91 -2.350300 
92 -2.399800 
93 -2.279500 
94 -2.143500 
95 -1.999800 
96 -2.011300 
97 -2.162700 
98 -2.330300 
99 -2.515100 
100 -2.715200 
101 -2.864500 
102 -2.713700 
103 -2.511600 
104 -2.325800 
105 -2.161300 
106 -2.021300 
107 -2.120200 
108 -2.313000 
109 -2.482500 
110 -2.283600 
111 -2.158200 
112 -2.131400 
113 -2.150000 
114 -2.175900 
115 -2.197600 
116 -2.213300 
117 -2.223700 
118 -2.229800 
119 -2.211700 
120 -2.199700 
121 -2.191000 

1 -2.664200 
2 -2.690600 
3 -2.741500 
4 -2.791500 
5 -2.835900 
6 -2.874500 
7 -2.907000 
8 -2.931900 
9 -2.946700 
10 -2.946200 
11 -2.917200 
12 -2.827700 
13 -2.685400 
14 -2.542000 
15 -2.419700 
16 -2.335000 
17 -2.301600 
18 -2.308500 
19 -2.340000 
20 -2.383200 
21 -2.407500 
22 -2.378400 
23 -2.357000 
24 -2.345000 
25 -2.343600 
26 -2.353200 
27 -2.373300 
28 -2.402400 
29 -2.438600 
30 -2.480200 
31 -2.525500 
32 -2.573000 
33 -2.621100 
34 -2.668500 
35 -2.713800 
36 -2.755500 
37 -2.792300 
38 -2.822700 
39 -2.845500 
40 -2.859700 
41 -2.864500 
42 -2.734300 
43 -2.601800 
44 -2.490200 
45 -2.398500 
46 -2.327000 
47 -2.277100 
48 -2.251200 
49 -2.340900 
50 -2.284800 
51 -2.344400 
52 -2.413100 
53 -2.466900 
54 -2.491400 
55 -2.485100 
56 -2.454200 
57 -2.408900 
58 -2.361700 
59 -2.323800 
60 -2.299900 
61 -2.288500 
62 -2.286800 
63 -2.287300 
64 -2.289900 
65 -2.294600 
66 -2.301400 
67 -2.310600 
68 -2.322300 
69 -2.336800 
70 -2.354300 
71 -2.374900 
72 -2.398700 
73 -2.391900 
74 -2.360300 
75 -2.358900 
76 -2.362900 
77 -2.366900 
78 -2.370300 
79 -2.372700 
80 -2.374200 
81 -2.374700 
82 -2.359100 
83 -2.482100 
84 -2.628900 
85 -2.632100 
86 -2.626700 
87 -2.620300 
88 -2.613100 
89 -2.605300 
90 -2.568900 
91 -2.495700 
92 -2.583000 
93 -2.578200 
94 -2.576600 
95 -2.579800 
96 -2.590200 
97 -2.611200 
98 -2.647000 
99 -2.703100 
100 -2.786400 
101 -2.864500 
102 -2.784800 
103 -2.697300 
104 -2.636500 
105 -2.595800 
106 -2.569300 
107 -2.551400 
108 -2.536900 
109 -2.506400 
110 -2.502000 
111 -2.476400 
112 -2.444200 
113 -2.406600 
114 -2.366000 
115 -2.325300 
116 -2.287500 
117 -2.255200 
118 -2.230300 
119 -2.234400 
120 -2.237300 
121 -2.241100 

1 -2.664200 
2 -2.690600 
3 -2.741500 
4 -2.791500 
5 -2.835900 
6 -2.874500 
7 -2.907000 
8 -2.931900 
9 -2.946700 
10 -2.946200 
11 -2.917200 
12 -2.827700 
13 -2.685400 
14 -2.542000 
15 -2.419700 
16 -2.335000 
17 -2.301600 
18 -2.308500 
19 -2.340000 
20 -2.383200 
21 -2.407500 
22 -2.378400 
23 -2.357000 
24 -2.523500 
25 -2.567400 
26 -2.612200 
27 -2.657400 
28 -2.702100 
29 -2.745900 
30 -2.788200 
31 -2.828600 
32 -2.866600 
33 -2.896000 
34 -2.895300 
35 -2.894600 
36 -2.894100 
37 -2.893600 
38 -2.893300 
39 -2.893000 
40 -2.892900 
41 -2.892800 
42 -2.888800 
43 -2.953000 
44 -3.056600 
45 -3.196000 
46 -3.283500 
47 -3.220700 
48 -2.827300 
49 -2.495900 
50 -2.421600 
51 -2.481200 
52 -2.520900 
53 -2.542600 
54 -2.548000 
55 -2.538100 
56 -2.511900 
57 -2.467400 
58 -2.406900 
59 -2.346000 
60 -2.303300 
61 -2.288500 
62 -2.299800 
63 -2.335600 
64 -2.410300 
65 -2.530900 
66 -2.687900 
67 -2.734500 
68 -2.677300 
69 -2.619000 
70 -2.560000 
71 -2.501300 
72 -2.444200 
73 -2.425600 
74 -2.455500 
75 -2.487800 
76 -2.521700 
77 -2.555900 
78 -2.588300 
79 -2.616000 
80 -2.635200 
81 -2.642100 
82 -2.641400 
83 -2.639500 
84 -2.636400 
85 -2.788900 
86 -2.859000 
87 -2.770600 
88 -2.695900 
89 -2.631500 
90 -2.597400 
91 -2.589700 
92 -2.586600 
93 -2.872400 
94 -2.833100 
95 -2.815600 
96 -2.811100 
97 -2.815000 
98 -2.825000 
99 -2.839800 
100 -2.856100 
101 -2.892800 
102 -2.851700 
103 -2.824200 
104 -2.793800 
105 -2.763700 
106 -2.734300 
107 -2.704200 
108 -2.659600 
109 -2.521500 
110 -2.568000 
111 -2.560200 
112 -2.531100 
113 -2.492900 
114 -2.449500 
115 -2.404300 
116 -2.360700 
117 -2.321600 
118 -2.289200 
119 -2.265000 
120 -2.249300 
121 -2.241100 

1 -3.728000 
2 -3.721400 
3 -3.721800 
4 -3.747600 
5 -3.791200 
6 -3.825300 
7 -3.811200 
8 -3.720100 
9 -3.560100 
10 -3.365200 
11 -3.177200 
12 -3.047100 
13 -2.976800 
14 -2.918000 
15 -2.852300 
16 -2.776400 
17 -2.691700 
18 -2.601900 
19 -2.513500 
20 -2.439500 
21 -2.407500 
22 -2.442300 
23 -2.481400 
24 -2.523500 
25 -2.567400 
26 -2.612200 
27 -2.657400 
28 -2.702100 
29 -2.745900 
30 -2.788200 
31 -2.828600 
32 -2.866600 
33 -2.901800 
34 -2.923900 
35 -2.924600 
36 -2.925100 
37 -2.925600 
38 -2.925900 
39 -2.926200 
40 -2.926300 
41 -2.926400 
42 -3.034000 
43 -3.085300 
44 -3.146200 
45 -3.214300 
46 -3.368100 
47 -3.350200 
48 -3.414200 
49 -3.478500 
50 -3.549600 
51 -3.479800 
52 -3.299700 
53 -3.136600 
54 -2.991100 
55 -2.865100 
56 -2.765200 
57 -2.709300 
58 -2.728100 
59 -2.819600 
60 -2.939600 
61 -3.053000 
62 -3.001800 
63 -2.950300 
64 -2.898100 
65 -2.844900 
66 -2.790400 
67 -2.865300 
68 -3.051500 
69 -3.168700 
70 -3.146700 
71 -3.120800 
72 -3.092400 
73 -3.063100 
74 -3.034200 
75 -3.006800 
76 -2.982000 
77 -2.960700 
78 -2.943400 
79 -2.930700 
80 -2.923000 
81 -2.920400 
82 -2.946100 
83 -3.016100 
84 -3.061600 
85 -2.958900 
86 -2.959600 
87 -3.139400 
88 -3.327300 
89 -3.487500 
90 -3.261100 
91 -3.076900 
92 -2.948400 
93 -2.874900 
94 -3.206100 
95 -3.573900 
96 -3.618700 
97 -3.419700 
98 -3.264300 
99 -3.148900 
100 -3.057200 
101 -2.926400 
102 -3.055000 
103 -3.133900 
104 -3.220200 
105 -3.312200 
106 -3.349300 
107 -3.181400 
108 -2.896000 
109 -2.777500 
110 -2.912600 
111 -3.180600 
112 -3.501800 
113 -3.850400 
114 -4.214100 
115 -4.412400 
116 -4.507900 
117 -4.629400 
118 -4.776400 
119 -4.947900 
120 -5.142200 
121 -5.356700 

1 -3.728000 
2 -3.721400 
3 -3.721800 
4 -3.747600 
5 -3.791200 
6 -3.825300 
7 -3.811200 
8 -3.720100 
9 -3.560100 
10 -3.365200 
11 -3.177200 
12 -3.047100 
13 -2.976800 
14 -2.918000 
15 -2.852300 
16 -2.776400 
17 -2.691700 
18 -2.601900 
19 -2.513500 
20 -2.439500 
21 -2.407500 
22 -2.442300 
23 -2.481400 
24 -2.528100 
25 -2.727000 
26 -2.903200 
27 -2.902000 
28 -2.900800 
29 -2.899700 
30 -2.898700 
31 -2.897700 
32 -2.896800 
33 -2.901800 
34 -2.933900 
35 -2.962500 
36 -2.987200 
37 -3.007900 
38 -3.024200 
39 -3.036000 
40 -3.043100 
41 -3.045500 
42 -3.119100 
43 -3.351000 
44 -3.647300 
45 -4.006900 
46 -3.662300 
47 -3.571100 
48 -3.803400 
49 -3.890700 
50 -3.677000 
51 -3.636200 
52 -3.747300 
53 -3.886900 
54 -3.971800 
55 -3.805800 
56 -3.651300 
57 -3.509900 
58 -3.381700 
59 -3.264800 
60 -3.156600 
61 -3.053000 
62 -3.100500 
63 -3.139200 
64 -3.168200 
65 -3.187000 
66 -3.195500 
67 -3.194600 
68 -3.185200 
69 -3.239300 
70 -3.423700 
71 -3.601300 
72 -3.769400 
73 -3.785100 
74 -3.678800 
75 -3.580000 
76 -3.489700 
77 -3.409200 
78 -3.340800 
79 -3.287400 
80 -3.252900 
81 -3.240900 
82 -3.217600 
83 -3.153200 
84 -3.118200 
85 -3.243400 
86 -3.386500 
87 -3.544100 
88 -3.713500 
89 -3.521900 
90 -3.722000 
91 -3.926200 
92 -4.132700 
93 -4.339100 
94 -4.166200 
95 -3.865800 
96 -3.971100 
97 -3.777100 
98 -3.493200 
99 -3.253000 
100 -3.073400 
101 -3.045500 
102 -3.070600 
103 -3.241600 
104 -3.461500 
105 -3.706000 
106 -3.954500 
107 -3.881400 
108 -3.960900 
109 -4.070500 
110 -4.182900 
111 -4.282200 
112 -4.280600 
113 -4.299700 
114 -4.343100 
115 -4.589200 
116 -4.970600 
117 -5.348700 
118 -5.713900 
119 -5.830500 
120 -5.587800 
121 -5.356700 

1 -4.943200 
2 -4.992500 
3 -5.068800 
4 -5.099500 
5 -5.071100 
6 -5.012700 
7 -4.973300 
8 -4.991800 
9 -5.067300 
10 -5.166900 
11 -5.246100 
12 -5.249800 
13 -5.121400 
14 -4.850100 
15 -4.492300 
16 -4.114300 
17 -3.756300 
18 -3.438800 
19 -3.175000 
20 -2.984700 
21 -2.909600 
22 -2.908300 
23 -2.907000 
24 -2.905700 
25 -2.904400 
26 -2.916000 
27 -2.917200 
28 -2.918400 
29 -2.919500 
30 -2.920500 
31 -2.921500 
32 -2.922400 
33 -2.923200 
34 -2.933900 
35 -2.962500 
36 -2.987200 
37 -3.007900 
38 -3.024200 
39 -3.036000 
40 -3.043100 
41 -3.045500 
42 -3.274400 
43 -3.609200 
44 -3.997900 
45 -4.136900 
46 -4.434300 
47 -4.360700 
48 -4.119700 
49 -4.062800 
50 -4.346200 
51 -4.504300 
52 -4.325600 
53 -4.146400 
54 -4.049900 
55 -4.224000 
56 -4.394800 
57 -4.550200 
58 -4.682800 
59 -4.789000 
60 -4.864400 
61 -4.895200 
62 -4.885500 
63 -4.853800 
64 -4.798200 
65 -4.719400 
66 -4.621100 
67 -4.508800 
68 -4.387900 
69 -4.263200 
70 -4.138400 
71 -4.016000 
72 -3.897800 
73 -3.925600 
74 -4.067900 
75 -4.194500 
76 -4.304000 
77 -4.395200 
78 -4.467100 
79 -4.518900 
80 -4.550200 
81 -4.560600 
82 -4.552700 
83 -4.523300 
84 -4.459200 
85 -4.347900 
86 -4.184100 
87 -3.973800 
88 -3.733700 
89 -3.892000 
90 -4.076800 
91 -4.264500 
92 -4.451500 
93 -4.524400 
94 -4.542600 
95 -4.469900 
96 -4.103200 
97 -4.171800 
98 -3.826500 
99 -3.513500 
100 -3.234800 
101 -3.045500 
102 -3.232800 
103 -3.504300 
104 -3.801800 
105 -4.118200 
106 -3.979800 
107 -4.162600 
108 -4.277900 
109 -4.306500 
110 -4.296600 
111 -4.324200 
112 -4.537300 
113 -4.855300 
114 -5.281400 
115 -5.783500 
116 -6.302200 
117 -6.319800 
118 -6.077800 
119 -6.058300 
120 -6.375500 
121 -6.657100 

1 -4.943200 
2 -4.992500 
3 -5.068800 
4 -5.099500 
5 -5.071100 
6 -5.012700 
7 -4.973300 
8 -4.991800 
9 -5.067300 
10 -5.166900 
11 -5.246100 
12 -5.249800 
13 -5.121400 
14 -4.850100 
15 -4.492300 
16 -4.114300 
17 -3.756300 
18 -3.438800 
19 -3.175000 
20 -2.984700 
21 -2.909600 
22 -2.910900 
23 -2.912200 
24 -2.913500 
25 -2.914800 
26 -2.941400 
27 -3.168400 
28 -3.404600 
29 -3.646400 
30 -3.890100 
31 -4.131800 
32 -4.367900 
33 -4.594300 
34 -4.807300 
35 -5.003000 
36 -5.177300 
37 -5.326500 
38 -5.446900 
39 -5.477000 
40 -5.451100 
41 -5.442300 
42 -5.387100 
43 -5.072900 
44 -4.621200 
45 -4.444800 
46 -4.608200 
47 -4.932000 
48 -4.988700 
49 -4.840400 
50 -4.677500 
51 -4.649300 
52 -4.967600 
53 -5.295900 
54 -5.629200 
55 -5.961600 
56 -6.286800 
57 -6.598500 
58 -6.890800 
59 -6.871200 
60 -6.763100 
61 -6.723500 
62 -6.734300 
63 -6.767400 
64 -6.823700 
65 -6.903600 
66 -7.006700 
67 -7.131700 
68 -7.277200 
69 -7.440900 
70 -7.620300 
71 -7.812500 
72 -8.014100 
73 -8.221400 
74 -8.429900 
75 -8.634400 
76 -8.828900 
77 -9.005900 
78 -9.157400 
79 -9.274400 
80 -9.348600 
81 -9.374100 
82 -9.377300 
83 -9.386500 
84 -9.400500 
85 -9.417500 
86 -8.709200 
87 -7.959400 
88 -7.247600 
89 -6.583800 
90 -5.975500 
91 -5.428100 
92 -4.944300 
93 -4.634100 
94 -4.808400 
95 -4.739500 
96 -4.549700 
97 -4.385600 
98 -4.797000 
99 -5.165600 
100 -5.397000 
101 -5.442300 
102 -5.403300 
103 -5.142900 
104 -4.742700 
105 -4.322500 
106 -4.444400 
107 -4.767900 
108 -5.096500 
109 -5.420400 
110 -5.654800 
111 -5.981500 
112 -6.379500 
113 -6.755100 
114 -6.803800 
115 -6.715500 
116 -6.540700 
117 -6.746300 
118 -7.001100 
119 -7.024900 
120 -6.886200 
121 -6.657100 

1 -9.274900 
2 -9.281700 
3 -9.297200 
4 -9.294700 
5 -9.241000 
6 -9.121500 
7 -8.943400 
8 -8.722700 
9 -8.472400 
10 -8.198300 
11 -7.900200 
12 -7.596600 
13 -7.359800 
14 -7.253100 
15 -7.255600 
16 -7.312200 
17 -7.382500 
18 -7.444900 
19 -7.489700 
20 -7.515100 
21 -7.523100 
22 -7.391300 
23 -7.256100 
24 -7.118500 
25 -6.979500 
26 -6.840000 
27 -6.701000 
28 -6.563500 
29 -6.428500 
30 -6.297100 
31 -6.170400 
32 -6.049400 
33 -5.935600 
34 -5.830000 
35 -5.734200 
36 -5.649500 
37 -5.577400 
38 -5.519500 
39 -5.477000 
40 -5.451100 
41 -5.442300 
42 -5.396700 
43 -5.268800 
44 -5.079500 
45 -4.852600 
46 -4.956000 
47 -5.119100 
48 -5.498700 
49 -6.125400 
50 -6.789700 
51 -7.448700 
52 -8.034100 
53 -8.160100 
54 -7.927300 
55 -7.688200 
56 -7.452400 
57 -7.229800 
58 -7.031700 
59 -7.161500 
60 -7.414700 
61 -7.661200 
62 -7.552800 
63 -7.483400 
64 -7.461800 
65 -7.492000 
66 -7.573100 
67 -7.701100 
68 -7.870200 
69 -8.074900 
70 -8.309900 
71 -8.570800 
72 -8.853700 
73 -9.155300 
74 -9.472300 
75 -9.801800 
76 -10.140100 
77 -10.350600 
78 -10.530200 
79 -10.683200 
80 -10.790300 
81 -10.829700 
82 -10.741800 
83 -10.488900 
84 -10.100700 
85 -9.485100 
86 -9.079400 
87 -8.514300 
88 -7.942100 
89 -7.375900 
90 -6.824400 
91 -6.294100 
92 -5.790000 
93 -5.315800 
94 -4.874900 
95 -4.960000 
96 -4.924900 
97 -5.093000 
98 -5.236500 
99 -5.347500 
100 -5.418100 
101 -5.442300 
102 -5.427000 
103 -5.384700 
104 -5.327200 
105 -5.275200 
106 -5.265600 
107 -5.248800 
108 -5.289200 
109 -5.456300 
110 -5.842200 
111 -6.222700 
112 -6.548300 
113 -6.828300 
114 -7.307900 
115 -7.791600 
116 -8.237400 
117 -8.607100 
118 -8.962700 
119 -9.393100 
120 -9.841700 
121 -10.186100 

1 -9.274900 
2 -9.281700 
3 -9.297200 
4 -9.294700 
5 -9.241000 
6 -9.121500 
7 -8.943400 
8 -8.722700 
9 -8.472400 
10 -8.198300 
11 -7.900200 
12 -7.596600 
13 -7.359800 
14 -7.253100 
15 -7.255600 
16 -7.312200 
17 -7.382500 
18 -7.444900 
19 -7.489700 
20 -7.515100 
21 -7.523100 
22 -7.391300 
23 -7.256100 
24 -7.118500 
25 -6.979500 
26 -6.840000 
27 -6.701000 
28 -6.563500 
29 -6.428500 
30 -6.297100 
31 -6.170400 
32 -6.049400 
33 -5.935600 
34 -5.830000 
35 -5.734200 
36 -5.649500 
37 -5.577400 
38 -5.519500 
39 -5.535400 
40 -5.589600 
41 -5.607900 
42 -5.512400 
43 -5.443000 
44 -5.389600 
45 -5.319600 
46 -5.229600 
47 -5.536800 
48 -6.190400 
49 -6.915800 
50 -7.706400 
51 -8.548900 
52 -8.377800 
53 -8.466000 
54 -8.703900 
55 -8.776700 
56 -8.741100 
57 -8.635800 
58 -8.469400 
59 -8.235300 
60 -7.945100 
61 -7.661200 
62 -7.786600 
63 -7.915700 
64 -8.049800 
65 -8.190100 
66 -8.337100 
67 -8.491200 
68 -8.652500 
69 -8.820900 
70 -8.996300 
71 -9.178400 
72 -9.366600 
73 -9.560200 
74 -9.758000 
75 -9.958000 
76 -10.157200 
77 -10.482300 
78 -10.820400 
79 -11.137800 
80 -11.394400 
81 -11.502900 
82 -11.393300 
83 -11.046800 
84 -10.271700 
85 -9.617900 
86 -9.435000 
87 -9.128400 
88 -8.564300 
89 -7.998700 
90 -7.440600 
91 -6.896800 
92 -6.373000 
93 -5.873600 
94 -5.401800 
95 -4.970300 
96 -5.116200 
97 -5.242500 
98 -5.346800 
99 -5.431100 
100 -5.528800 
101 -5.607900 
102 -5.514100 
103 -5.430500 
104 -5.375800 
105 -5.318100 
106 -5.268600 
107 -5.359900 
108 -5.605000 
109 -5.965700 
110 -6.388800 
111 -6.849000 
112 -7.337100 
113 -7.849800 
114 -8.382400 
115 -8.924900 
116 -9.461700 
117 -9.707800 
118 -9.963600 
119 -10.219300 
120 -10.320800 
121 -10.186100 

7 -11.947400 
8 -11.212400 
9 -10.426200 
10 -9.666200 
11 -9.008100 
12 -8.509400 
13 -8.167000 
14 -7.933100 
15 -7.769500 
16 -7.657300 
17 -7.585400 
18 -7.545400 
19 -7.527900 
20 -7.523400 
21 -7.523100 
22 -7.650600 
23 -7.772900 
24 -7.889300 
25 -7.999000 
26 -8.101500 
27 -8.196100 
28 -8.282500 
29 -8.360700 
30 -8.430400 
31 -8.492000 
32 -8.545500 
33 -8.591400 
34 -8.630100 
35 -8.662200 
36 -8.688200 
37 -8.708600 
38 -8.723900 
39 -8.734600 
40 -8.740800 
41 -8.742900 
42 -8.764900 
43 -8.822300 
44 -8.893700 
45 -8.956400 
46 -8.992900 
47 -8.992200 
48 -8.949300 
49 -8.863200 
50 -8.736100 
51 -8.572300 
52 -9.420900 
53 -10.288400 
54 -11.100600 
55 -11.790900 
60 -11.839500 
61 -11.761600 
62 -11.770900 
63 -11.814600 
64 -11.888600 
65 -11.989400 
82 -11.766600 
83 -11.099600 
84 -10.687900 
85 -10.205700 
86 -9.680000 
87 -9.450100 
88 -9.459600 
89 -9.460200 
90 -9.448800 
91 -9.422900 
92 -9.380800 
93 -9.322100 
94 -9.248000 
95 -9.161300 
96 -9.066600 
97 -8.970600 
98 -8.881400 
99 -8.808200 
100 -8.759800 
101 -8.742900 
102 -8.757700 
103 -8.798600 
104 -8.855900 
105 -8.916700 
106 -8.966800 
107 -8.994400 
108 -8.991900 
109 -8.958500 
110 -8.903100 
111 -8.848700 
112 -8.837100 
113 -8.925600 
114 -9.148600 
115 -9.481600 
116 -9.605400 
117 -9.971500 
118 -10.427400 
119 -10.796700 
120 -11.045500 
121 -11.148400 

7 -11.947400 
8 -11.212400 
9 -10.426200 
10 -9.666200 
11 -9.008100 
12 -8.509400 
13 -8.167000 
14 -7.933100 
15 -7.769500 
16 -7.657300 
17 -7.585400 
18 -7.545400 
19 -7.527900 
20 -7.523400 
21 -7.523100 
22 -7.650600 
23 -7.772900 
24 -7.889300 
25 -7.999000 
26 -8.101500 
27 -8.196100 
28 -8.282500 
29 -8.360700 
30 -8.430400 
31 -8.492000 
32 -8.545500 
33 -8.591400 
34 -8.630100 
35 -8.662200 
36 -8.688200 
37 -8.708600 
38 -8.723900 
39 -8.734600 
40 -8.740800 
41 -8.742900 
42 -8.904900 
43 -9.322600 
44 -9.884600 
45 -10.518900 
46 -11.187300 
47 -11.868900 
60 -11.859100 
61 -11.761600 
62 -11.791300 
63 -11.858100 
64 -11.955600 
94 -11.695600 
95 -11.189000 
96 -10.664200 
97 -10.137800 
98 -9.633700 
99 -9.189300 
100 -8.865500 
101 -8.742900 
102 -8.862100 
103 -9.163500 
104 -9.542900 
105 -9.916600 
106 -10.228900 
107 -10.447600 
108 -10.562200 
109 -10.580200 
110 -10.518900 
111 -10.396800 
112 -10.230300 
113 -10.037100 
114 -9.840100 
115 -9.675500 
116 -9.870100 
117 -10.264700 
118 -10.625400 
119 -10.915500 
120 -11.099800 
121 -11.148400 












