1 1.072900 
2 1.107900 
3 1.205900 
4 1.346900 
5 1.506900 
6 1.666900 
7 1.811900 
8 1.932900 
9 2.022900 
10 2.078900 
11 2.096900 
12 2.076900 
13 2.017900 
14 1.921900 
15 1.792900 
16 1.637900 
17 1.465900 
18 1.292900 
19 1.139900 
20 1.031900 
21 0.993900 
22 1.032900 
23 1.138900 
24 1.286900 
25 1.449900 
26 1.609900 
27 1.751900 
28 1.867900 
29 1.953900 
30 2.006900 
31 2.023900 
32 2.010900 
33 1.971900 
34 1.906900 
35 1.818900 
36 1.709900 
37 1.587900 
38 1.459900 
39 1.338900 
40 1.239900 
41 1.173900 
42 1.147900 
43 1.158900 
44 1.197900 
45 1.250900 
46 1.309900 
47 1.365900 
48 1.414900 
49 1.450900 
50 1.473900 
51 1.481900 
52 1.451900 
53 1.364900 
54 1.224900 
55 1.044900 
56 0.854900 
57 0.713900 
58 0.722900 
59 0.888900 
60 1.087900 
61 1.258900 
62 1.023900 
63 0.768900 
64 0.497900 
65 0.222900 
66 0.078900 
67 0.085900 
68 0.150900 
69 0.262900 
70 0.410900 
71 0.585900 
72 0.777900 
73 0.979900 
74 1.182900 
75 1.378900 
76 1.559900 
77 1.718900 
78 1.848900 
79 1.944900 
80 2.003900 
81 2.023900 
82 2.010900 
83 1.971900 
84 1.906900 
85 1.818900 
86 1.709900 
87 1.587900 
88 1.459900 
89 1.338900 
90 1.239900 
91 1.173900 
92 1.147900 
93 1.158900 
94 1.197900 
95 1.250900 
96 1.309900 
97 1.365900 
98 1.414900 
99 1.450900 
100 1.473900 
101 1.481900 

1 -0.299100 
2 0.033900 
3 0.335900 
4 0.601900 
5 0.829900 
6 1.018900 
7 1.170900 
8 1.286900 
9 1.367900 
10 1.415900 
11 1.431900 
12 1.417900 
13 1.376900 
14 1.309900 
15 1.214900 
16 1.093900 
17 0.946900 
18 0.775900 
19 0.580900 
20 0.364900 
21 0.130900 
22 -0.118100 
23 -0.375100 
24 -0.635100 
25 -0.890100 
26 -1.129100 
27 -1.344100 
28 -1.525100 
29 -1.661100 
30 -1.747100 
31 -1.776100 
32 -1.758100 
33 -1.708100 
34 -1.628100 
35 -1.526100 
36 -1.410100 
37 -1.290100 
38 -1.178100 
39 -1.088100 
40 -1.034100 
41 -1.023100 
42 -1.058100 
43 -1.130100 
44 -1.225100 
45 -1.329100 
46 -1.430100 
47 -1.519100 
48 -1.584100 
49 -1.537100 
50 -1.508100 
51 -1.498100 
52 -1.391100 
53 -1.159100 
54 -0.864100 
55 -0.537100 
56 -0.207100 
57 0.089900 
58 0.296900 
59 0.419900 
60 0.545900 
61 0.678900 
62 0.487900 
63 0.314900 
64 0.174900 
65 0.069900 
66 -0.126100 
67 -0.367100 
68 -0.307100 
69 -0.294100 
70 -0.326100 
71 -0.400100 
72 -0.512100 
73 -0.657100 
74 -0.826100 
75 -1.012100 
76 -1.202100 
77 -1.383100 
78 -1.543100 
79 -1.668100 
80 -1.748100 
81 -1.776100 
82 -1.758100 
83 -1.708100 
84 -1.628100 
85 -1.526100 
86 -1.410100 
87 -1.290100 
88 -1.178100 
89 -1.088100 
90 -1.034100 
91 -1.023100 
92 -1.058100 
93 -1.130100 
94 -1.225100 
95 -1.329100 
96 -1.430100 
97 -1.519100 
98 -1.584100 
99 -1.537100 
100 -1.508100 
101 -1.498100 

1 -0.299100 
2 -0.658100 
3 -1.034100 
4 -1.415100 
5 -1.787100 
6 -2.136100 
7 -2.448100 
8 -2.708100 
9 -2.903100 
10 -3.025100 
11 -3.066100 
12 -3.055100 
13 -3.024100 
14 -2.975100 
15 -2.912100 
16 -2.838100 
17 -2.759100 
18 -2.683100 
19 -2.623100 
20 -2.603100 
21 -2.651100 
22 -2.788100 
23 -3.015100 
24 -2.850100 
25 -2.560100 
26 -2.316100 
27 -2.119100 
28 -1.967100 
29 -1.860100 
30 -1.797100 
31 -1.776100 
32 -1.789100 
33 -1.828100 
34 -1.891100 
35 -1.971100 
36 -2.060100 
37 -2.145100 
38 -2.211100 
39 -2.243100 
40 -2.234100 
41 -2.188100 
42 -2.112100 
43 -2.018100 
44 -1.918100 
45 -1.819100 
46 -1.728100 
47 -1.649100 
48 -1.584100 
49 -1.537100 
50 -1.508100 
51 -1.498100 
52 -1.544100 
53 -1.682100 
54 -1.594100 
55 -1.451100 
56 -1.294100 
57 -1.175100 
58 -1.152100 
59 -1.246100 
60 -1.420100 
61 -1.620100 
62 -1.327100 
63 -1.059100 
64 -0.823100 
65 -0.627100 
66 -0.474100 
67 -0.427100 
68 -0.740100 
69 -1.051100 
70 -1.351100 
71 -1.628100 
72 -1.870100 
73 -2.060100 
74 -2.182100 
75 -2.222100 
76 -2.182100 
77 -2.073100 
78 -1.943100 
79 -1.850100 
80 -1.794100 
81 -1.776100 
82 -1.789100 
83 -1.828100 
84 -1.891100 
85 -1.971100 
86 -2.060100 
87 -2.145100 
88 -2.211100 
89 -2.243100 
90 -2.234100 
91 -2.188100 
92 -2.112100 
93 -2.018100 
94 -1.918100 
95 -1.819100 
96 -1.728100 
97 -1.649100 
98 -1.584100 
99 -1.537100 
100 -1.508100 
101 -1.498100 

1 -4.349100 
2 -4.425100 
3 -4.642100 
4 -4.970100 
5 -5.369100 
6 -5.799100 
7 -6.226100 
8 -6.617100 
9 -6.941100 
10 -7.162100 
11 -7.242100 
12 -7.190100 
13 -7.041100 
14 -6.802100 
15 -6.490100 
16 -6.119100 
17 -5.708100 
18 -5.272100 
19 -4.826100 
20 -4.384100 
21 -3.956100 
22 -3.553100 
23 -3.182100 
24 -2.850100 
25 -2.560100 
26 -2.316100 
27 -2.119100 
28 -1.967100 
29 -1.860100 
30 -1.797100 
31 -1.776100 
32 -1.789100 
33 -1.828100 
34 -1.891100 
35 -1.971100 
36 -2.060100 
37 -2.145100 
38 -2.211100 
39 -2.243100 
40 -2.234100 
41 -2.188100 
42 -2.112100 
43 -2.018100 
44 -1.918100 
45 -1.819100 
46 -1.728100 
47 -1.649100 
48 -1.593100 
49 -1.647100 
50 -1.680100 
51 -1.691100 
52 -1.710100 
53 -1.687100 
54 -1.912100 
55 -2.233100 
56 -2.638100 
57 -3.113100 
58 -3.628100 
59 -4.137100 
60 -4.584100 
61 -4.922100 
62 -4.524100 
63 -4.167100 
64 -3.859100 
65 -3.604100 
66 -3.406100 
67 -3.267100 
68 -3.188100 
69 -3.168100 
70 -3.205100 
71 -3.295100 
72 -3.314100 
73 -2.985100 
74 -2.698100 
75 -2.450100 
76 -2.242100 
77 -2.085100 
78 -1.969100 
79 -1.867100 
80 -1.799100 
81 -1.776100 
82 -1.789100 
83 -1.828100 
84 -1.891100 
85 -1.971100 
86 -2.060100 
87 -2.145100 
88 -2.211100 
89 -2.243100 
90 -2.234100 
91 -2.188100 
92 -2.112100 
93 -2.018100 
94 -1.918100 
95 -1.819100 
96 -1.728100 
97 -1.649100 
98 -1.593100 
99 -1.647100 
100 -1.680100 
101 -1.691100 

1 -9.162100 
2 -8.852100 
3 -8.554100 
4 -8.274100 
5 -8.018100 
6 -7.791100 
7 -7.599100 
8 -7.445100 
9 -7.333100 
10 -7.265100 
11 -7.242100 
12 -7.190100 
13 -7.041100 
14 -6.802100 
15 -6.490100 
16 -6.119100 
17 -5.708100 
18 -5.272100 
19 -4.826100 
20 -4.384100 
21 -3.956100 
22 -3.553100 
23 -3.182100 
24 -3.312100 
25 -3.653100 
26 -4.008100 
27 -4.351100 
28 -4.659100 
29 -4.911100 
30 -5.086100 
31 -5.151100 
32 -5.133100 
33 -5.086100 
34 -5.025100 
35 -4.963100 
36 -4.915100 
37 -4.902100 
38 -4.942100 
39 -5.054100 
40 -5.247100 
41 -5.516100 
42 -5.845100 
43 -6.211100 
44 -6.584100 
45 -6.936100 
46 -7.239100 
47 -7.480100 
48 -7.659100 
49 -7.781100 
50 -7.852100 
51 -7.875100 
52 -7.871100 
53 -7.872100 
54 -7.910100 
55 -8.032100 
56 -8.147100 
57 -8.222100 
58 -8.321100 
59 -8.479100 
60 -8.729100 
61 -9.073100 
62 -8.493100 
63 -7.894100 
64 -7.290100 
65 -6.692100 
66 -6.112100 
67 -5.557100 
68 -5.032100 
69 -4.544100 
70 -4.094100 
71 -3.683100 
72 -3.434100 
73 -3.616100 
74 -3.832100 
75 -4.071100 
76 -4.319100 
77 -4.563100 
78 -4.785100 
79 -4.970100 
80 -5.101100 
81 -5.151100 
82 -5.133100 
83 -5.086100 
84 -5.025100 
85 -4.963100 
86 -4.915100 
87 -4.902100 
88 -4.942100 
89 -5.054100 
90 -5.247100 
91 -5.516100 
92 -5.845100 
93 -6.211100 
94 -6.584100 
95 -6.936100 
96 -7.239100 
97 -7.480100 
98 -7.659100 
99 -7.781100 
100 -7.852100 
101 -7.875100 

1 -9.162100 
2 -9.476100 
3 -9.788100 
4 -10.089100 
5 -10.208100 
6 -10.000100 
7 -9.791100 
8 -9.591100 
9 -9.415100 
10 -9.288100 
11 -9.240100 
12 -9.206100 
13 -9.104100 
14 -8.940100 
15 -8.722100 
16 -8.460100 
17 -8.165100 
18 -7.848100 
19 -7.521100 
20 -7.108100 
21 -6.567100 
22 -6.203100 
23 -5.974100 
24 -5.840100 
25 -5.767100 
26 -5.605100 
27 -5.443100 
28 -5.316100 
29 -5.224100 
30 -5.169100 
31 -5.151100 
32 -5.133100 
33 -5.086100 
34 -5.025100 
35 -4.963100 
36 -4.915100 
37 -4.902100 
38 -4.942100 
39 -5.054100 
40 -5.247100 
41 -5.516100 
42 -5.845100 
43 -6.211100 
44 -6.584100 
45 -6.936100 
46 -7.239100 
47 -7.480100 
48 -7.659100 
49 -7.781100 
50 -7.852100 
51 -7.875100 
52 -7.891100 
53 -7.935100 
54 -8.000100 
55 -8.073100 
56 -8.287100 
57 -8.718100 
58 -9.301100 
59 -9.630100 
60 -9.585100 
61 -9.248100 
62 -9.664100 
63 -9.538100 
64 -9.366100 
65 -9.155100 
66 -8.912100 
67 -8.644100 
68 -8.350100 
69 -7.845100 
70 -7.397100 
71 -7.001100 
72 -6.647100 
73 -6.319100 
74 -5.999100 
75 -5.688100 
76 -5.427100 
77 -5.258100 
78 -5.175100 
79 -5.149100 
80 -5.148100 
81 -5.151100 
82 -5.133100 
83 -5.086100 
84 -5.025100 
85 -4.963100 
86 -4.915100 
87 -4.902100 
88 -4.942100 
89 -5.054100 
90 -5.247100 
91 -5.516100 
92 -5.845100 
93 -6.211100 
94 -6.584100 
95 -6.936100 
96 -7.239100 
97 -7.480100 
98 -7.659100 
99 -7.781100 
100 -7.852100 
101 -7.875100 

1 -10.724100 
2 -10.683100 
3 -10.568100 
4 -10.403100 
5 -10.371100 
6 -10.626100 
7 -10.847100 
8 -11.026100 
9 -11.159100 
10 -11.240100 
11 -11.268100 
12 -11.243100 
13 -11.167100 
14 -11.037100 
15 -10.849100 
16 -10.602100 
17 -10.008100 
18 -8.830100 
19 -7.858100 
20 -7.194100 
21 -6.874100 
22 -6.570100 
23 -6.287100 
24 -6.029100 
25 -5.801100 
26 -5.731100 
27 -5.712100 
28 -5.696100 
29 -5.675100 
30 -5.648100 
31 -5.633100 
32 -5.652100 
33 -5.711100 
34 -5.812100 
35 -5.964100 
36 -6.126100 
37 -6.307100 
38 -6.506100 
39 -6.720100 
40 -6.946100 
41 -7.181100 
42 -7.424100 
43 -7.676100 
44 -7.941100 
45 -8.222100 
46 -8.518100 
47 -8.815100 
48 -9.088100 
49 -9.307100 
50 -9.449100 
51 -9.498100 
52 -9.491100 
53 -9.470100 
54 -9.446100 
55 -9.433100 
56 -9.445100 
57 -9.487100 
58 -9.554100 
59 -9.687100 
60 -9.696100 
61 -9.739100 
62 -9.893100 
63 -10.427100 
64 -10.500100 
65 -10.083100 
66 -9.503100 
67 -8.908100 
68 -8.359100 
69 -8.064100 
70 -7.765100 
71 -7.469100 
72 -7.181100 
73 -6.907100 
74 -6.651100 
75 -6.417100 
76 -6.209100 
77 -6.020100 
78 -5.852100 
79 -5.733100 
80 -5.659100 
81 -5.633100 
82 -5.652100 
83 -5.711100 
84 -5.812100 
85 -5.964100 
86 -6.126100 
87 -6.307100 
88 -6.506100 
89 -6.720100 
90 -6.946100 
91 -7.181100 
92 -7.424100 
93 -7.676100 
94 -7.941100 
95 -8.222100 
96 -8.518100 
97 -8.815100 
98 -9.088100 
99 -9.307100 
100 -9.449100 
101 -9.498100 

1 -11.278100 
2 -11.278100 
3 -11.277100 
4 -11.276100 
5 -11.274100 
6 -11.273100 
7 -11.271100 
8 -11.270100 
9 -11.269100 
10 -11.268100 
11 -11.268100 
12 -11.243100 
13 -11.167100 
14 -11.037100 
15 -10.849100 
16 -10.602100 
17 -10.298100 
18 -9.941100 
19 -9.540100 
20 -9.107100 
21 -8.653100 
22 -8.192100 
23 -7.738100 
24 -7.303100 
25 -6.898100 
26 -6.535100 
27 -6.223100 
28 -5.971100 
29 -5.785100 
30 -5.672100 
31 -5.633100 
32 -5.658100 
33 -5.728100 
34 -5.833100 
35 -5.967100 
36 -6.126100 
37 -6.307100 
38 -6.506100 
39 -6.720100 
40 -6.946100 
41 -7.181100 
42 -7.424100 
43 -7.676100 
44 -7.941100 
45 -8.222100 
46 -8.518100 
47 -8.815100 
48 -9.088100 
49 -9.307100 
50 -9.449100 
51 -9.498100 
52 -9.533100 
53 -9.626100 
54 -9.758100 
55 -9.901100 
56 -10.029100 
57 -10.127100 
58 -10.223100 
59 -10.620100 
60 -11.426100 
61 -11.840100 
62 -11.852100 
63 -11.801100 
64 -11.682100 
65 -11.490100 
66 -11.226100 
67 -10.893100 
68 -10.500100 
69 -10.055100 
70 -9.570100 
71 -9.060100 
72 -8.540100 
73 -7.960100 
74 -7.169100 
75 -6.615100 
76 -6.258100 
77 -6.028100 
78 -5.876100 
79 -5.754100 
80 -5.667100 
81 -5.633100 
82 -5.658100 
83 -5.728100 
84 -5.833100 
85 -5.967100 
86 -6.126100 
87 -6.307100 
88 -6.506100 
89 -6.720100 
90 -6.946100 
91 -7.181100 
92 -7.424100 
93 -7.676100 
94 -7.941100 
95 -8.222100 
96 -8.518100 
97 -8.815100 
98 -9.088100 
99 -9.307100 
100 -9.449100 
101 -9.498100 

1 -13.717100 
2 -13.785100 
3 -13.976100 
4 -14.261100 
5 -14.605100 
6 -14.974100 
7 -15.335100 
8 -15.656100 
9 -15.910100 
10 -16.072100 
11 -16.128100 
12 -15.870100 
13 -15.138100 
14 -14.040100 
15 -12.722100 
16 -11.335100 
17 -10.298100 
18 -9.941100 
19 -9.540100 
20 -9.107100 
21 -8.653100 
22 -8.192100 
23 -7.738100 
24 -7.303100 
25 -6.898100 
26 -6.535100 
27 -6.223100 
28 -5.971100 
29 -5.785100 
30 -5.672100 
31 -5.633100 
32 -5.658100 
33 -5.728100 
34 -5.833100 
35 -5.967100 
36 -6.175100 
37 -6.459100 
38 -6.832100 
39 -7.315100 
40 -7.930100 
41 -8.703100 
42 -9.656100 
43 -10.807100 
44 -12.158100 
45 -13.691100 
46 -15.357100 
47 -17.065100 
48 -18.676100 
49 -20.021100 
50 -20.920100 
51 -21.237100 
52 -21.073100 
53 -20.597100 
54 -19.850100 
55 -18.897100 
56 -17.809100 
57 -16.664100 
58 -15.540100 
59 -14.521100 
60 -13.758100 
61 -13.676100 
62 -13.078100 
63 -12.626100 
64 -12.610100 
65 -12.963100 
66 -13.255100 
67 -13.252100 
68 -12.877100 
69 -12.151100 
70 -11.169100 
71 -10.059100 
72 -8.952100 
73 -8.025100 
74 -7.530100 
75 -7.069100 
76 -6.655100 
77 -6.300100 
78 -6.014100 
79 -5.805100 
80 -5.676100 
81 -5.633100 
82 -5.658100 
83 -5.728100 
84 -5.833100 
85 -5.967100 
86 -6.175100 
87 -6.459100 
88 -6.832100 
89 -7.315100 
90 -7.930100 
91 -8.703100 
92 -9.656100 
93 -10.807100 
94 -12.158100 
95 -13.691100 
96 -15.357100 
97 -17.065100 
98 -18.676100 
99 -20.021100 
100 -20.920100 
101 -21.237100 

