1 10.226700 
2 10.241700 
3 10.285700 
4 10.351700 
5 10.430700 
6 10.514700 
7 10.595700 
8 10.665700 
9 10.718700 
10 10.752700 
11 10.763700 
12 10.882700 
13 11.190700 
14 11.591700 
15 12.010700 
16 12.401700 
17 12.737700 
18 13.007700 
19 13.203700 
20 13.322700 
21 13.362700 
22 13.342700 
23 13.282700 
24 13.183700 
25 13.045700 
26 12.868700 
27 12.654700 
28 12.403700 
29 12.117700 
30 11.800700 
31 11.455700 
32 11.088700 
33 10.708700 
34 10.325700 
35 9.951700 
36 9.601700 
37 9.291700 
38 9.035700 
39 8.844700 
40 8.727700 
41 8.688700 
42 8.717700 
43 8.801700 
44 8.928700 
45 9.084700 
46 9.257700 
47 9.433700 
48 9.604700 
49 9.763700 
50 9.905700 
51 10.026700 
52 10.126700 
53 10.203700 
54 10.257700 
55 10.289700 
56 10.302700 
57 10.297700 
58 10.280700 
59 10.257700 
60 10.236700 
61 10.226700 
62 10.288700 
63 10.520700 
64 10.929700 
65 11.439700 
66 11.964700 
67 12.441700 
68 12.834700 
69 13.125700 
70 13.302700 
71 13.362700 
72 13.322700 
73 13.203700 
74 13.007700 
75 12.737700 
76 12.401700 
77 12.010700 
78 11.591700 
79 11.190700 
80 10.882700 
81 10.763700 

1 2.985700 
2 3.416700 
3 3.804700 
4 4.149700 
5 4.449700 
6 4.702700 
7 4.910700 
8 5.070700 
9 5.183700 
10 5.250700 
11 5.273700 
12 5.067700 
13 4.500700 
14 3.673700 
15 2.676700 
16 1.575700 
17 0.431700 
18 -0.683300 
19 -1.670300 
20 -2.385300 
21 -2.653300 
22 -2.576300 
23 -2.356300 
24 -2.019300 
25 -1.595300 
26 -1.113300 
27 -0.597300 
28 -0.068300 
29 0.454700 
30 0.954700 
31 1.415700 
32 1.825700 
33 2.174700 
34 2.455700 
35 2.663700 
36 2.795700 
37 2.856700 
38 2.855700 
39 2.816700 
40 2.771700 
41 2.751700 
42 2.775700 
43 2.842700 
44 2.945700 
45 3.072700 
46 3.210700 
47 3.349700 
48 3.482700 
49 3.600700 
50 3.700700 
51 3.777700 
52 3.828700 
53 3.851700 
54 3.846700 
55 3.812700 
56 3.748700 
57 3.655700 
58 3.531700 
59 3.379700 
60 3.196700 
61 2.985700 
62 3.697700 
63 3.966700 
64 3.775700 
65 3.195700 
66 2.322700 
67 1.242700 
68 0.035700 
69 -1.186300 
70 -2.213300 
71 -2.653300 
72 -2.385300 
73 -1.670300 
74 -0.683300 
75 0.431700 
76 1.575700 
77 2.676700 
78 3.673700 
79 4.500700 
80 5.067700 
81 5.273700 

1 2.985700 
2 2.932700 
3 2.774700 
4 2.520700 
5 2.184700 
6 1.783700 
7 1.343700 
8 0.897700 
9 0.495700 
10 0.205700 
11 0.097700 
12 0.064700 
13 -0.041300 
14 -0.230300 
15 -0.506300 
16 -0.863300 
17 -1.284300 
18 -1.741300 
19 -2.181300 
20 -2.521300 
21 -2.653300 
22 -2.585300 
23 -2.391300 
24 -2.097300 
25 -1.732300 
26 -1.323300 
27 -0.891300 
28 -0.454300 
29 -0.024300 
30 0.390700 
31 0.783700 
32 1.148700 
33 1.481700 
34 1.779700 
35 2.040700 
36 2.260700 
37 2.439700 
38 2.577700 
39 2.674700 
40 2.732700 
41 2.751700 
42 2.775700 
43 2.842700 
44 2.945700 
45 3.072700 
46 3.210700 
47 3.349700 
48 3.482700 
49 3.600700 
50 3.700700 
51 3.777700 
52 3.828700 
53 3.851700 
54 3.846700 
55 3.812700 
56 3.748700 
57 3.655700 
58 3.531700 
59 3.379700 
60 3.196700 
61 2.985700 
62 2.479700 
63 1.867700 
64 1.164700 
65 0.395700 
66 -0.400300 
67 -1.164300 
68 -1.819300 
69 -2.295300 
70 -2.567300 
71 -2.653300 
72 -2.521300 
73 -2.181300 
74 -1.741300 
75 -1.284300 
76 -0.863300 
77 -0.506300 
78 -0.230300 
79 -0.041300 
80 0.064700 
81 0.097700 

1 2.985700 
2 2.515700 
3 2.005700 
4 1.460700 
5 0.882700 
6 0.277700 
7 -0.343300 
8 -0.959300 
9 -1.528300 
10 -1.967300 
11 -2.141300 
12 -2.151300 
13 -2.180300 
14 -2.228300 
15 -2.291300 
16 -2.367300 
17 -2.449300 
18 -2.527300 
19 -2.593300 
20 -2.637300 
21 -2.653300 
22 -2.585300 
23 -2.391300 
24 -2.097300 
25 -1.732300 
26 -1.323300 
27 -0.891300 
28 -0.454300 
29 -0.024300 
30 0.390700 
31 0.783700 
32 1.148700 
33 1.481700 
34 1.779700 
35 2.040700 
36 2.260700 
37 2.439700 
38 2.577700 
39 2.674700 
40 2.732700 
41 2.751700 
42 2.691700 
43 2.514700 
44 2.230700 
45 1.855700 
46 1.406700 
47 0.902700 
48 0.366700 
49 -0.172300 
50 -0.674300 
51 -1.075300 
52 -1.294300 
53 -1.262300 
54 -0.977300 
55 -0.503300 
56 0.077700 
57 0.703700 
58 1.333700 
59 1.938700 
60 2.495700 
61 2.985700 
62 2.479700 
63 1.867700 
64 1.164700 
65 0.395700 
66 -0.400300 
67 -1.164300 
68 -1.819300 
69 -2.295300 
70 -2.567300 
71 -2.653300 
72 -2.637300 
73 -2.593300 
74 -2.527300 
75 -2.449300 
76 -2.367300 
77 -2.291300 
78 -2.228300 
79 -2.180300 
80 -2.151300 
81 -2.141300 

1 -11.928300 
2 -11.703300 
3 -11.162300 
4 -10.446300 
5 -9.635300 
6 -8.790300 
7 -7.962300 
8 -7.203300 
9 -6.571300 
10 -6.141300 
11 -5.986300 
12 -6.030300 
13 -6.163300 
14 -6.384300 
15 -6.647300 
16 -6.968300 
17 -7.325300 
18 -7.683300 
19 -7.995300 
20 -8.211300 
21 -8.288300 
22 -8.304300 
23 -8.352300 
24 -8.432300 
25 -8.391300 
26 -7.817300 
27 -7.233300 
28 -6.665300 
29 -6.131300 
30 -5.640300 
31 -5.195300 
32 -4.797300 
33 -4.447300 
34 -4.141300 
35 -3.880300 
36 -3.662300 
37 -3.484300 
38 -3.347300 
39 -3.250300 
40 -3.192300 
41 -3.173300 
42 -3.226300 
43 -3.384300 
44 -3.637300 
45 -3.973300 
46 -4.379300 
47 -4.846300 
48 -5.364300 
49 -5.926300 
50 -6.527300 
51 -7.160300 
52 -7.403300 
53 -7.385300 
54 -7.676300 
55 -8.210300 
56 -8.904300 
57 -9.690300 
58 -10.517300 
59 -11.342300 
60 -11.846300 
61 -11.928300 
62 -11.505300 
63 -10.646300 
64 -9.794300 
65 -9.064300 
66 -8.513300 
67 -8.185300 
68 -8.095300 
69 -8.172300 
70 -8.261300 
71 -8.288300 
72 -8.211300 
73 -7.995300 
74 -7.683300 
75 -7.325300 
76 -6.968300 
77 -6.647300 
78 -6.384300 
79 -6.163300 
80 -6.030300 
81 -5.986300 

1 -11.928300 
2 -11.920300 
3 -11.420300 
4 -10.648300 
5 -9.846300 
6 -9.028300 
7 -8.216300 
8 -7.439300 
9 -6.747300 
10 -6.232300 
11 -6.032300 
12 -6.072300 
13 -6.190300 
14 -6.393300 
15 -6.727300 
16 -7.165300 
17 -7.685300 
18 -8.205300 
19 -8.490300 
20 -8.384300 
21 -8.288300 
22 -8.342300 
23 -8.496300 
24 -8.728300 
25 -8.545300 
26 -8.692300 
27 -8.873300 
28 -9.090300 
29 -9.345300 
30 -9.638300 
31 -9.762300 
32 -9.072300 
33 -8.272300 
34 -7.411300 
35 -6.533300 
36 -5.679300 
37 -4.886300 
38 -4.195300 
39 -3.650300 
40 -3.296300 
41 -3.173300 
42 -3.226300 
43 -3.384300 
44 -3.637300 
45 -3.973300 
46 -4.379300 
47 -4.846300 
48 -5.364300 
49 -5.926300 
50 -6.527300 
51 -7.160300 
52 -7.817300 
53 -8.485300 
54 -9.148300 
55 -9.783300 
56 -10.368300 
57 -10.881300 
58 -11.305300 
59 -11.630300 
60 -11.846300 
61 -11.928300 
62 -11.505300 
63 -10.646300 
64 -9.794300 
65 -9.064300 
66 -8.513300 
67 -8.185300 
68 -8.095300 
69 -8.172300 
70 -8.261300 
71 -8.288300 
72 -8.384300 
73 -8.490300 
74 -8.205300 
75 -7.685300 
76 -7.165300 
77 -6.727300 
78 -6.393300 
79 -6.190300 
80 -6.072300 
81 -6.032300 

1 -12.824300 
2 -12.149300 
3 -11.896300 
4 -11.860300 
5 -11.814300 
6 -11.764300 
7 -11.714300 
8 -11.669300 
9 -11.634300 
10 -11.611300 
11 -11.604300 
12 -11.546300 
13 -11.383300 
14 -11.141300 
15 -10.855300 
16 -10.560300 
17 -10.092300 
18 -9.644300 
19 -9.085300 
20 -8.502300 
21 -8.288300 
22 -8.342300 
23 -8.496300 
24 -8.728300 
25 -9.014300 
26 -9.336300 
27 -9.679300 
28 -10.033300 
29 -10.395300 
30 -10.299300 
31 -9.972300 
32 -10.346300 
33 -10.760300 
34 -11.210300 
35 -11.688300 
36 -12.179300 
37 -12.659300 
38 -13.097300 
39 -13.452300 
40 -13.685300 
41 -13.767300 
42 -13.646300 
43 -13.299300 
44 -12.771300 
45 -12.109300 
46 -11.362300 
47 -10.567300 
48 -9.761300 
49 -8.983300 
50 -8.282300 
51 -7.726300 
52 -7.817300 
53 -8.485300 
54 -9.148300 
55 -9.783300 
56 -10.368300 
57 -10.881300 
58 -11.305300 
59 -11.630300 
60 -12.124300 
61 -12.824300 
62 -12.394300 
63 -12.113300 
64 -11.704300 
65 -11.198300 
66 -10.668300 
67 -10.190300 
68 -9.832300 
69 -9.537300 
70 -8.675300 
71 -8.288300 
72 -8.502300 
73 -9.085300 
74 -9.644300 
75 -10.092300 
76 -10.560300 
77 -10.855300 
78 -11.141300 
79 -11.383300 
80 -11.546300 
81 -11.604300 

1 -12.824300 
2 -12.878300 
3 -12.936300 
4 -12.929300 
5 -12.868300 
6 -12.778300 
7 -12.684300 
8 -12.601300 
9 -12.537300 
10 -12.498300 
11 -12.484300 
12 -12.380300 
13 -12.089300 
14 -11.658300 
15 -11.148300 
16 -10.612300 
17 -10.283300 
18 -9.917300 
19 -9.451300 
20 -9.613300 
21 -9.722300 
22 -9.624300 
23 -9.342300 
24 -8.915300 
25 -9.014300 
26 -9.336300 
27 -9.679300 
28 -10.033300 
29 -10.395300 
30 -10.760300 
31 -11.126300 
32 -11.490300 
33 -11.850300 
34 -12.201300 
35 -12.539300 
36 -12.858300 
37 -13.149300 
38 -13.400300 
39 -13.597300 
40 -13.723300 
41 -13.767300 
42 -13.764300 
43 -13.757300 
44 -13.749300 
45 -13.743300 
46 -13.744300 
47 -13.755300 
48 -13.780300 
49 -13.821300 
50 -13.875300 
51 -13.941300 
52 -14.009300 
53 -14.071300 
54 -14.113300 
55 -14.118300 
56 -14.069300 
57 -13.952300 
58 -13.758300 
59 -13.490300 
60 -13.164300 
61 -12.824300 
62 -12.394300 
63 -12.113300 
64 -11.704300 
65 -11.198300 
66 -10.668300 
67 -10.190300 
68 -9.832300 
69 -9.658300 
70 -9.674300 
71 -9.722300 
72 -9.613300 
73 -9.451300 
74 -9.917300 
75 -10.283300 
76 -10.612300 
77 -11.148300 
78 -11.658300 
79 -12.089300 
80 -12.380300 
81 -12.484300 

1 -12.824300 
2 -13.436300 
3 -13.976300 
4 -14.436300 
5 -14.812300 
6 -15.100300 
7 -15.302300 
8 -15.428300 
9 -15.493300 
10 -15.519300 
11 -15.525300 
12 -15.320300 
13 -14.754300 
14 -13.937300 
15 -12.971300 
16 -11.934300 
17 -10.894300 
18 -10.048300 
19 -9.870300 
20 -9.760300 
21 -9.722300 
22 -9.779300 
23 -9.939300 
24 -10.167300 
25 -10.419300 
26 -10.645300 
27 -10.792300 
28 -10.808300 
29 -10.650300 
30 -10.760300 
31 -11.126300 
32 -11.490300 
33 -11.850300 
34 -12.201300 
35 -12.539300 
36 -12.858300 
37 -13.149300 
38 -13.400300 
39 -13.597300 
40 -13.723300 
41 -13.767300 
42 -13.764300 
43 -13.757300 
44 -13.749300 
45 -13.743300 
46 -13.744300 
47 -13.755300 
48 -13.780300 
49 -13.821300 
50 -13.875300 
51 -13.941300 
52 -14.009300 
53 -14.071300 
54 -14.113300 
55 -14.118300 
56 -14.069300 
57 -13.952300 
58 -13.758300 
59 -13.490300 
60 -13.164300 
61 -12.824300 
62 -13.818300 
63 -14.087300 
64 -13.678300 
65 -12.923300 
66 -12.126300 
67 -11.337300 
68 -10.479300 
69 -9.658300 
70 -9.674300 
71 -9.722300 
72 -9.760300 
73 -9.870300 
74 -10.048300 
75 -10.894300 
76 -11.934300 
77 -12.971300 
78 -13.937300 
79 -14.754300 
80 -15.320300 
81 -15.525300 

