1 5.095200 
2 5.085200 
3 5.057200 
4 5.013200 
5 4.960200 
6 4.902200 
7 4.845200 
8 4.796200 
9 4.757200 
10 4.733200 
11 4.725200 
12 4.719200 
13 4.699200 
14 4.666200 
15 4.619200 
16 4.558200 
17 4.482200 
18 4.396200 
19 4.318200 
20 4.282200 
21 4.356200 
22 4.607200 
23 5.015200 
24 5.487200 
25 5.949200 
26 6.363200 
27 6.713200 
28 6.991200 
29 7.192200 
30 7.314200 
31 7.355200 
32 7.301200 
33 7.150200 
34 6.927200 
35 6.661200 
36 6.380200 
37 6.112200 
38 5.885200 
39 5.716200 
40 5.612200 
41 5.577200 
42 5.522200 
43 5.383200 
44 5.235200 
45 5.121200 
46 5.032200 
47 4.956200 
48 4.891200 
49 4.987200 
50 5.068200 
51 5.095200 
52 5.082200 
53 5.042200 
54 4.977200 
55 4.918200 
56 4.951200 
57 5.012200 
58 5.090200 
59 5.189200 
60 5.313200 
61 5.473200 
62 5.676200 
63 5.922200 
64 6.193200 
65 6.465200 
66 6.717200 
67 6.937200 
68 7.115200 
69 7.247200 
70 7.328200 
71 7.355200 
72 7.314200 
73 7.192200 
74 6.991200 
75 6.713200 
76 6.363200 
77 5.949200 
78 5.487200 
79 5.015200 
80 4.607200 
81 4.356200 
82 4.282200 
83 4.318200 
84 4.396200 
85 4.482200 
86 4.558200 
87 4.619200 
88 4.666200 
89 4.699200 
90 4.719200 
91 4.725200 

1 4.798200 
2 4.719200 
3 4.480200 
4 4.085200 
5 3.578200 
6 3.904200 
7 4.191200 
8 4.423200 
9 4.591200 
10 4.692200 
11 4.725200 
12 4.707200 
13 4.651200 
14 4.561200 
15 4.436200 
16 4.282200 
17 4.103200 
18 3.910200 
19 3.722200 
20 3.607200 
21 3.697200 
22 3.947200 
23 4.223200 
24 4.481200 
25 4.708200 
26 4.901200 
27 5.057200 
28 5.178200 
29 5.264200 
30 5.316200 
31 5.334200 
32 5.325200 
33 5.299200 
34 5.258200 
35 5.207200 
36 5.150200 
37 5.094200 
38 5.043200 
39 5.002200 
40 4.976200 
41 4.967200 
42 4.931200 
43 4.801200 
44 4.507200 
45 4.025200 
46 4.355200 
47 4.631200 
48 4.842200 
49 4.841200 
50 4.809200 
51 4.798200 
52 4.804200 
53 4.820200 
54 4.844200 
55 4.844200 
56 4.735200 
57 4.588200 
58 4.433200 
59 4.299200 
60 4.239200 
61 4.308200 
62 4.484200 
63 4.684200 
64 4.859200 
65 4.999200 
66 5.109200 
67 5.194200 
68 5.257200 
69 5.301200 
70 5.326200 
71 5.334200 
72 5.316200 
73 5.264200 
74 5.178200 
75 5.057200 
76 4.901200 
77 4.708200 
78 4.481200 
79 4.223200 
80 3.947200 
81 3.697200 
82 3.607200 
83 3.722200 
84 3.910200 
85 4.103200 
86 4.282200 
87 4.436200 
88 4.561200 
89 4.651200 
90 4.707200 
91 4.725200 

1 2.636200 
2 2.717200 
3 2.937200 
4 3.242200 
5 3.578200 
6 3.904200 
7 4.191200 
8 4.423200 
9 4.591200 
10 4.692200 
11 4.725200 
12 4.707200 
13 4.651200 
14 4.561200 
15 4.436200 
16 4.282200 
17 4.103200 
18 3.910200 
19 3.722200 
20 3.607200 
21 3.697200 
22 3.947200 
23 4.223200 
24 4.481200 
25 4.708200 
26 4.901200 
27 5.057200 
28 5.178200 
29 5.264200 
30 5.316200 
31 5.334200 
32 5.295200 
33 5.169200 
34 4.935200 
35 4.578200 
36 4.088200 
37 3.459200 
38 2.692200 
39 2.766200 
40 2.857200 
41 2.888200 
42 3.008200 
43 3.301200 
44 3.661200 
45 4.015200 
46 3.353200 
47 2.724200 
48 2.689200 
49 2.660200 
50 2.642200 
51 2.636200 
52 2.631200 
53 2.618200 
54 2.596200 
55 2.564200 
56 2.522200 
57 2.470200 
58 2.600200 
59 3.013200 
60 3.395200 
61 3.743200 
62 4.057200 
63 4.334200 
64 4.575200 
65 4.781200 
66 4.952200 
67 5.090200 
68 5.197200 
69 5.273200 
70 5.319200 
71 5.334200 
72 5.316200 
73 5.264200 
74 5.178200 
75 5.057200 
76 4.901200 
77 4.708200 
78 4.481200 
79 4.223200 
80 3.947200 
81 3.697200 
82 3.607200 
83 3.722200 
84 3.910200 
85 4.103200 
86 4.282200 
87 4.436200 
88 4.561200 
89 4.651200 
90 4.707200 
91 4.725200 

1 2.636200 
2 2.717200 
3 2.937200 
4 3.242200 
5 3.542200 
6 2.867200 
7 2.091200 
8 1.262200 
9 0.470200 
10 -0.139800 
11 -0.376800 
12 -0.284800 
13 -0.030800 
14 0.337200 
15 0.770200 
16 1.230200 
17 1.692200 
18 2.134200 
19 2.529200 
20 2.811200 
21 2.847200 
22 2.689200 
23 2.474200 
24 2.250200 
25 2.080200 
26 1.914200 
27 1.743200 
28 1.588200 
29 1.467200 
30 1.392200 
31 1.367200 
32 1.412200 
33 1.539200 
34 1.732200 
35 1.963200 
36 2.204200 
37 2.430200 
38 2.621200 
39 2.766200 
40 2.857200 
41 2.888200 
42 2.882200 
43 2.865200 
44 2.837200 
45 2.803200 
46 2.764200 
47 2.556200 
48 2.379200 
49 2.519200 
50 2.606200 
51 2.636200 
52 2.628200 
53 2.607200 
54 2.571200 
55 2.522200 
56 2.461200 
57 2.389200 
58 2.408200 
59 2.336200 
60 2.475200 
61 2.656200 
62 2.632200 
63 2.490200 
64 2.300200 
65 2.094200 
66 1.894200 
67 1.715200 
68 1.566200 
69 1.457200 
70 1.390200 
71 1.367200 
72 1.392200 
73 1.467200 
74 1.588200 
75 1.743200 
76 1.914200 
77 2.080200 
78 2.250200 
79 2.474200 
80 2.689200 
81 2.847200 
82 2.811200 
83 2.529200 
84 2.134200 
85 1.692200 
86 1.230200 
87 0.770200 
88 0.337200 
89 -0.030800 
90 -0.284800 
91 -0.376800 

1 -0.255800 
2 -0.258800 
3 -0.267800 
4 -0.280800 
5 -0.297800 
6 -0.315800 
7 -0.333800 
8 -0.350800 
9 -0.364800 
10 -0.372800 
11 -0.376800 
12 -0.284800 
13 -0.030800 
14 0.337200 
15 0.770200 
16 1.230200 
17 1.692200 
18 2.134200 
19 2.529200 
20 2.811200 
21 2.847200 
22 2.689200 
23 2.474200 
24 2.250200 
25 2.036200 
26 1.842200 
27 1.675200 
28 1.542200 
29 1.445200 
30 1.387200 
31 1.367200 
32 1.412200 
33 1.539200 
34 1.732200 
35 1.963200 
36 2.204200 
37 2.430200 
38 2.621200 
39 1.819200 
40 1.212200 
41 1.208200 
42 1.250200 
43 1.369200 
44 1.547200 
45 1.760200 
46 1.984200 
47 2.196200 
48 1.671200 
49 0.780200 
50 0.047200 
51 -0.255800 
52 -0.104800 
53 0.262200 
54 0.721200 
55 1.207200 
56 1.691200 
57 2.157200 
58 2.308200 
59 2.218200 
60 2.255200 
61 2.165200 
62 2.067200 
63 1.963200 
64 1.856200 
65 1.748200 
66 1.644200 
67 1.551200 
68 1.474200 
69 1.415200 
70 1.379200 
71 1.367200 
72 1.387200 
73 1.445200 
74 1.542200 
75 1.675200 
76 1.842200 
77 2.036200 
78 2.250200 
79 2.474200 
80 2.689200 
81 2.847200 
82 2.811200 
83 2.529200 
84 2.134200 
85 1.692200 
86 1.230200 
87 0.770200 
88 0.337200 
89 -0.030800 
90 -0.284800 
91 -0.376800 

1 -2.733800 
2 -2.840800 
3 -3.135800 
4 -3.560800 
5 -4.052800 
6 -4.560800 
7 -5.039800 
8 -5.454800 
9 -5.774800 
10 -5.976800 
11 -6.046800 
12 -5.802800 
13 -5.159800 
14 -4.281800 
15 -3.295800 
16 -2.278800 
17 -1.275800 
18 -0.315800 
19 0.567200 
20 1.330200 
21 1.900200 
22 2.212200 
23 2.285200 
24 2.217200 
25 2.036200 
26 1.842200 
27 1.675200 
28 1.542200 
29 1.445200 
30 1.387200 
31 1.367200 
32 1.363200 
33 1.352200 
34 1.334200 
35 1.312200 
36 1.287200 
37 1.263200 
38 1.242200 
39 1.224200 
40 0.967200 
41 0.535200 
42 0.397200 
43 0.052200 
44 -0.395800 
45 -0.879800 
46 -1.357800 
47 -1.801800 
48 -2.184800 
49 -2.480800 
50 -2.668800 
51 -2.733800 
52 -2.528800 
53 -2.008800 
54 -1.329800 
55 -0.592800 
56 0.150200 
57 0.863200 
58 1.517200 
59 2.075200 
60 2.123200 
61 2.025200 
62 1.925200 
63 1.826200 
64 1.731200 
65 1.643200 
66 1.564200 
67 1.495200 
68 1.440200 
69 1.400200 
70 1.375200 
71 1.367200 
72 1.387200 
73 1.445200 
74 1.542200 
75 1.675200 
76 1.842200 
77 2.036200 
78 2.217200 
79 2.285200 
80 2.212200 
81 1.900200 
82 1.330200 
83 0.567200 
84 -0.315800 
85 -1.275800 
86 -2.278800 
87 -3.295800 
88 -4.281800 
89 -5.159800 
90 -5.802800 
91 -6.046800 

1 -2.733800 
2 -2.840800 
3 -3.135800 
4 -3.560800 
5 -4.052800 
6 -4.560800 
7 -5.039800 
8 -5.454800 
9 -5.774800 
10 -5.976800 
11 -6.046800 
12 -6.150800 
13 -6.440800 
14 -6.861800 
15 -7.357800 
16 -7.883800 
17 -8.402800 
18 -8.888800 
19 -9.325800 
20 -9.697800 
21 -9.998800 
22 -10.223800 
23 -10.370800 
24 -10.441800 
25 -10.443800 
26 -10.388800 
27 -10.293800 
28 -10.179800 
29 -10.070800 
30 -9.991800 
31 -9.963800 
32 -9.959800 
33 -9.847800 
34 -9.465800 
35 -8.762800 
36 -7.787800 
37 -6.631800 
38 -5.384800 
39 -4.139800 
40 -3.054800 
41 -2.543800 
42 -2.540800 
43 -2.538800 
44 -2.548800 
45 -2.572800 
46 -2.606800 
47 -2.644800 
48 -2.680800 
49 -2.710800 
50 -2.728800 
51 -2.733800 
52 -2.903800 
53 -3.328800 
54 -3.881800 
55 -4.495800 
56 -5.137800 
57 -5.786800 
58 -6.428800 
59 -7.051800 
60 -7.641800 
61 -8.187800 
62 -8.674800 
63 -9.092800 
64 -9.432800 
65 -9.688800 
66 -9.859800 
67 -9.955800 
68 -9.989800 
69 -9.986800 
70 -9.970800 
71 -9.963800 
72 -9.991800 
73 -10.070800 
74 -10.179800 
75 -10.293800 
76 -10.388800 
77 -10.443800 
78 -10.441800 
79 -10.370800 
80 -10.223800 
81 -9.998800 
82 -9.697800 
83 -9.325800 
84 -8.888800 
85 -8.402800 
86 -7.883800 
87 -7.357800 
88 -6.861800 
89 -6.440800 
90 -6.150800 
91 -6.046800 

1 -6.968800 
2 -6.927800 
3 -6.840800 
4 -6.760800 
5 -6.698800 
6 -6.640800 
7 -6.566800 
8 -6.453800 
9 -6.293800 
10 -6.124800 
11 -6.046800 
12 -6.150800 
13 -6.440800 
14 -6.861800 
15 -7.357800 
16 -7.883800 
17 -8.402800 
18 -8.888800 
19 -9.325800 
20 -9.697800 
21 -9.998800 
22 -10.223800 
23 -10.370800 
24 -10.441800 
25 -10.443800 
26 -10.388800 
27 -10.293800 
28 -10.179800 
29 -10.070800 
30 -9.991800 
31 -9.963800 
32 -10.045800 
33 -10.283800 
34 -10.649800 
35 -11.100800 
36 -11.587800 
37 -12.061800 
38 -12.481800 
39 -12.808800 
40 -13.017800 
41 -13.088800 
42 -13.169800 
43 -13.400800 
44 -13.511800 
45 -13.079800 
46 -12.202800 
47 -11.007800 
48 -9.666800 
49 -8.371800 
50 -7.366800 
51 -6.968800 
52 -7.167800 
53 -7.661800 
54 -8.283800 
55 -8.920800 
56 -9.508800 
57 -10.012800 
58 -10.417800 
59 -10.718800 
60 -10.920800 
61 -11.033800 
62 -11.066800 
63 -11.033800 
64 -10.942800 
65 -10.803800 
66 -10.630800 
67 -10.441800 
68 -10.256800 
69 -10.102800 
70 -9.999800 
71 -9.963800 
72 -9.991800 
73 -10.070800 
74 -10.179800 
75 -10.293800 
76 -10.388800 
77 -10.443800 
78 -10.441800 
79 -10.370800 
80 -10.223800 
81 -9.998800 
82 -9.697800 
83 -9.325800 
84 -8.888800 
85 -8.402800 
86 -7.883800 
87 -7.357800 
88 -6.861800 
89 -6.440800 
90 -6.150800 
91 -6.046800 

1 -15.858800 
2 -16.252800 
3 -17.117800 
4 -17.834800 
5 -17.990800 
6 -17.512800 
7 -16.568800 
8 -15.421800 
9 -14.348800 
10 -13.593800 
11 -13.321800 
12 -13.518800 
13 -14.012800 
14 -14.607800 
15 -15.144800 
16 -15.521800 
17 -15.688800 
18 -15.639800 
19 -15.396800 
20 -14.998800 
21 -14.490800 
22 -13.916800 
23 -13.315800 
24 -12.714800 
25 -12.129800 
26 -11.567800 
27 -11.045800 
28 -10.593800 
29 -10.247800 
30 -10.034800 
31 -9.963800 
32 -10.045800 
33 -10.283800 
34 -10.649800 
35 -11.100800 
36 -11.587800 
37 -12.061800 
38 -12.481800 
39 -12.808800 
40 -13.017800 
41 -13.088800 
42 -13.236800 
43 -13.494800 
44 -13.749800 
45 -14.169800 
46 -14.611800 
47 -15.028800 
48 -15.381800 
49 -15.644800 
50 -15.805800 
51 -15.858800 
52 -15.831800 
53 -15.750800 
54 -15.613800 
55 -15.418800 
56 -15.166800 
57 -14.857800 
58 -14.496800 
59 -14.090800 
60 -13.649800 
61 -13.183800 
62 -12.707800 
63 -12.231800 
64 -11.771800 
65 -11.337800 
66 -10.945800 
67 -10.606800 
68 -10.331800 
69 -10.128800 
70 -10.004800 
71 -9.963800 
72 -10.034800 
73 -10.247800 
74 -10.593800 
75 -11.045800 
76 -11.567800 
77 -12.129800 
78 -12.714800 
79 -13.315800 
80 -13.916800 
81 -14.490800 
82 -14.998800 
83 -15.396800 
84 -15.639800 
85 -15.688800 
86 -15.521800 
87 -15.144800 
88 -14.607800 
89 -14.012800 
90 -13.518800 
91 -13.321800 

