1 0.547900 
2 0.647900 
3 0.791900 
4 0.929900 
5 1.061900 
6 1.189900 
7 1.316900 
8 1.448900 
9 1.588900 
10 1.739900 
11 1.902900 
12 2.075900 
13 2.254900 
14 2.432900 
15 2.602900 
16 2.758900 
17 2.893900 
18 3.003900 
19 3.083900 
20 3.132900 
21 3.148900 
22 3.278900 
23 3.409900 
24 3.538900 
25 3.665900 
26 3.787900 
27 3.905900 
28 4.016900 
29 4.121900 
30 4.217900 
31 4.304900 
32 4.382900 
33 4.451900 
34 4.509900 
35 4.557900 
36 4.596900 
37 4.626900 
38 4.648900 
39 4.663900 
40 4.671900 
41 4.674900 
42 4.659900 
43 4.613900 
44 4.530900 
45 4.407900 
46 4.243900 
47 4.043900 
48 3.811900 
49 3.554900 
50 3.279900 
51 2.993900 
52 2.700900 
53 2.407900 
54 2.119900 
55 1.842900 
56 1.582900 
57 1.346900 
58 1.141900 
59 0.970900 
60 0.831900 
61 0.716900 
62 0.770900 
63 0.829900 
64 0.893900 
65 0.959900 
66 1.028900 
67 1.099900 
68 1.171900 
69 1.242900 
70 1.311900 
71 1.378900 
72 1.442900 
73 1.501900 
74 1.555900 
75 1.603900 
76 1.645900 
77 1.679900 
78 1.706900 
79 1.726900 
80 1.738900 
81 1.742900 
82 1.767900 
83 1.838900 
84 1.949900 
85 2.094900 
86 2.268900 
87 2.466900 
88 2.682900 
89 2.911900 
90 3.146900 
91 3.381900 
92 3.610900 
93 3.828900 
94 4.028900 
95 4.205900 
96 4.356900 
97 4.477900 
98 4.568900 
99 4.628900 
100 4.663900 
101 4.674900 
102 4.660900 
103 4.616900 
104 4.537900 
105 4.418900 
106 4.259900 
107 4.062900 
108 3.834900 
109 3.582900 
110 3.314900 
111 3.042900 
112 2.776900 
113 2.528900 
114 2.311900 
115 2.133900 
116 1.997900 
117 1.900900 
118 1.833900 
119 1.784900 
120 1.744900 
121 1.706900 

1 0.547900 
2 0.647900 
3 0.791900 
4 0.929900 
5 1.061900 
6 1.189900 
7 1.316900 
8 1.448900 
9 1.588900 
10 1.739900 
11 1.902900 
12 2.075900 
13 2.254900 
14 2.432900 
15 2.602900 
16 2.758900 
17 2.893900 
18 3.003900 
19 3.083900 
20 3.132900 
21 3.148900 
22 3.020900 
23 2.894900 
24 2.774900 
25 2.659900 
26 2.551900 
27 2.451900 
28 2.360900 
29 2.279900 
30 2.207900 
31 2.145900 
32 2.093900 
33 2.049900 
34 2.012900 
35 1.983900 
36 1.960900 
37 1.942900 
38 1.929900 
39 1.920900 
40 1.915900 
41 1.914900 
42 1.897900 
43 1.849900 
44 1.770900 
45 1.661900 
46 1.527900 
47 1.371900 
48 1.200900 
49 1.022900 
50 0.845900 
51 0.682900 
52 0.545900 
53 0.447900 
54 0.502900 
55 0.573900 
56 0.624900 
57 0.658900 
58 0.677900 
59 0.686900 
60 0.687900 
61 0.711900 
62 0.687900 
63 0.689900 
64 0.691900 
65 0.696900 
66 0.701900 
67 0.708900 
68 0.717900 
69 0.727900 
70 0.758900 
71 0.813900 
72 0.868900 
73 0.921900 
74 0.970900 
75 1.015900 
76 1.054900 
77 1.087900 
78 1.113900 
79 1.132900 
80 1.143900 
81 1.147900 
82 1.135900 
83 1.101900 
84 1.054900 
85 0.999900 
86 0.944900 
87 0.896900 
88 0.865900 
89 0.864900 
90 0.904900 
91 0.986900 
92 1.100900 
93 1.231900 
94 1.368900 
95 1.500900 
96 1.620900 
97 1.723900 
98 1.805900 
99 1.865900 
100 1.901900 
101 1.914900 
102 1.903900 
103 1.872900 
104 1.820900 
105 1.750900 
106 1.663900 
107 1.564900 
108 1.459900 
109 1.357900 
110 1.273900 
111 1.224900 
112 1.221900 
113 1.259900 
114 1.321900 
115 1.390900 
116 1.458900 
117 1.519900 
118 1.574900 
119 1.623900 
120 1.667900 
121 1.706900 

1 0.354900 
2 0.256900 
3 0.126900 
4 0.027900 
5 -0.034100 
6 -0.069100 
7 -0.092100 
8 -0.112100 
9 -0.135100 
10 -0.166100 
11 -0.208100 
12 -0.262100 
13 -0.330100 
14 -0.411100 
15 -0.503100 
16 -0.602100 
17 -0.703100 
18 -0.800100 
19 -0.883100 
20 -0.941100 
21 -0.963100 
22 -0.922100 
23 -0.888100 
24 -0.862100 
25 -0.845100 
26 -0.837100 
27 -0.839100 
28 -0.850100 
29 -0.872100 
30 -0.902100 
31 -0.940100 
32 -0.984100 
33 -1.032100 
34 -1.083100 
35 -1.134100 
36 -1.182100 
37 -1.225100 
38 -1.262100 
39 -1.290100 
40 -1.307100 
41 -1.313100 
42 -1.285100 
43 -1.204100 
44 -1.077100 
45 -0.914100 
46 -0.729100 
47 -0.535100 
48 -0.341100 
49 -0.156100 
50 0.013900 
51 0.166900 
52 0.299900 
53 0.411900 
54 0.391900 
55 0.387900 
56 0.429900 
57 0.447900 
58 0.470900 
59 0.535900 
60 0.615900 
61 0.687900 
62 0.662900 
63 0.616900 
64 0.580900 
65 0.563900 
66 0.574900 
67 0.607900 
68 0.652900 
69 0.703900 
70 0.737900 
71 0.748900 
72 0.760900 
73 0.771900 
74 0.781900 
75 0.791900 
76 0.800900 
77 0.807900 
78 0.813900 
79 0.817900 
80 0.820900 
81 0.821900 
82 0.812900 
83 0.787900 
84 0.745900 
85 0.686900 
86 0.610900 
87 0.518900 
88 0.409900 
89 0.286900 
90 0.148900 
91 -0.003100 
92 -0.165100 
93 -0.335100 
94 -0.510100 
95 -0.684100 
96 -0.851100 
97 -1.003100 
98 -1.132100 
99 -1.230100 
100 -1.292100 
101 -1.313100 
102 -1.286100 
103 -1.205100 
104 -1.072100 
105 -0.895100 
106 -0.692100 
107 -0.478100 
108 -0.271100 
109 -0.085100 
110 0.066900 
111 0.170900 
112 0.223900 
113 0.235900 
114 0.222900 
115 0.192900 
116 0.150900 
117 0.100900 
118 0.050900 
119 0.006900 
120 -0.029100 
121 -0.059100 

1 0.354900 
2 0.256900 
3 0.126900 
4 0.027900 
5 -0.034100 
6 -0.069100 
7 -0.092100 
8 -0.112100 
9 -0.135100 
10 -0.166100 
11 -0.208100 
12 -0.262100 
13 -0.330100 
14 -0.411100 
15 -0.503100 
16 -0.602100 
17 -0.703100 
18 -0.800100 
19 -0.883100 
20 -0.941100 
21 -0.963100 
22 -1.011100 
23 -1.064100 
24 -1.121100 
25 -1.182100 
26 -1.239100 
27 -1.234100 
28 -1.234100 
29 -1.238100 
30 -1.247100 
31 -1.259100 
32 -1.276100 
33 -1.295100 
34 -1.318100 
35 -1.342100 
36 -1.366100 
37 -1.391100 
38 -1.412100 
39 -1.430100 
40 -1.441100 
41 -1.445100 
42 -1.397100 
43 -1.284100 
44 -1.140100 
45 -0.980100 
46 -0.811100 
47 -0.638100 
48 -0.467100 
49 -0.301100 
50 -0.145100 
51 -0.001100 
52 0.125900 
53 0.233900 
54 0.321900 
55 0.375900 
56 0.387900 
57 0.421900 
58 0.443900 
59 0.423900 
60 0.399900 
61 0.387900 
62 0.390900 
63 0.398900 
64 0.407900 
65 0.404900 
66 0.381900 
67 0.343900 
68 0.298900 
69 0.250900 
70 0.201900 
71 0.153900 
72 0.106900 
73 0.062900 
74 0.021900 
75 -0.016100 
76 -0.049100 
77 -0.077100 
78 -0.100100 
79 -0.116100 
80 -0.126100 
81 -0.129100 
82 -0.128100 
83 -0.125100 
84 -0.122100 
85 -0.123100 
86 -0.128100 
87 -0.137100 
88 -0.151100 
89 -0.177100 
90 -0.222100 
91 -0.294100 
92 -0.392100 
93 -0.511100 
94 -0.644100 
95 -0.785100 
96 -0.928100 
97 -1.068100 
98 -1.200100 
99 -1.318100 
100 -1.408100 
101 -1.445100 
102 -1.405100 
103 -1.309100 
104 -1.188100 
105 -1.057100 
106 -0.924100 
107 -0.794100 
108 -0.671100 
109 -0.560100 
110 -0.466100 
111 -0.394100 
112 -0.347100 
113 -0.321100 
114 -0.298100 
115 -0.268100 
116 -0.229100 
117 -0.187100 
118 -0.149100 
119 -0.116100 
120 -0.087100 
121 -0.059100 

1 -0.421100 
2 -0.423100 
3 -0.438100 
4 -0.477100 
5 -0.539100 
6 -0.611100 
7 -0.676100 
8 -0.730100 
9 -0.777100 
10 -0.827100 
11 -0.884100 
12 -0.951100 
13 -1.025100 
14 -1.101100 
15 -1.174100 
16 -1.238100 
17 -1.287100 
18 -1.317100 
19 -1.331100 
20 -1.332100 
21 -1.331100 
22 -1.303100 
23 -1.280100 
24 -1.262100 
25 -1.248100 
26 -1.239100 
27 -1.234100 
28 -1.234100 
29 -1.238100 
30 -1.247100 
31 -1.259100 
32 -1.276100 
33 -1.295100 
34 -1.318100 
35 -1.342100 
36 -1.366100 
37 -1.391100 
38 -1.412100 
39 -1.430100 
40 -1.441100 
41 -1.445100 
42 -1.464100 
43 -1.520100 
44 -1.613100 
45 -1.729100 
46 -1.707100 
47 -1.586100 
48 -1.459100 
49 -1.341100 
50 -1.244100 
51 -1.179100 
52 -1.141100 
53 -1.034100 
54 -0.946100 
55 -0.877100 
56 -0.827100 
57 -0.797100 
58 -0.785100 
59 -0.790100 
60 -0.810100 
61 -0.843100 
62 -0.827100 
63 -0.817100 
64 -0.814100 
65 -0.816100 
66 -0.824100 
67 -0.838100 
68 -0.856100 
69 -0.878100 
70 -0.903100 
71 -0.930100 
72 -0.958100 
73 -0.986100 
74 -1.013100 
75 -1.039100 
76 -1.062100 
77 -1.083100 
78 -1.099100 
79 -1.111100 
80 -1.118100 
81 -1.121100 
82 -1.127100 
83 -1.145100 
84 -1.176100 
85 -1.219100 
86 -1.274100 
87 -1.340100 
88 -1.299100 
89 -1.257100 
90 -1.258100 
91 -1.300100 
92 -1.374100 
93 -1.470100 
94 -1.578100 
95 -1.691100 
96 -1.798100 
97 -1.671100 
98 -1.572100 
99 -1.501100 
100 -1.459100 
101 -1.445100 
102 -1.455100 
103 -1.484100 
104 -1.531100 
105 -1.589100 
106 -1.651100 
107 -1.706100 
108 -1.582100 
109 -1.443100 
110 -1.305100 
111 -1.178100 
112 -1.078100 
113 -1.018100 
114 -1.014100 
115 -1.066100 
116 -1.153100 
117 -1.249100 
118 -1.337100 
119 -1.416100 
120 -1.485100 
121 -1.536100 

1 -0.421100 
2 -0.423100 
3 -0.438100 
4 -0.477100 
5 -0.539100 
6 -0.611100 
7 -0.676100 
8 -0.730100 
9 -0.777100 
10 -0.827100 
11 -0.884100 
12 -0.951100 
13 -1.025100 
14 -1.101100 
15 -1.174100 
16 -1.238100 
17 -1.287100 
18 -1.317100 
19 -1.331100 
20 -1.332100 
21 -1.331100 
22 -1.303100 
23 -1.280100 
24 -1.262100 
25 -1.248100 
26 -1.245100 
27 -1.309100 
28 -1.374100 
29 -1.439100 
30 -1.502100 
31 -1.563100 
32 -1.621100 
33 -1.676100 
34 -1.726100 
35 -1.771100 
36 -1.810100 
37 -1.842100 
38 -1.868100 
39 -1.887100 
40 -1.899100 
41 -1.902100 
42 -1.947100 
43 -2.040100 
44 -1.961100 
45 -1.876100 
46 -1.953100 
47 -1.899100 
48 -1.728100 
49 -1.563100 
50 -1.408100 
51 -1.267100 
52 -1.159100 
53 -1.192100 
54 -1.279100 
55 -1.380100 
56 -1.266100 
57 -1.156100 
58 -1.055100 
59 -0.966100 
60 -0.895100 
61 -0.844100 
62 -0.864100 
63 -0.887100 
64 -0.911100 
65 -0.937100 
66 -0.963100 
67 -0.990100 
68 -1.017100 
69 -1.044100 
70 -1.070100 
71 -1.094100 
72 -1.118100 
73 -1.139100 
74 -1.159100 
75 -1.176100 
76 -1.191100 
77 -1.204100 
78 -1.213100 
79 -1.220100 
80 -1.225100 
81 -1.226100 
82 -1.232100 
83 -1.250100 
84 -1.280100 
85 -1.321100 
86 -1.373100 
87 -1.379100 
88 -1.417100 
89 -1.505100 
90 -1.601100 
91 -1.705100 
92 -1.816100 
93 -1.931100 
94 -2.048100 
95 -1.953100 
96 -1.800100 
97 -1.900100 
98 -1.983100 
99 -2.012100 
100 -1.937100 
101 -1.902100 
102 -1.931100 
103 -1.984100 
104 -1.969100 
105 -1.898100 
106 -1.814100 
107 -1.710100 
108 -1.743100 
109 -1.702100 
110 -1.639100 
111 -1.579100 
112 -1.525100 
113 -1.478100 
114 -1.444100 
115 -1.426100 
116 -1.431100 
117 -1.461100 
118 -1.507100 
119 -1.546100 
120 -1.558100 
121 -1.536100 

1 -2.742100 
2 -2.727100 
3 -2.682100 
4 -2.614100 
5 -2.543100 
6 -2.485100 
7 -2.449100 
8 -2.434100 
9 -2.424100 
10 -2.399100 
11 -2.341100 
12 -2.242100 
13 -2.111100 
14 -1.962100 
15 -1.811100 
16 -1.672100 
17 -1.552100 
18 -1.456100 
19 -1.387100 
20 -1.345100 
21 -1.331100 
22 -1.362100 
23 -1.397100 
24 -1.436100 
25 -1.479100 
26 -1.524100 
27 -1.572100 
28 -1.622100 
29 -1.673100 
30 -1.725100 
31 -1.777100 
32 -1.829100 
33 -1.879100 
34 -1.926100 
35 -1.970100 
36 -2.009100 
37 -2.043100 
38 -2.071100 
39 -2.091100 
40 -2.103100 
41 -2.107100 
42 -2.090100 
43 -2.047100 
44 -2.160100 
45 -2.230100 
46 -2.069100 
47 -2.164100 
48 -2.123100 
49 -2.033100 
50 -1.936100 
51 -1.834100 
52 -1.726100 
53 -1.613100 
54 -1.497100 
55 -1.408100 
56 -1.561100 
57 -1.716100 
58 -1.853100 
59 -1.956100 
60 -2.015100 
61 -2.033100 
62 -2.030100 
63 -2.020100 
64 -2.007100 
65 -1.991100 
66 -1.975100 
67 -1.958100 
68 -1.941100 
69 -1.925100 
70 -1.911100 
71 -1.897100 
72 -1.885100 
73 -1.874100 
74 -1.864100 
75 -1.855100 
76 -1.847100 
77 -1.841100 
78 -1.836100 
79 -1.833100 
80 -1.831100 
81 -1.830100 
82 -1.814100 
83 -1.766100 
84 -1.690100 
85 -1.591100 
86 -1.482100 
87 -1.434100 
88 -1.505100 
89 -1.583100 
90 -1.668100 
91 -1.758100 
92 -1.852100 
93 -1.949100 
94 -2.048100 
95 -2.149100 
96 -2.248100 
97 -2.264100 
98 -2.139100 
99 -2.064100 
100 -2.094100 
101 -2.107100 
102 -2.091100 
103 -2.048100 
104 -2.028100 
105 -1.996100 
106 -1.926100 
107 -1.845100 
108 -1.770100 
109 -1.762100 
110 -1.770100 
111 -1.778100 
112 -1.794100 
113 -1.821100 
114 -1.864100 
115 -1.923100 
116 -2.000100 
117 -2.094100 
118 -2.204100 
119 -2.331100 
120 -2.469100 
121 -2.617100 

1 -2.742100 
2 -2.727100 
3 -2.682100 
4 -2.614100 
5 -2.543100 
6 -2.485100 
7 -2.449100 
8 -2.434100 
9 -2.424100 
10 -2.399100 
11 -2.341100 
12 -2.242100 
13 -2.111100 
14 -1.962100 
15 -1.811100 
16 -1.672100 
17 -1.552100 
18 -1.456100 
19 -1.387100 
20 -1.345100 
21 -1.331100 
22 -1.362100 
23 -1.397100 
24 -1.436100 
25 -1.479100 
26 -1.524100 
27 -1.572100 
28 -1.622100 
29 -1.673100 
30 -1.725100 
31 -1.777100 
32 -1.829100 
33 -1.879100 
34 -1.926100 
35 -1.970100 
36 -2.009100 
37 -2.043100 
38 -2.071100 
39 -2.091100 
40 -2.103100 
41 -2.107100 
42 -2.127100 
43 -2.188100 
44 -2.302100 
45 -2.275100 
46 -2.291100 
47 -2.209100 
48 -2.424100 
49 -2.728100 
50 -3.026100 
51 -3.217100 
52 -3.421100 
53 -3.637100 
54 -3.864100 
55 -4.099100 
56 -4.341100 
57 -4.585100 
58 -4.830100 
59 -5.071100 
60 -5.302100 
61 -5.508100 
62 -5.423100 
63 -5.344100 
64 -5.280100 
65 -5.233100 
66 -5.203100 
67 -5.189100 
68 -5.191100 
69 -5.210100 
70 -5.245100 
71 -5.296100 
72 -5.361100 
73 -5.442100 
74 -5.536100 
75 -5.643100 
76 -5.761100 
77 -5.822100 
78 -5.816100 
79 -5.809100 
80 -5.804100 
81 -5.802100 
82 -5.750100 
83 -5.578100 
84 -5.244100 
85 -4.866100 
86 -4.490100 
87 -4.125100 
88 -3.776100 
89 -3.445100 
90 -3.134100 
91 -2.847100 
92 -2.584100 
93 -2.346100 
94 -2.136100 
95 -2.163100 
96 -2.274100 
97 -2.337100 
98 -2.237100 
99 -2.165100 
100 -2.122100 
101 -2.107100 
102 -2.117100 
103 -2.146100 
104 -2.187100 
105 -2.231100 
106 -2.271100 
107 -2.319100 
108 -2.392100 
109 -2.500100 
110 -2.635100 
111 -2.783100 
112 -2.931100 
113 -3.063100 
114 -3.161100 
115 -3.211100 
116 -3.205100 
117 -3.145100 
118 -3.043100 
119 -2.913100 
120 -2.767100 
121 -2.617100 

1 -5.192100 
2 -5.231100 
3 -5.337100 
4 -5.474100 
5 -5.583100 
6 -5.604100 
7 -5.506100 
8 -5.311100 
9 -5.078100 
10 -4.863100 
11 -4.700100 
12 -4.602100 
13 -4.563100 
14 -4.565100 
15 -4.591100 
16 -4.627100 
17 -4.664100 
18 -4.696100 
19 -4.719100 
20 -4.734100 
21 -4.739100 
22 -4.606100 
23 -4.470100 
24 -4.330100 
25 -4.188100 
26 -4.046100 
27 -3.904100 
28 -3.763100 
29 -3.625100 
30 -3.490100 
31 -3.360100 
32 -3.236100 
33 -3.118100 
34 -3.008100 
35 -2.907100 
36 -2.816100 
37 -2.738100 
38 -2.674100 
39 -2.626100 
40 -2.596100 
41 -2.586100 
42 -2.560100 
43 -2.486100 
44 -2.373100 
45 -2.371100 
46 -2.398100 
47 -2.534100 
48 -2.684100 
49 -2.848100 
50 -3.071100 
51 -3.448100 
52 -3.846100 
53 -4.245100 
54 -4.615100 
55 -4.917100 
56 -5.123100 
57 -5.239100 
58 -5.302100 
59 -5.359100 
60 -5.444100 
61 -5.513100 
62 -5.508100 
63 -5.474100 
64 -5.459100 
65 -5.463100 
66 -5.485100 
67 -5.521100 
68 -5.567100 
69 -5.618100 
70 -5.671100 
71 -5.720100 
72 -5.762100 
73 -5.794100 
74 -5.815100 
75 -5.825100 
76 -5.826100 
77 -5.890100 
78 -6.028100 
79 -6.173100 
80 -6.322100 
81 -6.438100 
82 -6.083100 
83 -5.729100 
84 -5.468100 
85 -5.094100 
86 -4.742100 
87 -4.415100 
88 -4.111100 
89 -3.829100 
90 -3.569100 
91 -3.329100 
92 -3.109100 
93 -2.907100 
94 -2.723100 
95 -2.555100 
96 -2.403100 
97 -2.346100 
98 -2.437100 
99 -2.514100 
100 -2.567100 
101 -2.586100 
102 -2.578100 
103 -2.567100 
104 -2.571100 
105 -2.597100 
106 -2.669100 
107 -2.791100 
108 -2.957100 
109 -3.158100 
110 -3.389100 
111 -3.647100 
112 -3.928100 
113 -4.227100 
114 -4.538100 
115 -4.830100 
116 -5.114100 
117 -5.407100 
118 -5.700100 
119 -5.958100 
120 -6.109100 
121 -6.177100 

1 -5.192100 
2 -5.231100 
3 -5.337100 
4 -5.474100 
5 -5.583100 
6 -5.604100 
7 -5.506100 
8 -5.311100 
9 -5.078100 
10 -4.863100 
11 -4.700100 
12 -4.602100 
13 -4.563100 
14 -4.565100 
15 -4.591100 
16 -4.627100 
17 -4.664100 
18 -4.696100 
19 -4.719100 
20 -4.734100 
21 -4.739100 
22 -4.606100 
23 -4.470100 
24 -4.330100 
25 -4.188100 
26 -4.046100 
27 -3.904100 
28 -3.763100 
29 -3.625100 
30 -3.490100 
31 -3.360100 
32 -3.236100 
33 -3.118100 
34 -3.008100 
35 -2.907100 
36 -2.816100 
37 -2.738100 
38 -2.674100 
39 -2.626100 
40 -2.596100 
41 -2.586100 
42 -2.567100 
43 -2.517100 
44 -2.447100 
45 -2.469100 
46 -2.682100 
47 -2.936100 
48 -3.232100 
49 -3.568100 
50 -3.941100 
51 -4.347100 
52 -4.776100 
53 -5.219100 
54 -5.665100 
55 -6.094100 
56 -6.337100 
57 -6.303100 
58 -6.268100 
59 -6.099100 
60 -5.790100 
61 -5.603100 
62 -5.646100 
63 -5.739100 
64 -5.829100 
65 -5.914100 
66 -5.991100 
67 -6.061100 
68 -6.124100 
69 -6.178100 
70 -6.225100 
71 -6.267100 
72 -6.304100 
73 -6.338100 
74 -6.368100 
75 -6.393100 
76 -6.413100 
77 -6.426100 
78 -6.434100 
79 -6.437100 
80 -6.438100 
81 -6.446100 
82 -6.239100 
83 -5.860100 
84 -5.471100 
85 -5.216100 
86 -4.939100 
87 -4.647100 
88 -4.350100 
89 -4.056100 
90 -3.770100 
91 -3.499100 
92 -3.246100 
93 -3.013100 
94 -2.805100 
95 -2.622100 
96 -2.466100 
97 -2.375100 
98 -2.462100 
99 -2.529100 
100 -2.571100 
101 -2.586100 
102 -2.582100 
103 -2.573100 
104 -2.588100 
105 -2.667100 
106 -2.799100 
107 -2.963100 
108 -3.150100 
109 -3.354100 
110 -3.571100 
111 -3.801100 
112 -4.041100 
113 -4.293100 
114 -4.556100 
115 -4.855100 
116 -5.169100 
117 -5.468100 
118 -5.737100 
119 -5.974100 
120 -6.168100 
121 -6.177100 

1 -7.747100 
2 -7.699100 
3 -7.566100 
4 -7.362100 
5 -7.101100 
6 -6.811100 
7 -6.531100 
8 -6.280100 
9 -6.056100 
10 -5.847100 
11 -5.652100 
12 -5.471100 
13 -5.306100 
14 -5.160100 
15 -5.036100 
16 -4.934100 
17 -4.856100 
18 -4.801100 
19 -4.765100 
20 -4.745100 
21 -4.739100 
22 -4.866100 
23 -4.987100 
24 -5.100100 
25 -5.204100 
26 -5.299100 
27 -5.383100 
28 -5.457100 
29 -5.520100 
30 -5.572100 
31 -5.613100 
32 -5.645100 
33 -5.668100 
34 -5.682100 
35 -5.691100 
36 -5.695100 
37 -5.695100 
38 -5.694100 
39 -5.692100 
40 -5.691100 
41 -5.690100 
42 -5.708100 
43 -5.759100 
44 -5.835100 
45 -5.926100 
46 -6.021100 
47 -6.115100 
48 -6.200100 
49 -6.271100 
50 -6.328100 
51 -6.367100 
52 -6.389100 
53 -6.395100 
54 -6.387100 
55 -6.366100 
56 -6.469100 
57 -6.657100 
58 -6.449100 
59 -6.105100 
60 -5.800100 
61 -5.606100 
62 -5.678100 
63 -5.772100 
64 -5.877100 
65 -5.988100 
66 -6.105100 
67 -6.225100 
68 -6.337100 
69 -6.379100 
70 -6.425100 
71 -6.476100 
72 -6.531100 
73 -6.588100 
74 -6.646100 
75 -6.703100 
76 -6.757100 
77 -6.806100 
78 -6.847100 
79 -6.764100 
80 -6.628100 
81 -6.507100 
82 -6.861100 
83 -6.888100 
84 -6.867100 
85 -6.838100 
86 -6.800100 
87 -6.752100 
88 -6.696100 
89 -6.630100 
90 -6.554100 
91 -6.471100 
92 -6.379100 
93 -6.282100 
94 -6.180100 
95 -6.078100 
96 -5.978100 
97 -5.886100 
98 -5.806100 
99 -5.743100 
100 -5.704100 
101 -5.690100 
102 -5.704100 
103 -5.744100 
104 -5.803100 
105 -5.870100 
106 -5.935100 
107 -5.986100 
108 -6.015100 
109 -6.018100 
110 -5.992100 
111 -5.945100 
112 -5.885100 
113 -5.828100 
114 -5.790100 
115 -5.788100 
116 -5.829100 
117 -5.907100 
118 -6.006100 
119 -6.102100 
120 -6.191100 
121 -6.295100 

1 -7.747100 
2 -7.699100 
3 -7.566100 
4 -7.362100 
5 -7.101100 
6 -6.811100 
7 -6.531100 
8 -6.280100 
9 -6.056100 
10 -5.847100 
11 -5.652100 
12 -5.471100 
13 -5.306100 
14 -5.160100 
15 -5.036100 
16 -4.934100 
17 -4.856100 
18 -4.801100 
19 -4.765100 
20 -4.745100 
21 -4.739100 
22 -4.866100 
23 -4.987100 
24 -5.100100 
25 -5.204100 
26 -5.299100 
27 -5.383100 
28 -5.457100 
29 -5.520100 
30 -5.572100 
31 -5.613100 
32 -5.645100 
33 -5.668100 
34 -5.682100 
35 -5.691100 
36 -5.695100 
37 -5.695100 
38 -5.694100 
39 -5.692100 
40 -5.691100 
41 -5.690100 
42 -5.752100 
43 -5.929100 
44 -6.200100 
45 -6.544100 
46 -6.942100 
47 -7.377100 
48 -7.840100 
49 -8.320100 
50 -8.345100 
51 -8.183100 
52 -8.022100 
53 -7.876100 
54 -7.746100 
55 -7.584100 
56 -7.294100 
57 -6.895100 
58 -6.481100 
59 -6.238100 
60 -6.216100 
61 -6.207100 
62 -6.210100 
63 -6.217100 
64 -6.230100 
65 -6.248100 
66 -6.272100 
67 -6.302100 
68 -6.346100 
69 -6.465100 
70 -6.581100 
71 -6.691100 
72 -6.791100 
73 -6.879100 
74 -6.949100 
75 -6.993100 
76 -7.000100 
77 -6.962100 
78 -6.880100 
79 -6.878100 
80 -6.898100 
81 -6.905100 
82 -6.900100 
83 -7.239100 
84 -7.603100 
85 -7.780100 
86 -7.835100 
87 -7.930100 
88 -8.054100 
89 -8.196100 
90 -8.346100 
91 -8.387100 
92 -8.033100 
93 -7.676100 
94 -7.321100 
95 -6.975100 
96 -6.645100 
97 -6.342100 
98 -6.078100 
99 -5.870100 
100 -5.736100 
101 -5.690100 
102 -5.737100 
103 -5.866100 
104 -6.051100 
105 -6.262100 
106 -6.473100 
107 -6.665100 
108 -6.823100 
109 -6.940100 
110 -7.012100 
111 -7.036100 
112 -7.010100 
113 -6.938100 
114 -6.828100 
115 -6.694100 
116 -6.557100 
117 -6.438100 
118 -6.356100 
119 -6.317100 
120 -6.310100 
121 -6.295100 

1 -8.996100 
2 -9.022100 
3 -9.076100 
4 -9.075100 
5 -9.026100 
6 -9.102100 
7 -9.356100 
8 -9.754100 
9 -10.221100 
10 -10.582100 
11 -10.846100 
12 -11.091100 
13 -11.234100 
14 -11.063100 
15 -10.719100 
16 -10.366100 
17 -10.051100 
18 -9.794100 
19 -9.605100 
20 -9.490100 
21 -9.451100 
22 -9.336100 
23 -9.207100 
24 -9.067100 
25 -8.917100 
26 -8.759100 
27 -8.595100 
28 -8.429100 
29 -8.262100 
30 -8.098100 
31 -7.939100 
32 -7.788100 
33 -7.646100 
34 -7.516100 
35 -7.399100 
36 -7.298100 
37 -7.213100 
38 -6.883100 
39 -6.584100 
40 -6.401100 
41 -6.339100 
42 -6.386100 
43 -6.526100 
44 -6.758100 
45 -7.077100 
46 -7.475100 
47 -7.942100 
48 -8.461100 
49 -8.491100 
50 -8.808100 
51 -9.295100 
52 -9.771100 
53 -9.765100 
54 -9.157100 
55 -8.510100 
56 -7.919100 
57 -7.536100 
58 -7.572100 
59 -7.760100 
60 -7.899100 
61 -7.945100 
62 -7.935100 
63 -7.908100 
64 -7.868100 
65 -7.819100 
66 -7.766100 
67 -7.711100 
68 -7.657100 
69 -7.606100 
70 -7.560100 
71 -7.520100 
72 -7.486100 
73 -7.457100 
74 -7.432100 
75 -7.411100 
76 -7.394100 
77 -7.381100 
78 -7.371100 
79 -7.364100 
80 -7.361100 
81 -7.360100 
82 -7.591100 
83 -7.801100 
84 -7.772100 
85 -7.947100 
86 -8.267100 
87 -8.555100 
88 -8.805100 
89 -9.003100 
90 -8.731100 
91 -8.494100 
92 -8.633100 
93 -8.499100 
94 -8.018100 
95 -7.586100 
96 -7.211100 
97 -6.900100 
98 -6.655100 
99 -6.480100 
100 -6.374100 
101 -6.339100 
102 -6.428100 
103 -6.643100 
104 -6.942100 
105 -7.322100 
106 -7.772100 
107 -8.273100 
108 -8.792100 
109 -9.274100 
110 -9.459100 
111 -9.441100 
112 -9.389100 
113 -9.324100 
114 -9.251100 
115 -9.164100 
116 -9.046100 
117 -8.871100 
118 -8.635100 
119 -8.382100 
120 -8.194100 
121 -8.160100 

1 -8.996100 
2 -9.022100 
3 -9.076100 
4 -9.075100 
5 -9.026100 
6 -9.102100 
7 -9.356100 
8 -9.754100 
9 -10.221100 
10 -10.582100 
11 -10.846100 
12 -11.091100 
13 -11.234100 
14 -11.063100 
15 -10.719100 
16 -10.366100 
17 -10.051100 
18 -9.794100 
19 -9.605100 
20 -9.490100 
21 -9.451100 
22 -9.336100 
23 -9.207100 
24 -9.067100 
25 -8.917100 
26 -8.759100 
27 -8.595100 
28 -8.429100 
29 -8.262100 
30 -8.098100 
31 -7.939100 
32 -7.788100 
33 -7.646100 
34 -7.516100 
35 -7.399100 
36 -7.298100 
37 -7.213100 
38 -7.146100 
39 -7.098100 
40 -7.069100 
41 -7.059100 
42 -7.114100 
43 -7.277100 
44 -7.543100 
45 -7.900100 
46 -8.307100 
47 -8.594100 
48 -8.600100 
49 -9.016100 
50 -9.582100 
51 -10.138100 
52 -10.214100 
53 -9.786100 
54 -9.274100 
55 -8.916100 
56 -8.864100 
57 -9.112100 
58 -9.539100 
59 -10.041100 
60 -10.536100 
61 -10.859100 
62 -10.751100 
63 -10.558100 
64 -10.346100 
65 -10.128100 
66 -9.908100 
67 -9.689100 
68 -9.471100 
69 -9.256100 
70 -9.045100 
71 -8.840100 
72 -8.642100 
73 -8.455100 
74 -8.284100 
75 -8.136100 
76 -8.021100 
77 -7.948100 
78 -7.914100 
79 -7.908100 
80 -7.912100 
81 -7.915100 
82 -7.888100 
83 -8.084100 
84 -8.606100 
85 -9.161100 
86 -9.722100 
87 -9.651100 
88 -9.369100 
89 -9.061100 
90 -9.134100 
91 -9.174100 
92 -9.019100 
93 -8.759100 
94 -8.630100 
95 -8.308100 
96 -7.980100 
97 -7.675100 
98 -7.416100 
99 -7.221100 
100 -7.100100 
101 -7.059100 
102 -7.110100 
103 -7.260100 
104 -7.502100 
105 -7.823100 
106 -8.201100 
107 -8.610100 
108 -9.015100 
109 -9.377100 
110 -9.664100 
111 -9.860100 
112 -9.967100 
113 -10.003100 
114 -9.980100 
115 -9.910100 
116 -9.805100 
117 -9.664100 
118 -9.125100 
119 -8.666100 
120 -8.327100 
121 -8.160100 

1 -10.273100 
2 -10.075100 
3 -9.748100 
4 -9.569100 
5 -9.620100 
6 -9.770100 
7 -9.957100 
8 -10.166100 
9 -10.411100 
10 -10.805100 
11 -11.271100 
12 -11.648100 
13 -11.844100 
14 -11.928100 
15 -11.741100 
16 -11.359100 
17 -10.856100 
18 -10.327100 
19 -9.869100 
20 -9.560100 
21 -9.451100 
22 -9.553100 
23 -9.640100 
24 -9.714100 
25 -9.773100 
26 -9.819100 
27 -9.853100 
28 -9.877100 
29 -9.893100 
30 -9.900100 
31 -9.903100 
32 -9.901100 
33 -9.608100 
34 -8.962100 
35 -8.345100 
36 -7.779100 
37 -7.286100 
38 -7.146100 
39 -7.098100 
40 -7.069100 
41 -7.059100 
42 -7.323100 
43 -8.073100 
44 -9.144100 
45 -9.115100 
46 -9.095100 
47 -9.256100 
48 -9.736100 
49 -10.338100 
50 -10.452100 
51 -10.425100 
52 -10.328100 
53 -10.226100 
54 -10.648100 
55 -11.028100 
56 -11.357100 
57 -11.312100 
58 -11.220100 
59 -11.168100 
60 -11.167100 
61 -11.201100 
62 -11.218100 
63 -11.224100 
64 -11.211100 
65 -11.173100 
66 -11.105100 
67 -11.005100 
68 -10.872100 
69 -10.710100 
70 -10.523100 
71 -10.320100 
72 -10.109100 
73 -9.900100 
74 -9.702100 
75 -9.522100 
76 -9.368100 
77 -9.241100 
78 -9.144100 
79 -9.076100 
80 -9.036100 
81 -9.023100 
82 -9.120100 
83 -9.240100 
84 -9.416100 
85 -9.619100 
86 -9.823100 
87 -10.003100 
88 -10.137100 
89 -10.213100 
90 -10.126100 
91 -9.565100 
92 -9.098100 
93 -8.907100 
94 -8.869100 
95 -8.962100 
96 -9.038100 
97 -9.091100 
98 -8.700100 
99 -7.834100 
100 -7.259100 
101 -7.059100 
102 -7.275100 
103 -7.936100 
104 -8.941100 
105 -9.338100 
106 -9.402100 
107 -9.457100 
108 -9.502100 
109 -9.550100 
110 -9.821100 
111 -10.191100 
112 -10.473100 
113 -10.594100 
114 -10.501100 
115 -10.346100 
116 -10.149100 
117 -9.677100 
118 -9.545100 
119 -9.429100 
120 -9.354100 
121 -9.342100 

1 -10.273100 
2 -10.075100 
3 -9.748100 
4 -9.569100 
5 -9.620100 
6 -9.770100 
7 -9.957100 
8 -10.166100 
9 -10.411100 
10 -10.805100 
11 -11.271100 
12 -11.648100 
13 -11.844100 
14 -11.928100 
15 -11.741100 
16 -11.359100 
17 -10.856100 
18 -10.327100 
19 -9.869100 
20 -9.560100 
21 -9.451100 
22 -9.553100 
23 -9.640100 
24 -9.714100 
25 -9.773100 
26 -9.819100 
27 -9.853100 
28 -9.877100 
29 -9.893100 
30 -9.900100 
31 -9.903100 
32 -9.901100 
33 -9.896100 
34 -9.889100 
35 -9.882100 
36 -9.771100 
37 -9.610100 
38 -9.480100 
39 -9.386100 
40 -9.329100 
41 -9.309100 
42 -9.280100 
43 -9.224100 
44 -9.166100 
45 -9.858100 
46 -10.025100 
47 -10.150100 
48 -10.273100 
49 -10.383100 
50 -10.952100 
51 -10.827100 
52 -10.659100 
53 -11.126100 
54 -11.524100 
55 -11.533100 
56 -11.421100 
57 -11.631100 
58 -11.851100 
59 -11.877100 
60 -11.501100 
61 -11.203100 
62 -11.271100 
63 -11.388100 
64 -11.480100 
65 -11.532100 
66 -11.537100 
67 -11.495100 
68 -11.406100 
69 -11.272100 
70 -11.100100 
71 -10.896100 
72 -10.668100 
73 -10.426100 
74 -10.179100 
75 -9.936100 
76 -9.707100 
77 -9.501100 
78 -9.326100 
79 -9.192100 
80 -9.106100 
81 -9.077100 
82 -9.133100 
83 -9.424100 
84 -9.839100 
85 -10.114100 
86 -9.901100 
87 -10.270100 
88 -10.783100 
89 -10.686100 
90 -10.230100 
91 -10.206100 
92 -10.169100 
93 -10.136100 
94 -10.106100 
95 -10.070100 
96 -10.027100 
97 -9.826100 
98 -9.206100 
99 -9.240100 
100 -9.287100 
101 -9.309100 
102 -9.305100 
103 -9.309100 
104 -9.362100 
105 -10.009100 
106 -10.088100 
107 -10.178100 
108 -10.277100 
109 -10.383100 
110 -10.487100 
111 -10.573100 
112 -10.616100 
113 -10.643100 
114 -10.697100 
115 -10.635100 
116 -10.246100 
117 -9.932100 
118 -9.719100 
119 -9.535100 
120 -9.404100 
121 -9.342100 

1 -11.107100 
2 -11.309100 
3 -11.696100 
4 -12.105100 
5 -12.478100 
6 -12.777100 
7 -12.972100 
8 -13.044100 
9 -12.986100 
10 -12.807100 
11 -12.533100 
12 -12.214100 
13 -11.996100 
14 -12.003100 
15 -12.256100 
16 -12.551100 
17 -12.836100 
18 -13.085100 
19 -13.278100 
20 -13.401100 
21 -13.443100 
22 -13.304100 
23 -13.121100 
24 -12.902100 
25 -12.656100 
26 -12.389100 
27 -12.107100 
28 -11.818100 
29 -11.526100 
30 -11.235100 
31 -10.893100 
32 -10.260100 
33 -9.896100 
34 -9.889100 
35 -9.882100 
36 -9.875100 
37 -9.868100 
38 -9.863100 
39 -9.859100 
40 -9.856100 
41 -9.855100 
42 -9.868100 
43 -9.911100 
44 -10.027100 
45 -10.693100 
46 -11.270100 
47 -11.506100 
48 -11.590100 
49 -11.498100 
50 -11.240100 
51 -11.536100 
52 -12.026100 
53 -11.819100 
54 -11.653100 
55 -11.845100 
56 -12.087100 
57 -12.251100 
58 -12.214100 
59 -12.021100 
60 -12.155100 
61 -12.264100 
62 -12.208100 
63 -12.141100 
64 -12.063100 
65 -11.977100 
66 -11.882100 
67 -11.780100 
68 -11.672100 
69 -11.558100 
70 -11.441100 
71 -11.322100 
72 -11.202100 
73 -11.084100 
74 -10.970100 
75 -10.862100 
76 -10.765100 
77 -10.679100 
78 -10.609100 
79 -10.556100 
80 -10.524100 
81 -10.513100 
82 -10.487100 
83 -10.411100 
84 -10.285100 
85 -10.343100 
86 -10.910100 
87 -11.518100 
88 -11.232100 
89 -11.231100 
90 -11.584100 
91 -11.813100 
92 -11.900100 
93 -11.841100 
94 -11.647100 
95 -11.328100 
96 -10.796100 
97 -9.978100 
98 -9.931100 
99 -9.891100 
100 -9.864100 
101 -9.855100 
102 -9.865100 
103 -9.895100 
104 -9.944100 
105 -10.216100 
106 -11.156100 
107 -11.682100 
108 -12.114100 
109 -12.449100 
110 -12.641100 
111 -12.646100 
112 -12.435100 
113 -12.023100 
114 -11.483100 
115 -10.896100 
116 -10.547100 
117 -10.388100 
118 -10.279100 
119 -10.242100 
120 -10.273100 
121 -10.360100 

1 -11.107100 
2 -11.309100 
3 -11.696100 
4 -12.105100 
5 -12.478100 
6 -12.777100 
7 -12.972100 
8 -13.044100 
9 -12.986100 
10 -12.807100 
11 -12.533100 
12 -12.214100 
13 -11.996100 
14 -12.003100 
15 -12.256100 
16 -12.551100 
17 -12.836100 
18 -13.085100 
19 -13.278100 
20 -13.401100 
21 -13.443100 
22 -13.529100 
23 -13.553100 
24 -13.506100 
25 -13.380100 
26 -13.170100 
27 -12.873100 
28 -12.489100 
29 -12.024100 
30 -11.487100 
31 -10.951100 
32 -10.678100 
33 -10.419100 
34 -10.180100 
35 -9.962100 
36 -9.875100 
37 -9.868100 
38 -9.863100 
39 -9.859100 
40 -9.856100 
41 -9.855100 
42 -9.955100 
43 -10.209100 
44 -10.555100 
45 -10.930100 
46 -11.851100 
47 -12.763100 
48 -13.248100 
49 -13.298100 
50 -13.011100 
51 -12.552100 
52 -12.111100 
53 -12.396100 
54 -12.626100 
55 -12.710100 
56 -12.656100 
57 -12.482100 
58 -12.345100 
59 -12.374100 
60 -12.346100 
61 -12.268100 
62 -12.318100 
63 -12.368100 
64 -12.420100 
65 -12.474100 
66 -12.532100 
67 -12.594100 
68 -12.661100 
69 -12.732100 
70 -12.806100 
71 -12.883100 
72 -12.962100 
73 -13.040100 
74 -13.116100 
75 -13.187100 
76 -13.252100 
77 -13.308100 
78 -13.355100 
79 -13.389100 
80 -13.410100 
81 -13.417100 
82 -13.365100 
83 -13.212100 
84 -12.962100 
85 -12.627100 
86 -12.218100 
87 -11.747100 
88 -12.135100 
89 -12.722100 
90 -13.226100 
91 -13.579100 
92 -13.704100 
93 -13.533100 
94 -13.031100 
95 -12.234100 
96 -11.354100 
97 -10.807100 
98 -10.431100 
99 -10.134100 
100 -9.931100 
101 -9.855100 
102 -9.933100 
103 -10.148100 
104 -10.473100 
105 -10.906100 
106 -11.639100 
107 -12.605100 
108 -13.303100 
109 -13.647100 
110 -13.672100 
111 -13.465100 
112 -13.130100 
113 -12.738100 
114 -12.312100 
115 -11.879100 
116 -11.484100 
117 -11.155100 
118 -10.888100 
119 -10.669100 
120 -10.493100 
121 -10.360100 

