1 21.857400 
2 21.854500 
3 21.845600 
4 21.831800 
5 21.814400 
6 21.794800 
7 21.775200 
8 21.757500 
9 21.743100 
10 21.733900 
11 21.730700 
12 21.728000 
13 21.719400 
14 21.704900 
15 21.684400 
16 21.658000 
17 21.626100 
18 21.588400 
19 21.545300 
20 21.497400 
21 21.445300 
22 21.389700 
23 21.332200 
24 21.274100 
25 21.217500 
26 21.164400 
27 21.117000 
28 21.077300 
29 21.047600 
30 21.028800 
31 21.022600 
32 21.048600 
33 21.123700 
34 21.238400 
35 21.379400 
36 21.531600 
37 21.679500 
38 21.809700 
39 21.911000 
40 21.974900 
41 21.996900 
42 21.993500 
43 21.983800 
44 21.968600 
45 21.949300 
46 21.928000 
47 21.906300 
48 21.886600 
49 21.871000 
50 21.861000 
51 21.857400 
52 21.853500 
53 21.841400 
54 21.821200 
55 21.793500 
56 21.758100 
57 21.715700 
58 21.666800 
59 21.611900 
60 21.552300 
61 21.488700 
62 21.422800 
63 21.356200 
64 21.290700 
65 21.228200 
66 21.170800 
67 21.120400 
68 21.079000 
69 21.048100 
70 21.029000 
71 21.022600 
72 21.028800 
73 21.047600 
74 21.077300 
75 21.117000 
76 21.164400 
77 21.217500 
78 21.274100 
79 21.332200 
80 21.389700 
81 21.445300 
82 21.497400 
83 21.545300 
84 21.588400 
85 21.626100 
86 21.658000 
87 21.684400 
88 21.704900 
89 21.719400 
90 21.728000 
91 21.730700 

1 21.857400 
2 21.854500 
3 21.845600 
4 21.831800 
5 21.814400 
6 21.794800 
7 21.775200 
8 21.757500 
9 21.743100 
10 21.733900 
11 21.730700 
12 21.727000 
13 21.715900 
14 21.697400 
15 21.672000 
16 21.639800 
17 21.601700 
18 21.558000 
19 21.509700 
20 21.457800 
21 21.403300 
22 21.347500 
23 21.291900 
24 21.237700 
25 21.186700 
26 21.140300 
27 21.099900 
28 21.067000 
29 21.042700 
30 21.027700 
31 21.022600 
32 21.020400 
33 21.014000 
34 21.004200 
35 20.991600 
36 20.977800 
37 20.963800 
38 20.951100 
39 20.941000 
40 20.934600 
41 20.932400 
42 20.956900 
43 21.027700 
44 21.136100 
45 21.269700 
46 21.414100 
47 21.554800 
48 21.678700 
49 21.775300 
50 21.836600 
51 21.857400 
52 21.852800 
53 21.838700 
54 21.815500 
55 21.783700 
56 21.743700 
57 21.696700 
58 21.643300 
59 21.584900 
60 21.522600 
61 21.457900 
62 21.392300 
63 21.327600 
64 21.265100 
65 21.206800 
66 21.154300 
67 21.108900 
68 21.072000 
69 21.044900 
70 21.028200 
71 21.022600 
72 21.027700 
73 21.042700 
74 21.067000 
75 21.099900 
76 21.140300 
77 21.186700 
78 21.237700 
79 21.291900 
80 21.347500 
81 21.403300 
82 21.457800 
83 21.509700 
84 21.558000 
85 21.601700 
86 21.639800 
87 21.672000 
88 21.697400 
89 21.715900 
90 21.727000 
91 21.730700 

1 20.846900 
2 20.870400 
3 20.937500 
4 21.040700 
5 21.168100 
6 21.305900 
7 21.440400 
8 21.559400 
9 21.652100 
10 21.710800 
11 21.730700 
12 21.727000 
13 21.715900 
14 21.697400 
15 21.672000 
16 21.639800 
17 21.601700 
18 21.558000 
19 21.509700 
20 21.457800 
21 21.403300 
22 21.347500 
23 21.291900 
24 21.237700 
25 21.186700 
26 21.140300 
27 21.099900 
28 21.067000 
29 21.042700 
30 21.027700 
31 21.022600 
32 21.020400 
33 21.014000 
34 21.004200 
35 20.991600 
36 20.977800 
37 20.963800 
38 20.951100 
39 20.941000 
40 20.934600 
41 20.932400 
42 20.930200 
43 20.924300 
44 20.914900 
45 20.903100 
46 20.890000 
47 20.876700 
48 20.864800 
49 20.855300 
50 20.849100 
51 20.846900 
52 20.848100 
53 20.851200 
54 20.856400 
55 20.863600 
56 20.872400 
57 20.882700 
58 20.894400 
59 20.907100 
60 20.920400 
61 20.934100 
62 20.947900 
63 20.961400 
64 20.974100 
65 20.986000 
66 20.996600 
67 21.005600 
68 21.012800 
69 21.018200 
70 21.021500 
71 21.022600 
72 21.027700 
73 21.042700 
74 21.067000 
75 21.099900 
76 21.140300 
77 21.186700 
78 21.237700 
79 21.291900 
80 21.347500 
81 21.403300 
82 21.457800 
83 21.509700 
84 21.558000 
85 21.601700 
86 21.639800 
87 21.672000 
88 21.697400 
89 21.715900 
90 21.727000 
91 21.730700 

1 2.052900 
2 2.029500 
3 1.960200 
4 1.847600 
5 1.696700 
6 1.515500 
7 1.316100 
8 1.116400 
9 0.940700 
10 0.817800 
11 0.773300 
12 0.782400 
13 0.806800 
14 0.838500 
15 0.869300 
16 0.894100 
17 0.914700 
18 0.942600 
19 1.001500 
20 1.124500 
21 1.341400 
22 1.656400 
23 2.043300 
24 2.462100 
25 2.876500 
26 3.259800 
27 3.593200 
28 3.863900 
29 4.063000 
30 4.184700 
31 4.225700 
32 4.171500 
33 4.014700 
34 3.771000 
35 3.461900 
36 3.109600 
37 2.735300 
38 2.361600 
39 2.020300 
40 1.763900 
41 1.664800 
42 1.599000 
43 1.416100 
44 1.157800 
45 0.878100 
46 0.986700 
47 1.348600 
48 1.647600 
49 1.870000 
50 2.006800 
51 2.052900 
52 2.029900 
53 1.962300 
54 1.855100 
55 1.719200 
56 1.577000 
57 1.474100 
58 1.476000 
59 1.608400 
60 1.834600 
61 2.113100 
62 2.417100 
63 2.728700 
64 3.034000 
65 3.321200 
66 3.580600 
67 3.803900 
68 3.984500 
69 4.117300 
70 4.198400 
71 4.225700 
72 4.184700 
73 4.063000 
74 3.863900 
75 3.593200 
76 3.259800 
77 2.876500 
78 2.462100 
79 2.043300 
80 1.656400 
81 1.341400 
82 1.124500 
83 1.001500 
84 0.942600 
85 0.914700 
86 0.894100 
87 0.869300 
88 0.838500 
89 0.806800 
90 0.782400 
91 0.773300 

1 -0.115000 
2 -0.220600 
3 -0.534000 
4 -1.045400 
5 -1.033400 
6 -0.501000 
7 -0.052400 
8 0.304500 
9 0.563500 
10 0.720600 
11 0.773300 
12 0.746100 
13 0.665000 
14 0.531000 
15 0.346100 
16 0.113900 
17 -0.160100 
18 -0.465500 
19 -0.780300 
20 -1.050400 
21 -1.154000 
22 -1.006000 
23 -0.716900 
24 -0.397300 
25 -0.092300 
26 0.179800 
27 0.410100 
28 0.593300 
29 0.726300 
30 0.806900 
31 0.833900 
32 0.818200 
33 0.772000 
34 0.698200 
35 0.601800 
36 0.490000 
37 0.372300 
38 0.260600 
39 0.167600 
40 0.105700 
41 0.083900 
42 0.032800 
43 -0.129500 
44 0.165200 
45 0.582200 
46 0.615000 
47 0.381200 
48 0.181300 
49 0.023600 
50 -0.079100 
51 -0.115000 
52 -0.096900 
53 -0.043800 
54 0.040500 
55 0.147400 
56 0.258300 
57 0.334700 
58 0.323600 
59 0.221000 
60 0.097700 
61 0.030800 
62 0.052000 
63 0.142300 
64 0.266800 
65 0.399100 
66 0.523600 
67 0.631700 
68 0.718800 
69 0.782300 
70 0.820900 
71 0.833900 
72 0.806900 
73 0.726300 
74 0.593300 
75 0.410100 
76 0.179800 
77 -0.092300 
78 -0.397300 
79 -0.716900 
80 -1.006000 
81 -1.154000 
82 -1.050400 
83 -0.780300 
84 -0.465500 
85 -0.160100 
86 0.113900 
87 0.346100 
88 0.531000 
89 0.665000 
90 0.746100 
91 0.773300 

1 -3.454600 
2 -2.987400 
3 -2.301700 
4 -1.638900 
5 -1.033400 
6 -0.501000 
7 -0.052400 
8 0.304500 
9 0.563500 
10 0.720600 
11 0.773300 
12 0.746100 
13 0.665000 
14 0.531000 
15 0.346100 
16 0.113900 
17 -0.160100 
18 -0.465500 
19 -0.780300 
20 -1.050400 
21 -1.154000 
22 -1.006000 
23 -0.716900 
24 -0.397300 
25 -0.092300 
26 0.179800 
27 0.410100 
28 0.593300 
29 0.726300 
30 0.806900 
31 0.833900 
32 0.777800 
33 0.612900 
34 0.351000 
35 0.020400 
36 -0.325800 
37 -0.608800 
38 -0.753600 
39 -0.747100 
40 -0.663000 
41 -0.615200 
42 -0.505900 
43 -0.219400 
44 -0.427300 
45 -0.885100 
46 -1.498300 
47 -2.218800 
48 -2.963900 
49 -3.386000 
50 -3.436800 
51 -3.454600 
52 -3.457900 
53 -3.468500 
54 -3.487400 
55 -3.516500 
56 -3.182600 
57 -2.808700 
58 -2.417100 
59 -2.020200 
60 -1.627600 
61 -1.247500 
62 -0.886400 
63 -0.549600 
64 -0.241800 
65 0.033000 
66 0.271500 
67 0.470600 
68 0.628100 
69 0.741900 
70 0.810800 
71 0.833900 
72 0.806900 
73 0.726300 
74 0.593300 
75 0.410100 
76 0.179800 
77 -0.092300 
78 -0.397300 
79 -0.716900 
80 -1.006000 
81 -1.154000 
82 -1.050400 
83 -0.780300 
84 -0.465500 
85 -0.160100 
86 0.113900 
87 0.346100 
88 0.531000 
89 0.665000 
90 0.746100 
91 0.773300 

1 -3.454600 
2 -2.987400 
3 -2.301700 
4 -1.638900 
5 -1.739300 
6 -2.596400 
7 -3.593100 
8 -4.701200 
9 -5.588600 
10 -5.282300 
11 -5.176500 
12 -5.256200 
13 -5.490600 
14 -5.866900 
15 -5.521000 
16 -4.881600 
17 -4.273600 
18 -3.708400 
19 -3.207400 
20 -2.822900 
21 -2.673600 
22 -2.839600 
23 -3.080100 
24 -3.352600 
25 -3.725100 
26 -4.159400 
27 -4.617100 
28 -5.055500 
29 -5.425100 
30 -5.674400 
31 -5.762700 
32 -5.632600 
33 -5.295900 
34 -4.854400 
35 -4.388200 
36 -3.946800 
37 -3.559400 
38 -3.244000 
39 -3.011900 
40 -2.870100 
41 -2.822400 
42 -2.836000 
43 -2.876000 
44 -2.939500 
45 -3.022000 
46 -3.117000 
47 -3.216000 
48 -3.309200 
49 -3.623100 
50 -3.500600 
51 -3.454600 
52 -3.465300 
53 -3.497300 
54 -3.550400 
55 -3.524200 
56 -3.261400 
57 -2.952500 
58 -2.667400 
59 -2.444000 
60 -2.330200 
61 -2.372100 
62 -2.582600 
63 -2.928800 
64 -3.361900 
65 -3.838900 
66 -4.324100 
67 -4.784000 
68 -5.185700 
69 -5.497800 
70 -5.695300 
71 -5.762700 
72 -5.674400 
73 -5.425100 
74 -5.055500 
75 -4.617100 
76 -4.159400 
77 -3.725100 
78 -3.352600 
79 -3.080100 
80 -2.839600 
81 -2.673600 
82 -2.822900 
83 -3.207400 
84 -3.708400 
85 -4.273600 
86 -4.881600 
87 -5.521000 
88 -5.866900 
89 -5.490600 
90 -5.256200 
91 -5.176500 

1 -4.233400 
2 -4.714500 
3 -5.438800 
4 -6.155900 
5 -6.820600 
6 -7.407800 
7 -6.689000 
8 -6.068100 
9 -5.882700 
10 -7.071600 
11 -7.902000 
12 -7.505200 
13 -6.855400 
14 -6.183000 
15 -5.521000 
16 -4.881600 
17 -4.273600 
18 -3.708400 
19 -3.207400 
20 -2.822900 
21 -2.673600 
22 -2.839600 
23 -3.202900 
24 -3.643600 
25 -4.103600 
26 -4.549000 
27 -4.953300 
28 -5.293200 
29 -5.549700 
30 -5.708800 
31 -5.762700 
32 -5.632600 
33 -5.295900 
34 -4.854400 
35 -4.388200 
36 -3.946800 
37 -3.559400 
38 -3.244000 
39 -3.011900 
40 -2.870100 
41 -2.822400 
42 -2.877800 
43 -3.016900 
44 -3.196200 
45 -3.390900 
46 -3.589200 
47 -3.782400 
48 -3.859600 
49 -3.637100 
50 -4.074700 
51 -4.233400 
52 -4.184600 
53 -4.042000 
54 -3.816600 
55 -3.563900 
56 -3.557800 
57 -3.613900 
58 -3.686800 
59 -3.778800 
60 -3.891400 
61 -4.025700 
62 -4.181900 
63 -4.359300 
64 -4.556100 
65 -4.768600 
66 -4.990900 
67 -5.213600 
68 -5.422900 
69 -5.599400 
70 -5.719700 
71 -5.762700 
72 -5.708800 
73 -5.549700 
74 -5.293200 
75 -4.953300 
76 -4.549000 
77 -4.103600 
78 -3.643600 
79 -3.202900 
80 -2.839600 
81 -2.673600 
82 -2.822900 
83 -3.207400 
84 -3.708400 
85 -4.273600 
86 -4.881600 
87 -5.521000 
88 -6.183000 
89 -6.855400 
90 -7.505200 
91 -7.902000 

1 -4.233400 
2 -4.714500 
3 -5.438800 
4 -6.155900 
5 -6.820600 
6 -7.407800 
7 -7.820800 
8 -7.853300 
9 -7.879300 
10 -7.896200 
11 -7.902000 
12 -7.505200 
13 -6.855400 
14 -6.183000 
15 -6.365400 
16 -5.850700 
17 -5.059200 
18 -4.333300 
19 -3.718200 
20 -3.261300 
21 -3.001700 
22 -2.949300 
23 -3.202900 
24 -3.643600 
25 -4.103600 
26 -4.549000 
27 -4.953300 
28 -5.293200 
29 -5.549700 
30 -5.708800 
31 -5.762700 
32 -5.770300 
33 -5.792500 
34 -5.827300 
35 -5.871800 
36 -5.922100 
37 -5.973400 
38 -6.020500 
39 -6.058500 
40 -6.083200 
41 -6.091700 
42 -5.991600 
43 -5.720700 
44 -5.344700 
45 -4.929200 
46 -4.523200 
47 -4.159600 
48 -3.958900 
49 -4.103500 
50 -4.199600 
51 -4.233400 
52 -4.185700 
53 -4.047800 
54 -3.833800 
55 -3.623900 
56 -3.717200 
57 -3.829200 
58 -3.958600 
59 -4.103700 
60 -4.262400 
61 -4.432200 
62 -4.610100 
63 -4.792200 
64 -4.974200 
65 -5.150900 
66 -5.316600 
67 -5.465000 
68 -5.589400 
69 -5.683700 
70 -5.742700 
71 -5.762700 
72 -5.708800 
73 -5.549700 
74 -5.293200 
75 -4.953300 
76 -4.549000 
77 -4.103600 
78 -3.643600 
79 -3.202900 
80 -2.949300 
81 -3.001700 
82 -3.261300 
83 -3.718200 
84 -4.333300 
85 -5.059200 
86 -5.850700 
87 -6.365400 
88 -6.183000 
89 -6.855400 
90 -7.505200 
91 -7.902000 

1 -7.673400 
2 -7.678700 
3 -7.694400 
4 -7.719000 
5 -7.750200 
6 -7.421200 
7 -7.902200 
8 -8.294900 
9 -8.580500 
10 -8.754400 
11 -8.812800 
12 -8.630800 
13 -8.139700 
14 -7.451800 
15 -6.667600 
16 -6.971000 
17 -7.650500 
18 -8.373500 
19 -9.088400 
20 -9.715400 
21 -10.158800 
22 -10.375100 
23 -10.413800 
24 -10.357000 
25 -10.266900 
26 -10.181900 
27 -10.126300 
28 -10.114400 
29 -10.147200 
30 -10.201200 
31 -10.228900 
32 -9.957700 
33 -9.331400 
34 -8.612300 
35 -7.954300 
36 -7.461500 
37 -7.227700 
38 -7.320700 
39 -7.720700 
40 -8.256500 
41 -8.540400 
42 -8.535800 
43 -8.518600 
44 -8.479100 
45 -8.401300 
46 -8.269700 
47 -8.087500 
48 -7.893800 
49 -7.748700 
50 -7.684400 
51 -7.673400 
52 -7.677300 
53 -7.692200 
54 -7.725300 
55 -7.783100 
56 -7.869400 
57 -7.984900 
58 -8.128100 
59 -8.296500 
60 -8.486500 
61 -8.694000 
62 -8.913600 
63 -9.138900 
64 -9.362400 
65 -9.575200 
66 -9.678600 
67 -9.783900 
68 -9.914000 
69 -10.057500 
70 -10.179300 
71 -10.228900 
72 -10.201200 
73 -10.147200 
74 -10.114400 
75 -10.126300 
76 -10.181900 
77 -10.266900 
78 -10.357000 
79 -10.413800 
80 -10.375100 
81 -10.158800 
82 -9.715400 
83 -9.088400 
84 -8.373500 
85 -7.650500 
86 -6.971000 
87 -6.667600 
88 -7.451800 
89 -8.139700 
90 -8.630800 
91 -8.812800 

1 -11.132100 
2 -10.763000 
3 -9.985400 
4 -9.107700 
5 -8.237500 
6 -7.785300 
7 -7.902200 
8 -8.294900 
9 -8.580500 
10 -8.754400 
11 -8.812800 
12 -9.210500 
13 -9.858900 
14 -10.514600 
15 -11.118100 
16 -11.615800 
17 -11.950100 
20 -11.928300 
21 -11.733400 
22 -11.514000 
23 -11.290600 
24 -11.074800 
25 -10.874000 
26 -10.692800 
27 -10.535500 
28 -10.406100 
29 -10.309400 
30 -10.249300 
31 -10.228900 
32 -10.377200 
33 -10.764200 
34 -11.277900 
35 -11.827500 
36 -11.205900 
37 -10.526600 
38 -9.976500 
39 -9.569700 
40 -9.319100 
41 -9.234500 
42 -9.361300 
43 -9.720200 
44 -10.253600 
45 -10.880500 
46 -11.246600 
47 -10.946100 
48 -10.846200 
49 -10.946300 
50 -11.193500 
51 -11.132100 
52 -11.142700 
53 -10.897500 
54 -10.530200 
55 -10.191900 
56 -9.911000 
57 -9.695200 
58 -9.544000 
59 -9.451500 
60 -9.408800 
61 -9.405300 
62 -9.429800 
63 -9.472800 
64 -9.528400 
65 -9.595500 
66 -9.768100 
67 -9.932800 
68 -10.063000 
69 -10.155800 
70 -10.210700 
71 -10.228900 
72 -10.249300 
73 -10.309400 
74 -10.406100 
75 -10.535500 
76 -10.692800 
77 -10.874000 
78 -11.074800 
79 -11.290600 
80 -11.514000 
81 -11.733400 
82 -11.928300 
85 -11.950100 
86 -11.615800 
87 -11.118100 
88 -10.514600 
89 -9.858900 
90 -9.210500 
91 -8.812800 

1 -11.467100 
2 -11.469300 
3 -11.473600 
4 -11.471500 
5 -11.447300 
6 -11.374200 
7 -11.207900 
8 -10.882100 
9 -10.324200 
10 -9.518100 
11 -8.812800 
12 -9.210500 
13 -9.858900 
14 -10.514600 
15 -11.118100 
16 -11.615800 
17 -11.950100 
20 -11.928300 
21 -11.733400 
22 -11.514000 
23 -11.290600 
24 -11.074800 
25 -10.874000 
26 -10.692800 
27 -10.535500 
28 -10.406100 
29 -10.309400 
30 -10.249300 
31 -10.228900 
32 -10.377200 
33 -10.764200 
34 -11.277900 
35 -11.827500 
45 -11.733800 
46 -11.506900 
47 -11.848300 
48 -11.609300 
49 -11.365000 
50 -11.230200 
51 -11.467100 
52 -11.340900 
53 -11.380100 
54 -11.589100 
55 -11.844300 
66 -11.817700 
67 -11.304500 
68 -10.866400 
69 -10.525000 
70 -10.305200 
71 -10.228900 
72 -10.249300 
73 -10.309400 
74 -10.406100 
75 -10.535500 
76 -10.692800 
77 -10.874000 
78 -11.074800 
79 -11.290600 
80 -11.514000 
81 -11.733400 
82 -11.928300 
85 -11.950100 
86 -11.615800 
87 -11.118100 
88 -10.514600 
89 -9.858900 
90 -9.210500 
91 -8.812800 














