1 21.853700 
2 21.849500 
3 21.837300 
4 21.818400 
5 21.794200 
6 21.767400 
7 21.740200 
8 21.715600 
9 21.695800 
10 21.683000 
11 21.678600 
12 21.675000 
13 21.664600 
14 21.646700 
15 21.621500 
16 21.588700 
17 21.548700 
18 21.501200 
19 21.446300 
20 21.384900 
21 21.317400 
22 21.245100 
23 21.169400 
24 21.092600 
25 21.017200 
26 20.945800 
27 20.881500 
28 20.827300 
29 20.786300 
30 20.760700 
31 20.752000 
32 20.787500 
33 20.889400 
34 21.044400 
35 21.233600 
36 21.436100 
37 21.631900 
38 21.803100 
39 21.935600 
40 22.019300 
41 22.047600 
42 22.043100 
43 22.029800 
44 22.008700 
45 21.982100 
46 21.952300 
47 21.922100 
48 21.894700 
49 21.872800 
50 21.858600 
51 21.853700 
52 21.848600 
53 21.833200 
54 21.807700 
55 21.772300 
56 21.727100 
57 21.672600 
58 21.609300 
59 21.538200 
60 21.460400 
61 21.377200 
62 21.290500 
63 21.202400 
64 21.115000 
65 21.031300 
66 20.953900 
67 20.885600 
68 20.829200 
69 20.786900 
70 20.760800 
71 20.752000 
72 20.760700 
73 20.786300 
74 20.827300 
75 20.881500 
76 20.945800 
77 21.017200 
78 21.092600 
79 21.169400 
80 21.245100 
81 21.317400 
82 21.384900 
83 21.446300 
84 21.501200 
85 21.548700 
86 21.588700 
87 21.621500 
88 21.646700 
89 21.664600 
90 21.675000 
91 21.678600 

1 21.853700 
2 21.849500 
3 21.837300 
4 21.818400 
5 21.794200 
6 21.767400 
7 21.740200 
8 21.715600 
9 21.695800 
10 21.683000 
11 21.678600 
12 21.673800 
13 21.659700 
14 21.636500 
15 21.604200 
16 21.563200 
17 21.514300 
18 21.458300 
19 21.396100 
20 21.328900 
21 21.257900 
22 21.185000 
23 21.111800 
24 21.040300 
25 20.972500 
26 20.910500 
27 20.856400 
28 20.812100 
29 20.779100 
30 20.758900 
31 20.752000 
32 20.749000 
33 20.740400 
34 20.727000 
35 20.709900 
36 20.691000 
37 20.671900 
38 20.654700 
39 20.640800 
40 20.631900 
41 20.628700 
42 20.662100 
43 20.757500 
44 20.902900 
45 21.081100 
46 21.272500 
47 21.457900 
48 21.620600 
49 21.746700 
50 21.826600 
51 21.853700 
52 21.847600 
53 21.829400 
54 21.799400 
55 21.758200 
56 21.706600 
57 21.645400 
58 21.575900 
59 21.499700 
60 21.418200 
61 21.333100 
62 21.246700 
63 21.160900 
64 21.077900 
65 21.000000 
66 20.929500 
67 20.868500 
68 20.818800 
69 20.782100 
70 20.759600 
71 20.752000 
72 20.758900 
73 20.779100 
74 20.812100 
75 20.856400 
76 20.910500 
77 20.972500 
78 21.040300 
79 21.111800 
80 21.185000 
81 21.257900 
82 21.328900 
83 21.396100 
84 21.458300 
85 21.514300 
86 21.563200 
87 21.604200 
88 21.636500 
89 21.659700 
90 21.673800 
91 21.678600 

1 20.512800 
2 20.544200 
3 20.634300 
4 20.772200 
5 20.941300 
6 21.123500 
7 21.300300 
8 21.455800 
9 21.576500 
10 21.652500 
11 21.678600 
12 21.673800 
13 21.659700 
14 21.636500 
15 21.604200 
16 21.563200 
17 21.514300 
18 21.458300 
19 21.396100 
20 21.328900 
21 21.257900 
22 21.185000 
23 21.111800 
24 21.040300 
25 20.972500 
26 20.910500 
27 20.856400 
28 20.812100 
29 20.779100 
30 20.758900 
31 20.752000 
32 20.749000 
33 20.740400 
34 20.727000 
35 20.709900 
36 20.691000 
37 20.671900 
38 20.654700 
39 20.640800 
40 20.631900 
41 20.628700 
42 20.626000 
43 20.617900 
44 20.605200 
45 20.589100 
46 20.571200 
47 20.553200 
48 20.537000 
49 20.524000 
50 20.515700 
51 20.512800 
52 20.514300 
53 20.518600 
54 20.525700 
55 20.535300 
56 20.547300 
57 20.561400 
58 20.577300 
59 20.594600 
60 20.612900 
61 20.631600 
62 20.650400 
63 20.668700 
64 20.686200 
65 20.702200 
66 20.716600 
67 20.728900 
68 20.738800 
69 20.746000 
70 20.750500 
71 20.752000 
72 20.758900 
73 20.779100 
74 20.812100 
75 20.856400 
76 20.910500 
77 20.972500 
78 21.040300 
79 21.111800 
80 21.185000 
81 21.257900 
82 21.328900 
83 21.396100 
84 21.458300 
85 21.514300 
86 21.563200 
87 21.604200 
88 21.636500 
89 21.659700 
90 21.673800 
91 21.678600 

1 2.398800 
2 2.373200 
3 2.297200 
4 2.173700 
5 2.007900 
6 1.808100 
7 1.587600 
8 1.365700 
9 1.169300 
10 1.031200 
11 0.981000 
12 0.989900 
13 1.013000 
14 1.040800 
15 1.062800 
16 1.071700 
17 1.067300 
18 1.058900 
19 1.068800 
20 1.133200 
21 1.292500 
22 1.568300 
23 1.944000 
24 2.376000 
25 2.818800 
26 3.237000 
27 3.605500 
28 3.907200 
29 4.130400 
30 4.267200 
31 4.313300 
32 4.252400 
33 4.077700 
34 3.810300 
35 3.477100 
36 3.103800 
37 2.711800 
38 2.322800 
39 1.968300 
40 1.702400 
41 1.599700 
42 1.525600 
43 1.324400 
44 1.053900 
45 0.776700 
46 1.139900 
47 1.570200 
48 1.923200 
49 2.184500 
50 2.344800 
51 2.398800 
52 2.371800 
53 2.292200 
54 2.164200 
55 1.996900 
56 1.808300 
57 1.635600 
58 1.546600 
59 1.603700 
60 1.790800 
61 2.054900 
62 2.359300 
63 2.681100 
64 3.003600 
65 3.312500 
66 3.595400 
67 3.841900 
68 4.042800 
69 4.191400 
70 4.282600 
71 4.313300 
72 4.267200 
73 4.130400 
74 3.907200 
75 3.605500 
76 3.237000 
77 2.818800 
78 2.376000 
79 1.944000 
80 1.568300 
81 1.292500 
82 1.133200 
83 1.068800 
84 1.058900 
85 1.067300 
86 1.071700 
87 1.062800 
88 1.040800 
89 1.013000 
90 0.989900 
91 0.981000 

1 -0.218200 
2 -0.338900 
3 -0.696100 
4 -1.276900 
5 -1.066600 
6 -0.463400 
7 0.044900 
8 0.449400 
9 0.743100 
10 0.921300 
11 0.981000 
12 0.950800 
13 0.860500 
14 0.711200 
15 0.505000 
16 0.245200 
17 -0.062700 
18 -0.409000 
19 -0.773200 
20 -1.104700 
21 -1.273700 
22 -1.143000 
23 -0.819600 
24 -0.449800 
25 -0.093900 
26 0.224900 
27 0.495500 
28 0.711300 
29 0.868100 
30 0.963300 
31 0.995200 
32 0.977700 
33 0.926300 
34 0.844000 
35 0.736300 
36 0.611100 
37 0.479000 
38 0.353000 
39 0.247900 
40 0.177700 
41 0.153000 
42 0.092800 
43 -0.101800 
44 0.141900 
45 0.653300 
46 0.521800 
47 0.291900 
48 0.090100 
49 -0.072800 
50 -0.180400 
51 -0.218200 
52 -0.199100 
53 -0.142800 
54 -0.052800 
55 0.063800 
56 0.192500 
57 0.303100 
58 0.340800 
59 0.267400 
60 0.138500 
61 0.055000 
62 0.072500 
63 0.177000 
64 0.325400 
65 0.483400 
66 0.631300 
67 0.758900 
68 0.861100 
69 0.935300 
70 0.980200 
71 0.995200 
72 0.963300 
73 0.868100 
74 0.711300 
75 0.495500 
76 0.224900 
77 -0.093900 
78 -0.449800 
79 -0.819600 
80 -1.143000 
81 -1.273700 
82 -1.104700 
83 -0.773200 
84 -0.409000 
85 -0.062700 
86 0.245200 
87 0.505000 
88 0.711200 
89 0.860500 
90 0.950800 
91 0.981000 

1 -3.761700 
2 -3.268100 
3 -2.501400 
4 -1.752300 
5 -1.066600 
6 -0.463400 
7 0.044900 
8 0.449400 
9 0.743100 
10 0.921300 
11 0.981000 
12 0.950800 
13 0.860500 
14 0.711200 
15 0.505000 
16 0.245200 
17 -0.062700 
18 -0.409000 
19 -0.773200 
20 -1.104700 
21 -1.273700 
22 -1.143000 
23 -0.819600 
24 -0.449800 
25 -0.093900 
26 0.224900 
27 0.495500 
28 0.711300 
29 0.868100 
30 0.963300 
31 0.995200 
32 0.927800 
33 0.728300 
34 0.408900 
35 0.000700 
36 -0.432700 
37 -0.794600 
38 -0.990900 
39 -1.004600 
40 -0.922400 
41 -0.873400 
42 -0.722700 
43 -0.344200 
44 -0.467000 
45 -1.029900 
46 -1.768200 
47 -2.612600 
48 -3.462400 
49 -3.681700 
50 -3.740900 
51 -3.761700 
52 -3.765300 
53 -3.776700 
54 -3.797100 
55 -3.828900 
56 -3.686100 
57 -3.264000 
58 -2.816900 
59 -2.359700 
60 -1.904700 
61 -1.461900 
62 -1.039300 
63 -0.643900 
64 -0.281300 
65 0.043500 
66 0.325900 
67 0.562500 
68 0.749800 
69 0.885500 
70 0.967700 
71 0.995200 
72 0.963300 
73 0.868100 
74 0.711300 
75 0.495500 
76 0.224900 
77 -0.093900 
78 -0.449800 
79 -0.819600 
80 -1.143000 
81 -1.273700 
82 -1.104700 
83 -0.773200 
84 -0.409000 
85 -0.062700 
86 0.245200 
87 0.505000 
88 0.711200 
89 0.860500 
90 0.950800 
91 0.981000 

1 -3.761700 
2 -3.268100 
3 -2.501400 
4 -1.752300 
5 -2.061600 
6 -3.025800 
7 -4.141400 
8 -5.375400 
9 -5.658200 
10 -5.320500 
11 -5.203600 
12 -5.291700 
13 -5.550600 
14 -5.966200 
15 -6.258000 
16 -5.537000 
17 -4.846800 
18 -4.199000 
19 -3.613900 
20 -3.140900 
21 -2.907000 
22 -3.044800 
23 -3.396500 
24 -3.669600 
25 -4.069900 
26 -4.551000 
27 -5.068100 
28 -5.571800 
29 -6.004100 
30 -6.300500 
31 -6.406600 
32 -6.251300 
33 -5.854900 
34 -5.343000 
35 -4.808500 
36 -4.305800 
37 -3.866500 
38 -3.509600 
39 -3.247400 
40 -3.087300 
41 -3.033500 
42 -3.049000 
43 -3.094500 
44 -3.167000 
45 -3.261400 
46 -3.370500 
47 -3.484600 
48 -3.592500 
49 -3.968300 
50 -3.813700 
51 -3.761700 
52 -3.773700 
53 -3.809500 
54 -3.868900 
55 -3.951400 
56 -3.772700 
57 -3.417300 
58 -3.074800 
59 -2.787000 
60 -2.609900 
61 -2.604600 
62 -2.799700 
63 -3.164500 
64 -3.640400 
65 -4.175300 
66 -4.726400 
67 -5.255200 
68 -5.722900 
69 -6.090800 
70 -6.325800 
71 -6.406600 
72 -6.300500 
73 -6.004100 
74 -5.571800 
75 -5.068100 
76 -4.551000 
77 -4.069900 
78 -3.669600 
79 -3.396500 
80 -3.044800 
81 -2.907000 
82 -3.140900 
83 -3.613900 
84 -4.199000 
85 -4.846800 
86 -5.537000 
87 -6.258000 
88 -5.966200 
89 -5.550600 
90 -5.291700 
91 -5.203600 

1 -4.820400 
2 -5.334000 
3 -6.156100 
4 -6.982700 
5 -7.751100 
6 -7.672300 
7 -6.867600 
8 -6.185700 
9 -6.684800 
10 -7.993200 
11 -8.878600 
12 -8.461700 
13 -7.748600 
14 -7.000000 
15 -6.258000 
16 -5.537000 
17 -4.846800 
18 -4.199000 
19 -3.613900 
20 -3.140900 
21 -2.907000 
22 -3.044800 
23 -3.440700 
24 -3.938300 
25 -4.464300 
26 -4.978500 
27 -5.449500 
28 -5.849000 
29 -6.152700 
30 -6.342200 
31 -6.406600 
32 -6.251300 
33 -5.854900 
34 -5.343000 
35 -4.808500 
36 -4.305800 
37 -3.866500 
38 -3.509600 
39 -3.247400 
40 -3.087300 
41 -3.033500 
42 -3.119400 
43 -3.321000 
44 -3.561700 
45 -3.808300 
46 -4.050900 
47 -4.282800 
48 -4.220300 
49 -4.188000 
50 -4.661200 
51 -4.820400 
52 -4.770500 
53 -4.622500 
54 -4.383300 
55 -4.065400 
56 -3.874400 
57 -3.936600 
58 -4.018000 
59 -4.121100 
60 -4.247800 
61 -4.399300 
62 -4.576000 
63 -4.777400 
64 -5.001500 
65 -5.244500 
66 -5.500000 
67 -5.757900 
68 -6.002500 
69 -6.211000 
70 -6.354800 
71 -6.406600 
72 -6.342200 
73 -6.152700 
74 -5.849000 
75 -5.449500 
76 -4.978500 
77 -4.464300 
78 -3.938300 
79 -3.440700 
80 -3.044800 
81 -2.907000 
82 -3.140900 
83 -3.613900 
84 -4.199000 
85 -4.846800 
86 -5.537000 
87 -6.258000 
88 -7.000000 
89 -7.748600 
90 -8.461700 
91 -8.878600 

1 -4.820400 
2 -5.334000 
3 -6.156100 
4 -6.982700 
5 -7.751100 
6 -8.427300 
7 -8.781600 
8 -8.820300 
9 -8.851400 
10 -8.871600 
11 -8.878600 
12 -8.461700 
13 -7.748600 
14 -7.000000 
15 -6.518700 
16 -6.796600 
17 -5.911200 
18 -5.082700 
19 -4.358000 
20 -3.789100 
21 -3.427500 
22 -3.301100 
23 -3.440700 
24 -3.938300 
25 -4.464300 
26 -4.978500 
27 -5.449500 
28 -5.849000 
29 -6.152700 
30 -6.342200 
31 -6.406600 
32 -6.415500 
33 -6.441300 
34 -6.482000 
35 -6.534200 
36 -6.593200 
37 -6.653500 
38 -6.709000 
39 -6.754000 
40 -6.783200 
41 -6.793400 
42 -6.674600 
43 -6.355700 
44 -5.918200 
45 -5.439300 
46 -4.974700 
47 -4.560700 
48 -4.493100 
49 -4.665400 
50 -4.780000 
51 -4.820400 
52 -4.771100 
53 -4.627500 
54 -4.401200 
55 -4.109200 
56 -4.056100 
57 -4.182000 
58 -4.327700 
59 -4.491400 
60 -4.671000 
61 -4.863900 
62 -5.066500 
63 -5.275000 
64 -5.484300 
65 -5.688700 
66 -5.881500 
67 -6.055000 
68 -6.201400 
69 -6.312800 
70 -6.382800 
71 -6.406600 
72 -6.342200 
73 -6.152700 
74 -5.849000 
75 -5.449500 
76 -4.978500 
77 -4.464300 
78 -3.938300 
79 -3.440700 
80 -3.301100 
81 -3.427500 
82 -3.789100 
83 -4.358000 
84 -5.082700 
85 -5.911200 
86 -6.796600 
87 -6.518700 
88 -7.000000 
89 -7.748600 
90 -8.461700 
91 -8.878600 

1 -8.606300 
2 -8.612700 
3 -8.631300 
4 -8.660400 
5 -8.572500 
6 -8.427300 
7 -8.991800 
8 -9.435400 
9 -9.755100 
10 -9.948400 
11 -10.013100 
12 -9.820500 
13 -9.296700 
14 -8.554500 
15 -7.697000 
16 -7.187700 
17 -7.943600 
18 -8.757600 
19 -9.581100 
20 -10.336100 
21 -10.912800 
22 -11.230700 
23 -11.319700 
24 -11.274900 
25 -11.175300 
26 -11.069100 
27 -10.984500 
28 -10.938100 
29 -10.934200 
30 -10.957300 
31 -10.972300 
32 -10.684800 
33 -10.018200 
34 -9.250900 
35 -8.550500 
36 -8.034200 
37 -7.813200 
38 -7.973200 
39 -8.500400 
40 -9.206900 
41 -9.517200 
42 -9.592500 
43 -9.561100 
44 -9.492600 
45 -9.365900 
46 -9.168200 
47 -8.923300 
48 -8.702000 
49 -8.583400 
50 -8.582300 
51 -8.606300 
52 -8.591200 
53 -8.556800 
54 -8.527300 
55 -8.525000 
56 -8.562300 
57 -8.642400 
58 -8.763200 
59 -8.920200 
60 -9.107700 
61 -9.319800 
62 -9.549600 
63 -9.789300 
64 -10.029800 
65 -10.260700 
66 -10.471100 
67 -10.569900 
68 -10.687400 
69 -10.816600 
70 -10.927100 
71 -10.972300 
72 -10.957300 
73 -10.934200 
74 -10.938100 
75 -10.984500 
76 -11.069100 
77 -11.175300 
78 -11.274900 
79 -11.319700 
80 -11.230700 
81 -10.912800 
82 -10.336100 
83 -9.581100 
84 -8.757600 
85 -7.943600 
86 -7.187700 
87 -7.697000 
88 -8.554500 
89 -9.296700 
90 -9.820500 
91 -10.013100 

1 -11.940100 
2 -11.459700 
3 -10.535600 
4 -9.540400 
5 -8.697500 
6 -8.739200 
7 -8.991800 
8 -9.435400 
9 -9.755100 
10 -9.948400 
11 -10.013100 
12 -10.429500 
13 -11.136100 
14 -11.855700 
25 -11.757700 
26 -11.537300 
27 -11.345900 
28 -11.188500 
29 -11.070500 
30 -10.997200 
31 -10.972300 
32 -11.142200 
33 -11.576800 
36 -11.662800 
37 -10.924900 
38 -10.326400 
39 -9.883000 
40 -9.609600 
41 -9.601500 
42 -9.664700 
43 -10.082400 
44 -10.702900 
45 -11.431500 
47 -11.984800 
48 -11.952800 
51 -11.940100 
52 -11.970100 
53 -11.908800 
54 -11.501500 
55 -11.077500 
56 -10.726300 
57 -10.460300 
58 -10.277800 
59 -10.170700 
60 -10.127500 
61 -10.134300 
62 -10.176000 
63 -10.238300 
64 -10.310400 
65 -10.387400 
66 -10.471500 
67 -10.651000 
68 -10.792900 
69 -10.893500 
70 -10.952800 
71 -10.972300 
72 -10.997200 
73 -11.070500 
74 -11.188500 
75 -11.345900 
76 -11.537300 
77 -11.757700 
88 -11.855700 
89 -11.136100 
90 -10.429500 
91 -10.013100 

9 -11.679800 
10 -10.769500 
11 -10.013100 
12 -10.429500 
13 -11.136100 
14 -11.855700 
25 -11.757700 
26 -11.537300 
27 -11.345900 
28 -11.188500 
29 -11.070500 
30 -10.997200 
31 -10.972300 
32 -11.142200 
33 -11.576800 
68 -11.698500 
69 -11.311500 
70 -11.060100 
71 -10.972300 
72 -10.997200 
73 -11.070500 
74 -11.188500 
75 -11.345900 
76 -11.537300 
77 -11.757700 
88 -11.855700 
89 -11.136100 
90 -10.429500 
91 -10.013100 














