1 -1.474300 
2 -1.496300 
3 -1.563300 
4 -1.662300 
5 -1.742300 
6 -1.843300 
7 -1.963300 
8 -2.099300 
9 -2.246300 
10 -2.389300 
11 -2.464300 
12 -2.363300 
13 -2.134300 
14 -1.844300 
15 -1.521300 
16 -1.183300 
17 -0.842300 
18 -0.507300 
19 -0.187300 
20 0.113700 
21 0.391700 
22 0.644700 
23 0.871700 
24 1.070700 
25 1.242700 
26 1.386700 
27 1.503700 
28 1.594700 
29 1.658700 
30 1.697700 
31 1.709700 
32 1.692700 
33 1.641700 
34 1.554700 
35 1.431700 
36 1.273700 
37 1.080700 
38 0.857700 
39 0.613700 
40 0.376700 
41 0.250700 
42 0.232700 
43 0.175700 
44 0.081700 
45 -0.051300 
46 -0.223300 
47 -0.430300 
48 -0.669300 
49 -0.935300 
50 -1.219300 
51 -1.474300 
52 -1.285300 
53 -1.034300 
54 -0.772300 
55 -0.511300 
56 -0.255300 
57 -0.010300 
58 0.223700 
59 0.442700 
60 0.645700 
61 0.832700 
62 1.001700 
63 1.151700 
64 1.284700 
65 1.398700 
66 1.494700 
67 1.572700 
68 1.632700 
69 1.675700 
70 1.701700 
71 1.709700 
72 1.697700 
73 1.658700 
74 1.594700 
75 1.503700 
76 1.386700 
77 1.242700 
78 1.070700 
79 0.871700 
80 0.644700 
81 0.391700 
82 0.113700 
83 -0.187300 
84 -0.507300 
85 -0.842300 
86 -1.183300 
87 -1.521300 
88 -1.844300 
89 -2.134300 
90 -2.363300 
91 -2.464300 

1 -1.556300 
2 -1.568300 
3 -1.604300 
4 -1.662300 
5 -1.742300 
6 -1.843300 
7 -1.963300 
8 -2.099300 
9 -2.246300 
10 -2.389300 
11 -2.464300 
12 -2.450300 
13 -2.415300 
14 -2.371300 
15 -2.327300 
16 -2.286300 
17 -2.252300 
18 -2.225300 
19 -2.208300 
20 -2.201300 
21 -2.204300 
22 -2.219300 
23 -2.245300 
24 -2.282300 
25 -2.327300 
26 -2.379300 
27 -2.435300 
28 -2.488300 
29 -2.532300 
30 -2.563300 
31 -2.574300 
32 -2.537300 
33 -2.429300 
34 -2.256300 
35 -2.030300 
36 -1.762300 
37 -1.464300 
38 -1.148300 
39 -0.833300 
40 -0.551300 
41 -0.410300 
42 -0.424300 
43 -0.469300 
44 -0.542300 
45 -0.643300 
46 -0.771300 
47 -0.923300 
48 -1.096300 
49 -1.284300 
50 -1.464300 
51 -1.556300 
52 -1.560300 
53 -1.571300 
54 -1.588300 
55 -1.613300 
56 -1.646300 
57 -1.685300 
58 -1.732300 
59 -1.785300 
60 -1.846300 
61 -1.914300 
62 -1.987300 
63 -2.066300 
64 -2.148300 
65 -2.233300 
66 -2.317300 
67 -2.397300 
68 -2.468300 
69 -2.524300 
70 -2.561300 
71 -2.574300 
72 -2.563300 
73 -2.532300 
74 -2.488300 
75 -2.435300 
76 -2.379300 
77 -2.327300 
78 -2.282300 
79 -2.245300 
80 -2.219300 
81 -2.204300 
82 -2.201300 
83 -2.208300 
84 -2.225300 
85 -2.252300 
86 -2.286300 
87 -2.327300 
88 -2.371300 
89 -2.415300 
90 -2.450300 
91 -2.464300 

1 -1.556300 
2 -1.568300 
3 -1.604300 
4 -1.673300 
5 -1.824300 
6 -2.011300 
7 -2.224300 
8 -2.393300 
9 -2.431300 
10 -2.456300 
11 -2.464300 
12 -2.450300 
13 -2.415300 
14 -2.371300 
15 -2.327300 
16 -2.286300 
17 -2.252300 
18 -2.225300 
19 -2.208300 
20 -2.201300 
21 -2.204300 
22 -2.219300 
23 -2.245300 
24 -2.282300 
25 -2.327300 
26 -2.379300 
27 -2.435300 
28 -2.488300 
29 -2.532300 
30 -2.563300 
31 -2.574300 
32 -2.582300 
33 -2.605300 
34 -2.641300 
35 -2.687300 
36 -2.738300 
37 -2.790300 
38 -2.837300 
39 -2.875300 
40 -2.900300 
41 -2.908300 
42 -2.903300 
43 -2.886300 
44 -2.849300 
45 -2.783300 
46 -2.676300 
47 -2.522300 
48 -2.321300 
49 -2.079300 
50 -1.808300 
51 -1.556300 
52 -1.686300 
53 -1.782300 
54 -1.846300 
55 -1.905300 
56 -1.966300 
57 -2.032300 
58 -2.101300 
59 -2.171300 
60 -2.239300 
61 -2.305300 
62 -2.364300 
63 -2.416300 
64 -2.460300 
65 -2.495300 
66 -2.523300 
67 -2.543300 
68 -2.557300 
69 -2.567300 
70 -2.572300 
71 -2.574300 
72 -2.563300 
73 -2.532300 
74 -2.488300 
75 -2.435300 
76 -2.379300 
77 -2.327300 
78 -2.282300 
79 -2.245300 
80 -2.219300 
81 -2.204300 
82 -2.201300 
83 -2.208300 
84 -2.225300 
85 -2.252300 
86 -2.286300 
87 -2.327300 
88 -2.371300 
89 -2.415300 
90 -2.450300 
91 -2.464300 

1 -2.125300 
2 -2.133300 
3 -2.157300 
4 -2.193300 
5 -2.240300 
6 -2.292300 
7 -2.345300 
8 -2.447300 
9 -2.655300 
10 -2.809300 
11 -2.867300 
12 -2.891300 
13 -2.954300 
14 -3.046300 
15 -3.150300 
16 -3.218300 
17 -3.287300 
18 -3.360300 
19 -3.438300 
20 -3.523300 
21 -3.615300 
22 -3.715300 
23 -3.824300 
24 -3.942300 
25 -4.069300 
26 -4.206300 
27 -4.352300 
28 -4.504300 
29 -4.655300 
30 -4.787300 
31 -4.847300 
32 -4.799300 
33 -4.690300 
34 -4.562300 
35 -4.434300 
36 -4.316300 
37 -4.213300 
38 -4.130300 
39 -4.068300 
40 -4.030300 
41 -4.017300 
42 -3.982300 
43 -3.881300 
44 -3.720300 
45 -3.511300 
46 -3.267300 
47 -3.001300 
48 -2.728300 
49 -2.463300 
50 -2.235300 
51 -2.125300 
52 -2.188300 
53 -2.352300 
54 -2.562300 
55 -2.781300 
56 -2.993300 
57 -3.191300 
58 -3.372300 
59 -3.536300 
60 -3.685300 
61 -3.822300 
62 -3.950300 
63 -4.072300 
64 -4.190300 
65 -4.307300 
66 -4.423300 
67 -4.537300 
68 -4.647300 
69 -4.744300 
70 -4.818300 
71 -4.847300 
72 -4.787300 
73 -4.655300 
74 -4.504300 
75 -4.352300 
76 -4.206300 
77 -4.069300 
78 -3.942300 
79 -3.824300 
80 -3.715300 
81 -3.615300 
82 -3.523300 
83 -3.438300 
84 -3.360300 
85 -3.287300 
86 -3.218300 
87 -3.150300 
88 -3.046300 
89 -2.954300 
90 -2.891300 
91 -2.867300 

1 -4.307300 
2 -4.281300 
3 -4.205300 
4 -4.084300 
5 -3.927300 
6 -3.743300 
7 -3.542300 
8 -3.334300 
9 -3.132300 
10 -2.954300 
11 -2.867300 
12 -2.891300 
13 -2.954300 
14 -3.046300 
15 -3.157300 
16 -3.283300 
17 -3.423300 
18 -3.572300 
19 -3.729300 
20 -3.890300 
21 -4.052300 
22 -4.211300 
23 -4.363300 
24 -4.503300 
25 -4.627300 
26 -4.729300 
27 -4.803300 
28 -4.845300 
29 -4.856300 
30 -4.851300 
31 -4.847300 
32 -4.799300 
33 -4.690300 
34 -4.562300 
35 -4.434300 
36 -4.316300 
37 -4.213300 
38 -4.130300 
39 -4.068300 
40 -4.030300 
41 -4.017300 
42 -4.024300 
43 -4.044300 
44 -4.075300 
45 -4.115300 
46 -4.160300 
47 -4.205300 
48 -4.246300 
49 -4.278300 
50 -4.299300 
51 -4.307300 
52 -4.306300 
53 -4.304300 
54 -4.302300 
55 -4.300300 
56 -4.298300 
57 -4.298300 
58 -4.301300 
59 -4.307300 
60 -4.319300 
61 -4.337300 
62 -4.362300 
63 -4.396300 
64 -4.438300 
65 -4.489300 
66 -4.549300 
67 -4.617300 
68 -4.690300 
69 -4.763300 
70 -4.822300 
71 -4.847300 
72 -4.851300 
73 -4.856300 
74 -4.845300 
75 -4.803300 
76 -4.729300 
77 -4.627300 
78 -4.503300 
79 -4.363300 
80 -4.211300 
81 -4.052300 
82 -3.890300 
83 -3.729300 
84 -3.572300 
85 -3.423300 
86 -3.283300 
87 -3.157300 
88 -3.046300 
89 -2.954300 
90 -2.891300 
91 -2.867300 

1 -4.307300 
2 -4.281300 
3 -4.205300 
4 -4.084300 
5 -3.927300 
6 -3.743300 
7 -3.542300 
8 -3.334300 
9 -3.132300 
10 -2.954300 
11 -2.867300 
12 -2.917300 
13 -3.001300 
14 -3.079300 
15 -3.157300 
16 -3.283300 
17 -3.423300 
18 -3.572300 
19 -3.729300 
20 -3.890300 
21 -4.052300 
22 -4.211300 
23 -4.363300 
24 -4.503300 
25 -4.627300 
26 -4.729300 
27 -4.803300 
28 -4.845300 
29 -4.856300 
30 -4.851300 
31 -4.847300 
32 -4.874300 
33 -4.954300 
34 -5.078300 
35 -5.237300 
36 -5.416300 
37 -5.477300 
38 -5.494300 
39 -5.507300 
40 -5.515300 
41 -5.518300 
42 -5.448300 
43 -5.286300 
44 -5.096300 
45 -4.908300 
46 -4.736300 
47 -4.587300 
48 -4.467300 
49 -4.379300 
50 -4.325300 
51 -4.307300 
52 -4.313300 
53 -4.331300 
54 -4.360300 
55 -4.400300 
56 -4.451300 
57 -4.511300 
58 -4.580300 
59 -4.655300 
60 -4.736300 
61 -4.821300 
62 -4.907300 
63 -4.992300 
64 -5.075300 
65 -5.152300 
66 -5.211300 
67 -5.096300 
68 -4.995300 
69 -4.916300 
70 -4.864300 
71 -4.847300 
72 -4.851300 
73 -4.856300 
74 -4.845300 
75 -4.803300 
76 -4.729300 
77 -4.627300 
78 -4.503300 
79 -4.363300 
80 -4.211300 
81 -4.052300 
82 -3.890300 
83 -3.729300 
84 -3.572300 
85 -3.423300 
86 -3.283300 
87 -3.157300 
88 -3.079300 
89 -3.001300 
90 -2.917300 
91 -2.867300 

1 -6.067300 
2 -6.065300 
3 -6.059300 
4 -6.050300 
5 -6.034300 
6 -6.006300 
7 -5.952300 
8 -5.851300 
9 -5.705300 
10 -5.569300 
11 -5.513300 
12 -5.556300 
13 -5.674300 
14 -5.841300 
15 -6.029300 
16 -6.215300 
17 -6.380300 
18 -6.421300 
19 -6.395300 
20 -6.348300 
21 -6.279300 
22 -6.187300 
23 -6.076300 
24 -5.951300 
25 -5.818300 
26 -5.688300 
27 -5.572300 
28 -5.485300 
29 -5.431300 
30 -5.407300 
31 -5.400300 
32 -5.403300 
33 -5.411300 
34 -5.424300 
35 -5.441300 
36 -5.459300 
37 -5.599300 
38 -5.766300 
39 -5.901300 
40 -5.989300 
41 -6.019300 
42 -6.022300 
43 -6.032300 
44 -6.047300 
45 -6.069300 
46 -6.091300 
47 -6.097300 
48 -6.084300 
49 -6.073300 
50 -6.068300 
51 -6.067300 
52 -6.067300 
53 -6.069300 
54 -6.072300 
55 -6.075300 
56 -6.079300 
57 -6.081300 
58 -6.033300 
59 -5.964300 
60 -5.884300 
61 -5.792300 
62 -5.688300 
63 -5.576300 
64 -5.456300 
65 -5.332300 
66 -5.223300 
67 -5.284300 
68 -5.333300 
69 -5.370300 
70 -5.393300 
71 -5.400300 
72 -5.407300 
73 -5.431300 
74 -5.485300 
75 -5.572300 
76 -5.688300 
77 -5.818300 
78 -5.951300 
79 -6.076300 
80 -6.187300 
81 -6.279300 
82 -6.348300 
83 -6.395300 
84 -6.421300 
85 -6.380300 
86 -6.215300 
87 -6.029300 
88 -5.841300 
89 -5.674300 
90 -5.556300 
91 -5.513300 

1 -6.228300 
2 -6.231300 
3 -6.241300 
4 -6.256300 
5 -6.275300 
6 -6.296300 
7 -6.317300 
8 -6.337300 
9 -6.352300 
10 -6.362300 
11 -6.365300 
12 -6.369300 
13 -6.380300 
14 -6.396300 
15 -6.412300 
16 -6.425300 
17 -6.430300 
18 -6.421300 
19 -6.395300 
20 -6.348300 
21 -6.279300 
22 -6.187300 
23 -6.076300 
24 -5.951300 
25 -5.818300 
26 -5.688300 
27 -5.572300 
28 -5.485300 
29 -5.431300 
30 -5.407300 
31 -5.400300 
32 -5.450300 
33 -5.567300 
34 -5.707300 
35 -5.850300 
36 -5.986300 
37 -6.107300 
38 -6.208300 
39 -6.284300 
40 -6.331300 
41 -6.347300 
42 -6.336300 
43 -6.304300 
44 -6.259300 
45 -6.209300 
46 -6.167300 
47 -6.156300 
48 -6.177300 
49 -6.202300 
50 -6.221300 
51 -6.228300 
52 -6.224300 
53 -6.214300 
54 -6.196300 
55 -6.170300 
56 -6.134300 
57 -6.089300 
58 -6.080300 
59 -6.074300 
60 -6.060300 
61 -6.037300 
62 -6.002300 
63 -5.956300 
64 -5.897300 
65 -5.827300 
66 -5.748300 
67 -5.663300 
68 -5.574300 
69 -5.491300 
70 -5.426300 
71 -5.400300 
72 -5.407300 
73 -5.431300 
74 -5.485300 
75 -5.572300 
76 -5.688300 
77 -5.818300 
78 -5.951300 
79 -6.076300 
80 -6.187300 
81 -6.279300 
82 -6.348300 
83 -6.395300 
84 -6.421300 
85 -6.430300 
86 -6.425300 
87 -6.412300 
88 -6.396300 
89 -6.380300 
90 -6.369300 
91 -6.365300 

1 -7.636300 
2 -7.608300 
3 -7.522300 
4 -7.380300 
5 -7.189300 
6 -6.964300 
7 -6.735300 
8 -6.548300 
9 -6.433300 
10 -6.380300 
11 -6.365300 
12 -6.369300 
13 -6.380300 
14 -6.396300 
15 -6.412300 
16 -6.425300 
17 -6.430300 
18 -6.512300 
19 -6.604300 
20 -6.651300 
21 -6.655300 
22 -6.615300 
23 -6.537300 
24 -6.426300 
25 -6.289300 
26 -6.131300 
27 -5.960300 
28 -5.783300 
29 -5.610300 
30 -5.465300 
31 -5.400300 
32 -5.450300 
33 -5.567300 
34 -5.707300 
35 -5.850300 
36 -5.986300 
37 -6.107300 
38 -6.208300 
39 -6.284300 
40 -6.331300 
41 -6.347300 
42 -6.420300 
43 -6.587300 
44 -6.786300 
45 -6.985300 
46 -7.169300 
47 -7.330300 
48 -7.461300 
49 -7.557300 
50 -7.616300 
51 -7.636300 
52 -7.626300 
53 -7.596300 
54 -7.547300 
55 -7.480300 
56 -7.394300 
57 -7.292300 
58 -7.176300 
59 -7.045300 
60 -6.904300 
61 -6.753300 
62 -6.595300 
63 -6.433300 
64 -6.268300 
65 -6.104300 
66 -5.944300 
67 -5.790300 
68 -5.648300 
69 -5.525300 
70 -5.435300 
71 -5.400300 
72 -5.465300 
73 -5.610300 
74 -5.783300 
75 -5.960300 
76 -6.131300 
77 -6.289300 
78 -6.426300 
79 -6.537300 
80 -6.615300 
81 -6.655300 
82 -6.651300 
83 -6.604300 
84 -6.512300 
85 -6.430300 
86 -6.425300 
87 -6.412300 
88 -6.396300 
89 -6.380300 
90 -6.369300 
91 -6.365300 

