1 24.928500 
2 24.951700 
44 24.995800 
45 24.984100 
46 24.970900 
47 24.957900 
48 24.946100 
49 24.936600 
50 24.930600 
51 24.928500 
52 24.929500 
53 24.932700 
54 24.937800 
55 24.944800 
56 24.953600 
57 24.963800 
58 24.975400 
59 24.987900 

1 2.339000 
2 2.311000 
3 2.228000 
4 2.093000 
5 1.911600 
6 1.693000 
7 1.451300 
8 1.207700 
9 0.991700 
10 0.839500 
11 0.784100 
12 0.800700 
13 0.846500 
14 0.911300 
15 0.985100 
16 1.063700 
17 1.153000 
18 1.271400 
19 1.449500 
20 1.719100 
21 2.093400 
22 2.554300 
23 3.063400 
24 3.580900 
25 4.074900 
26 4.522400 
27 4.906800 
28 5.216500 
29 5.443200 
30 5.581400 
31 5.627800 
32 5.566300 
33 5.386700 
34 5.103400 
35 4.736600 
36 4.309000 
37 3.844600 
38 3.370400 
39 2.925600 
40 2.579900 
41 2.442100 
42 2.367300 
43 2.154100 
44 1.834300 
45 1.455600 
46 1.274800 
47 1.627000 
48 1.925700 
49 2.151300 
50 2.291500 
51 2.339000 
52 2.315400 
53 2.247000 
54 2.143100 
55 2.024200 
56 1.933100 
57 1.939200 
58 2.091700 
59 2.366200 
60 2.712500 
61 3.093900 
62 3.486900 
63 3.874600 
64 4.244200 
65 4.585000 
66 4.888200 
67 5.146400 
68 5.353400 
69 5.504700 
70 5.596900 
71 5.627800 
72 5.581400 
73 5.443200 
74 5.216500 
75 4.906800 
76 4.522400 
77 4.074900 
78 3.580900 
79 3.063400 
80 2.554300 
81 2.093400 
82 1.719100 
83 1.449500 
84 1.271400 
85 1.153000 
86 1.063700 
87 0.985100 
88 0.911300 
89 0.846500 
90 0.800700 
91 0.784100 

1 -0.047200 
2 -0.165500 
3 -0.516900 
4 -1.091300 
5 -1.215500 
6 -0.626900 
7 -0.130500 
8 0.264600 
9 0.551700 
10 0.725700 
11 0.784100 
12 0.753000 
13 0.660400 
14 0.507500 
15 0.297000 
16 0.033300 
17 -0.275900 
18 -0.616600 
19 -0.960000 
20 -1.240800 
21 -1.338600 
22 -1.191500 
23 -0.901500 
24 -0.573200 
25 -0.255800 
26 0.029300 
27 0.271400 
28 0.464400 
29 0.604600 
30 0.689500 
31 0.718000 
32 0.699100 
33 0.643500 
34 0.554700 
35 0.438400 
36 0.303300 
37 0.161000 
38 0.025300 
39 -0.087800 
40 -0.163200 
41 -0.068400 
42 0.006200 
43 0.217000 
44 0.529000 
45 0.896500 
46 1.068100 
47 0.709500 
48 0.401900 
49 0.161700 
50 0.006700 
51 -0.047200 
52 -0.020100 
53 0.058500 
54 0.179400 
55 0.322600 
56 0.446100 
57 0.483800 
58 0.395600 
59 0.224100 
60 0.051100 
61 -0.053700 
62 -0.061500 
63 0.009900 
64 0.125500 
65 0.256600 
66 0.384700 
67 0.498800 
68 0.592400 
69 0.661500 
70 0.703800 
71 0.718000 
72 0.689500 
73 0.604600 
74 0.464400 
75 0.271400 
76 0.029300 
77 -0.255800 
78 -0.573200 
79 -0.901500 
80 -1.191500 
81 -1.338600 
82 -1.240800 
83 -0.960000 
84 -0.616600 
85 -0.275900 
86 0.033300 
87 0.297000 
88 0.507500 
89 0.660400 
90 0.753000 
91 0.784100 

1 -4.225700 
2 -3.409300 
3 -2.622100 
4 -1.885200 
5 -1.215500 
6 -0.626900 
7 -0.130500 
8 0.264600 
9 0.551700 
10 0.725700 
11 0.784100 
12 0.753000 
13 0.660400 
14 0.507500 
15 0.297000 
16 0.033300 
17 -0.275900 
18 -0.616600 
19 -0.960000 
20 -1.240800 
21 -1.338600 
22 -1.191500 
23 -0.901500 
24 -0.573200 
25 -0.255800 
26 0.029300 
27 0.271400 
28 0.464400 
29 0.604600 
30 0.689500 
31 0.718000 
32 0.661400 
33 0.497400 
34 0.245400 
35 -0.054500 
36 -0.334900 
37 -0.508800 
38 -0.512800 
39 -0.362500 
40 -0.163400 
41 -0.189700 
42 -0.244300 
43 -0.412400 
44 -0.705900 
45 -1.138500 
46 -1.709700 
47 -2.383600 
48 -3.079700 
49 -3.684600 
50 -4.087000 
51 -4.225700 
52 -4.184000 
53 -4.062000 
54 -3.865100 
55 -3.603500 
56 -3.289800 
57 -2.938200 
58 -2.562200 
59 -2.174400 
60 -1.785800 
61 -1.405300 
62 -1.041000 
63 -0.699300 
64 -0.385500 
65 -0.104400 
66 0.140000 
67 0.344400 
68 0.506300 
69 0.623400 
70 0.694300 
71 0.718000 
72 0.689500 
73 0.604600 
74 0.464400 
75 0.271400 
76 0.029300 
77 -0.255800 
78 -0.573200 
79 -0.901500 
80 -1.191500 
81 -1.338600 
82 -1.240800 
83 -0.960000 
84 -0.616600 
85 -0.275900 
86 0.033300 
87 0.297000 
88 0.507500 
89 0.660400 
90 0.753000 
91 0.784100 

1 -4.225700 
2 -3.409300 
3 -2.622100 
4 -1.885200 
5 -1.873400 
6 -2.843100 
7 -3.976000 
8 -5.242800 
9 -6.310000 
10 -5.944800 
11 -5.818200 
12 -5.913600 
13 -6.193400 
14 -6.640500 
15 -6.292500 
16 -5.589100 
17 -4.927300 
18 -4.321400 
19 -3.783500 
20 -3.392200 
21 -3.228800 
22 -3.281500 
23 -3.514600 
24 -3.887000 
25 -4.361000 
26 -4.900800 
27 -5.467300 
28 -6.012700 
29 -6.476600 
30 -6.792200 
31 -6.904500 
32 -6.745200 
33 -6.339500 
34 -5.817000 
35 -5.272400 
36 -4.760900 
37 -4.314200 
38 -3.951800 
39 -3.685700 
40 -3.523200 
41 -3.468500 
42 -3.473300 
43 -3.494200 
44 -3.544000 
45 -3.627900 
46 -3.741600 
47 -3.872900 
48 -4.005200 
49 -4.119800 
50 -4.197900 
51 -4.225700 
52 -4.184200 
53 -4.063800 
54 -3.878900 
55 -3.648100 
56 -3.392900 
57 -3.137400 
58 -2.909600 
59 -2.746000 
60 -2.693500 
61 -2.798200 
62 -3.074600 
63 -3.493900 
64 -4.009100 
65 -4.575900 
66 -5.155400 
67 -5.709200 
68 -6.196900 
69 -6.578800 
70 -6.821500 
71 -6.904500 
72 -6.792200 
73 -6.476600 
74 -6.012700 
75 -5.467300 
76 -4.900800 
77 -4.361000 
78 -3.887000 
79 -3.514600 
80 -3.281500 
81 -3.228800 
82 -3.392200 
83 -3.783500 
84 -4.321400 
85 -4.927300 
86 -5.589100 
87 -6.292500 
88 -6.640500 
89 -6.193400 
90 -5.913600 
91 -5.818200 

1 -4.228100 
2 -5.051400 
3 -5.857500 
4 -6.619600 
5 -7.314900 
6 -7.925800 
7 -7.610700 
8 -6.878700 
9 -6.605000 
10 -8.007800 
11 -9.336200 
12 -8.572900 
13 -7.791500 
14 -7.029000 
15 -6.292500 
16 -5.589100 
17 -4.927300 
18 -4.321400 
19 -3.798600 
20 -3.422100 
21 -3.307800 
22 -3.511600 
23 -3.922900 
24 -4.425400 
25 -4.955200 
26 -5.472300 
27 -5.945100 
28 -6.345500 
29 -6.649900 
30 -6.839900 
31 -6.904500 
32 -6.745200 
33 -6.339500 
34 -5.817000 
35 -5.272400 
36 -4.760900 
37 -4.314200 
38 -3.951800 
39 -3.685700 
40 -3.523200 
41 -3.468500 
42 -3.484900 
43 -3.532700 
44 -3.608800 
45 -3.707800 
46 -3.821800 
47 -3.940700 
48 -4.052900 
49 -4.145400 
50 -4.206700 
51 -4.228100 
52 -4.231300 
53 -4.241500 
54 -4.260100 
55 -4.289300 
56 -4.331900 
57 -4.391000 
58 -4.469400 
59 -4.569700 
60 -4.694300 
61 -4.844400 
62 -5.021000 
63 -5.223700 
64 -5.450600 
65 -5.698100 
66 -5.960200 
67 -6.226300 
68 -6.480300 
69 -6.698500 
70 -6.849700 
71 -6.904500 
72 -6.839900 
73 -6.649900 
74 -6.345500 
75 -5.945100 
76 -5.472300 
77 -4.955200 
78 -4.425400 
79 -3.922900 
80 -3.511600 
81 -3.307800 
82 -3.422100 
83 -3.798600 
84 -4.321400 
85 -4.927300 
86 -5.589100 
87 -6.292500 
88 -7.029000 
89 -7.791500 
90 -8.572900 
91 -9.336200 

1 -4.228100 
2 -5.051400 
3 -5.857500 
4 -6.619600 
5 -7.314900 
6 -7.925800 
7 -8.440600 
8 -8.851200 
9 -9.151200 
10 -9.329500 
11 -9.336200 
12 -8.572900 
13 -7.791500 
14 -7.029000 
15 -6.893200 
16 -5.989100 
17 -5.132700 
18 -4.379600 
19 -3.798600 
20 -3.422100 
21 -3.307800 
22 -3.511600 
23 -3.922900 
24 -4.425400 
25 -4.955200 
26 -5.472300 
27 -5.945100 
28 -6.345500 
29 -6.649900 
30 -6.839900 
31 -6.904500 
32 -6.913300 
33 -6.939100 
34 -6.979800 
35 -7.031600 
36 -7.090200 
37 -7.149800 
38 -7.204700 
39 -7.249000 
40 -7.277800 
41 -7.287600 
42 -7.170100 
43 -6.852700 
44 -6.414200 
45 -5.931300 
46 -5.461000 
47 -5.040700 
48 -4.694700 
49 -4.438400 
50 -4.281100 
51 -4.228100 
52 -4.240600 
53 -4.278000 
54 -4.340000 
55 -4.425900 
56 -4.534700 
57 -4.665400 
58 -4.816200 
59 -4.985200 
60 -5.170000 
61 -5.367400 
62 -5.573900 
63 -5.785100 
64 -5.995800 
65 -6.200200 
66 -6.391400 
67 -6.562400 
68 -6.705600 
69 -6.813900 
70 -6.881500 
71 -6.904500 
72 -6.839900 
73 -6.649900 
74 -6.345500 
75 -5.945100 
76 -5.472300 
77 -4.955200 
78 -4.425400 
79 -3.922900 
80 -3.511600 
81 -3.307800 
82 -3.422100 
83 -3.798600 
84 -4.379600 
85 -5.132700 
86 -5.989100 
87 -6.893200 
88 -7.029000 
89 -7.791500 
90 -8.572900 
91 -9.336200 

1 -9.074600 
2 -9.080700 
3 -9.098700 
4 -9.126900 
5 -9.162600 
6 -8.469500 
7 -8.440600 
8 -8.851200 
9 -9.151200 
10 -9.334600 
11 -9.396300 
12 -9.176200 
13 -8.591800 
14 -7.791300 
15 -7.235500 
16 -7.942600 
17 -8.737200 
18 -9.575300 
19 -10.391800 
20 -11.087300 
21 -11.552100 
22 -11.753000 
23 -11.760800 
24 -11.669700 
25 -11.546700 
26 -11.433200 
27 -11.356900 
28 -11.336100 
29 -11.375300 
30 -11.447900 
31 -11.486800 
32 -11.157600 
33 -10.416500 
34 -9.588800 
35 -8.855300 
36 -8.338000 
37 -8.139600 
38 -8.315200 
39 -8.812100 
40 -9.421600 
41 -9.729700 
42 -9.728600 
43 -9.721700 
44 -9.699800 
45 -9.646200 
46 -9.541800 
47 -9.384000 
48 -9.214100 
49 -9.101300 
50 -9.071100 
51 -9.074600 
52 -9.071000 
53 -9.064900 
54 -9.068100 
55 -9.092500 
56 -9.147100 
57 -9.236200 
58 -9.359700 
59 -9.515200 
60 -9.698600 
61 -9.904300 
62 -10.125900 
63 -10.355600 
64 -10.584700 
65 -10.747600 
66 -10.837200 
67 -10.953500 
68 -11.101900 
69 -11.272600 
70 -11.423600 
71 -11.486800 
72 -11.447900 
73 -11.375300 
74 -11.336100 
75 -11.356900 
76 -11.433200 
77 -11.546700 
78 -11.669700 
79 -11.760800 
80 -11.753000 
81 -11.552100 
82 -11.087300 
83 -10.391800 
84 -9.575300 
85 -8.737200 
86 -7.942600 
87 -7.235500 
88 -7.791300 
89 -8.591800 
90 -9.176200 
91 -9.396300 

3 -11.429700 
4 -10.427900 
5 -9.421200 
6 -9.202700 
7 -9.243300 
8 -9.280500 
9 -9.310200 
10 -9.334600 
11 -9.396300 
12 -10.160500 
13 -10.940100 
14 -11.684900 
27 -11.890800 
28 -11.722900 
29 -11.594900 
30 -11.514300 
31 -11.486800 
32 -11.667400 
38 -11.696300 
39 -11.217200 
40 -10.921700 
41 -10.821800 
42 -10.970800 
43 -11.390100 
54 -11.702600 
55 -11.374500 
56 -11.088900 
57 -10.862900 
58 -10.700900 
59 -10.600100 
60 -10.552400 
61 -10.546900 
62 -10.571900 
63 -10.617100 
64 -10.675900 
65 -10.803800 
66 -11.003200 
67 -11.174300 
68 -11.310700 
69 -11.408700 
70 -11.467300 
71 -11.486800 
72 -11.514300 
73 -11.594900 
74 -11.722900 
75 -11.890800 
88 -11.684900 
89 -10.940100 
90 -10.160500 
91 -9.396300 

8 -11.972600 
9 -11.433300 
10 -10.552400 
11 -9.396300 
12 -10.160500 
13 -10.940100 
14 -11.684900 
27 -11.890800 
28 -11.722900 
29 -11.594900 
30 -11.514300 
31 -11.486800 
32 -11.667400 
69 -11.845900 
70 -11.579900 
71 -11.486800 
72 -11.514300 
73 -11.594900 
74 -11.722900 
75 -11.890800 
88 -11.684900 
89 -10.940100 
90 -10.160500 
91 -9.396300 














