39 24.997300 
40 24.994200 
41 24.993100 

1 24.951100 
2 24.963000 
3 24.997300 
39 24.997300 
40 24.994200 
41 24.993100 
42 24.992100 
43 24.989100 
44 24.984500 
45 24.978700 
46 24.972200 
47 24.965700 
48 24.959800 
49 24.955100 
50 24.952100 
51 24.951100 
52 24.951600 
53 24.953200 
54 24.955700 
55 24.959200 
56 24.963500 
57 24.968600 
58 24.974300 
59 24.980500 
60 24.987000 
61 24.993700 

1 1.588800 
2 1.566500 
3 1.500500 
4 1.393400 
5 1.250400 
6 1.079200 
7 0.891700 
8 0.705000 
9 0.541800 
10 0.428400 
11 0.387500 
12 0.401700 
13 0.442400 
14 0.504300 
15 0.583700 
16 0.681800 
17 0.809600 
18 0.987400 
19 1.238300 
20 1.572600 
21 1.977800 
22 2.424400 
23 2.880800 
24 3.321900 
25 3.729400 
26 4.090300 
27 4.395700 
28 4.639200 
29 4.816100 
30 4.923400 
31 4.959400 
32 4.911600 
33 4.771200 
34 4.546300 
35 4.249700 
36 3.897200 
37 3.507400 
38 3.104000 
39 2.722500 
40 2.424600 
41 2.305400 
42 2.248100 
43 2.081900 
44 1.825200 
45 1.507400 
46 1.165500 
47 1.128300 
48 1.318700 
49 1.465300 
50 1.557500 
51 1.588800 
52 1.573400 
53 1.530500 
54 1.473900 
55 1.436200 
56 1.475400 
57 1.633300 
58 1.888100 
59 2.198700 
60 2.536600 
61 2.883100 
62 3.225400 
63 3.553300 
64 3.859000 
65 4.136000 
66 4.378800 
67 4.583300 
68 4.745800 
69 4.863800 
70 4.935400 
71 4.959400 
72 4.923400 
73 4.816100 
74 4.639200 
75 4.395700 
76 4.090300 
77 3.729400 
78 3.321900 
79 2.880800 
80 2.424400 
81 1.977800 
82 1.572600 
83 1.238300 
84 0.987400 
85 0.809600 
86 0.681800 
87 0.583700 
88 0.504300 
89 0.442400 
90 0.401700 
91 0.387500 

1 0.138600 
2 0.049800 
3 -0.214800 
4 -0.649400 
5 -1.090400 
6 -0.656700 
7 -0.290100 
8 0.002300 
9 0.215000 
10 0.344200 
11 0.387500 
12 0.363400 
13 0.291600 
14 0.173400 
15 0.011500 
16 -0.189800 
17 -0.422700 
18 -0.672700 
19 -0.909600 
20 -1.070800 
21 -1.073800 
22 -0.921300 
23 -0.695400 
24 -0.455400 
25 -0.228400 
26 -0.026700 
27 0.143300 
28 0.278100 
29 0.375600 
30 0.434600 
31 0.454500 
32 0.439900 
33 0.397100 
34 0.329000 
35 0.240300 
36 0.137800 
37 0.030400 
38 -0.071300 
39 -0.104000 
40 0.073500 
41 0.156400 
42 0.194100 
43 0.303700 
44 0.473200 
45 0.683300 
46 0.909600 
47 0.836700 
48 0.550700 
49 0.328700 
50 0.187300 
51 0.138600 
52 0.162900 
53 0.232000 
54 0.332300 
55 0.430300 
56 0.467400 
57 0.402500 
58 0.262700 
59 0.102000 
60 -0.030300 
61 -0.099500 
62 -0.098700 
63 -0.045900 
64 0.035500 
65 0.127200 
66 0.217200 
67 0.297900 
68 0.364500 
69 0.413900 
70 0.444200 
71 0.454500 
72 0.434600 
73 0.375600 
74 0.278100 
75 0.143300 
76 -0.026700 
77 -0.228400 
78 -0.455400 
79 -0.695400 
80 -0.921300 
81 -1.073800 
82 -1.070800 
83 -0.909600 
84 -0.672700 
85 -0.422700 
86 -0.189800 
87 0.011500 
88 0.173400 
89 0.291600 
90 0.363400 
91 0.387500 

1 -3.166900 
2 -2.686000 
3 -2.119100 
4 -1.581800 
5 -1.090400 
6 -0.656700 
7 -0.290100 
8 0.002300 
9 0.215000 
10 0.344200 
11 0.387500 
12 0.363400 
13 0.291600 
14 0.173400 
15 0.011500 
16 -0.189800 
17 -0.422700 
18 -0.672700 
19 -0.909600 
20 -1.070800 
21 -1.073800 
22 -0.921300 
23 -0.695400 
24 -0.455400 
25 -0.228400 
26 -0.026700 
27 0.143300 
28 0.278100 
29 0.375600 
30 0.434600 
31 0.454500 
32 0.416700 
33 0.308500 
34 0.145100 
35 -0.043200 
36 -0.208500 
37 -0.292100 
38 -0.252700 
39 -0.155400 
40 -0.211100 
41 -0.230700 
42 -0.269200 
43 -0.386800 
44 -0.588400 
45 -0.880500 
46 -1.265600 
47 -1.730600 
48 -2.234300 
49 -2.703200 
50 -3.042400 
51 -3.166900 
52 -3.131000 
53 -3.026600 
54 -2.862700 
55 -2.651400 
56 -2.405300 
57 -2.136600 
58 -1.855600 
59 -1.570900 
60 -1.289700 
61 -1.017900 
62 -0.760100 
63 -0.520400 
64 -0.302100 
65 -0.107700 
66 0.060400 
67 0.200300 
68 0.310600 
69 0.390200 
70 0.438300 
71 0.454500 
72 0.434600 
73 0.375600 
74 0.278100 
75 0.143300 
76 -0.026700 
77 -0.228400 
78 -0.455400 
79 -0.695400 
80 -0.921300 
81 -1.073800 
82 -1.070800 
83 -0.909600 
84 -0.672700 
85 -0.422700 
86 -0.189800 
87 0.011500 
88 0.173400 
89 0.291600 
90 0.363400 
91 0.387500 

1 -3.166900 
2 -2.686000 
3 -2.119100 
4 -1.581800 
5 -1.245000 
6 -1.988900 
7 -2.865400 
8 -3.853500 
9 -4.924100 
10 -5.728300 
11 -5.629800 
12 -5.703900 
13 -5.882700 
14 -5.298700 
15 -4.738500 
16 -4.208700 
17 -3.634600 
18 -3.104900 
19 -2.729200 
20 -2.529700 
21 -2.501200 
22 -2.617800 
23 -2.849200 
24 -3.167100 
25 -3.546100 
26 -3.960400 
27 -4.380200 
28 -4.769800 
29 -5.088300 
30 -5.297500 
31 -5.370300 
32 -5.264400 
33 -4.986600 
34 -4.616500 
35 -4.220700 
36 -3.842900 
37 -3.509600 
38 -3.237400 
39 -3.036800 
40 -2.914000 
41 -2.872900 
42 -2.864900 
43 -2.849400 
44 -2.843400 
45 -2.860500 
46 -2.903700 
47 -2.967100 
48 -3.038700 
49 -3.104300 
50 -3.150400 
51 -3.166900 
52 -3.131400 
53 -3.031100 
54 -2.882100 
55 -2.705200 
56 -2.521400 
57 -2.350800 
58 -2.215200 
59 -2.141000 
60 -2.160200 
61 -2.297100 
62 -2.550500 
63 -2.895100 
64 -3.297500 
65 -3.726900 
66 -4.154500 
67 -4.552600 
68 -4.893700 
69 -5.153700 
70 -5.315500 
71 -5.370300 
72 -5.297500 
73 -5.088300 
74 -4.769800 
75 -4.380200 
76 -3.960400 
77 -3.546100 
78 -3.167100 
79 -2.849200 
80 -2.617800 
81 -2.501200 
82 -2.529700 
83 -2.729200 
84 -3.104900 
85 -3.634600 
86 -4.208700 
87 -4.738500 
88 -5.298700 
89 -5.882700 
90 -5.703900 
91 -5.629800 

1 -3.415200 
2 -3.898300 
3 -4.471700 
4 -5.018500 
5 -5.521300 
6 -5.968200 
7 -6.350000 
8 -6.459900 
9 -6.013500 
10 -6.031600 
11 -7.074600 
12 -6.485100 
13 -5.882700 
14 -5.298700 
15 -4.738500 
16 -4.208700 
17 -3.717400 
18 -3.278600 
19 -2.920600 
20 -2.703200 
21 -2.704100 
22 -2.914400 
23 -3.243800 
24 -3.622500 
25 -4.010800 
26 -4.382000 
27 -4.714900 
28 -4.992000 
29 -5.199200 
30 -5.327100 
31 -5.370300 
32 -5.264400 
33 -4.986600 
34 -4.616500 
35 -4.220700 
36 -3.842900 
37 -3.509600 
38 -3.237400 
39 -3.036800 
40 -2.914000 
41 -2.872900 
42 -2.884800 
43 -2.919600 
44 -2.974900 
45 -3.046500 
46 -3.128400 
47 -3.213300 
48 -3.292600 
49 -3.357600 
50 -3.400300 
51 -3.415200 
52 -3.418100 
53 -3.427100 
54 -3.443200 
55 -3.468000 
56 -3.503100 
57 -3.550700 
58 -3.612600 
59 -3.690900 
60 -3.786800 
61 -3.901300 
62 -4.034400 
63 -4.185900 
64 -4.353900 
65 -4.535100 
66 -4.724100 
67 -4.912500 
68 -5.088400 
69 -5.235500 
70 -5.334900 
71 -5.370300 
72 -5.327100 
73 -5.199200 
74 -4.992000 
75 -4.714900 
76 -4.382000 
77 -4.010800 
78 -3.622500 
79 -3.243800 
80 -2.914400 
81 -2.704100 
82 -2.703200 
83 -2.920600 
84 -3.278600 
85 -3.717400 
86 -4.208700 
87 -4.738500 
88 -5.298700 
89 -5.882700 
90 -6.485100 
91 -7.074600 

1 -3.415200 
2 -3.898300 
3 -4.471700 
4 -5.018500 
5 -5.521300 
6 -5.968200 
7 -6.350000 
8 -6.658700 
9 -6.886700 
10 -7.027100 
11 -7.074600 
12 -6.485100 
13 -5.921600 
14 -5.711500 
15 -4.987700 
16 -4.277900 
17 -3.717400 
18 -3.278600 
19 -2.920600 
20 -2.703200 
21 -2.704100 
22 -2.914400 
23 -3.243800 
24 -3.622500 
25 -4.010800 
26 -4.382000 
27 -4.714900 
28 -4.992000 
29 -5.199200 
30 -5.327100 
31 -5.370300 
32 -5.376500 
33 -5.394600 
34 -5.423100 
35 -5.459300 
36 -5.500000 
37 -5.541500 
38 -5.579400 
39 -5.609900 
40 -5.629600 
41 -5.636500 
42 -5.556000 
43 -5.336100 
44 -5.026000 
45 -4.677900 
46 -4.333700 
47 -4.022800 
48 -3.765000 
49 -3.573100 
50 -3.455000 
51 -3.415200 
52 -3.424700 
53 -3.453300 
54 -3.500400 
55 -3.565800 
56 -3.648400 
57 -3.747200 
58 -3.860800 
59 -3.987500 
60 -4.125300 
61 -4.271800 
62 -4.423600 
63 -4.577900 
64 -4.730500 
65 -4.877100 
66 -5.013000 
67 -5.133200 
68 -5.233000 
69 -5.308000 
70 -5.354500 
71 -5.370300 
72 -5.327100 
73 -5.199200 
74 -4.992000 
75 -4.714900 
76 -4.382000 
77 -4.010800 
78 -3.622500 
79 -3.243800 
80 -2.914400 
81 -2.704100 
82 -2.703200 
83 -2.920600 
84 -3.278600 
85 -3.717400 
86 -4.277900 
87 -4.987700 
88 -5.711500 
89 -5.921600 
90 -6.485100 
91 -7.074600 

1 -6.947300 
2 -6.951500 
3 -6.963800 
4 -6.983300 
5 -7.007700 
6 -7.035000 
7 -7.035800 
8 -6.658700 
9 -6.886700 
10 -7.027100 
11 -7.074600 
12 -6.880900 
13 -6.378800 
14 -6.270100 
15 -6.729900 
16 -7.276600 
17 -7.877900 
18 -8.486300 
19 -9.031200 
20 -9.428200 
21 -9.631600 
22 -9.673300 
23 -9.621000 
24 -9.531400 
25 -9.442700 
26 -9.381400 
27 -9.367400 
28 -9.413800 
29 -9.517300 
30 -9.638700 
31 -9.696500 
32 -9.413400 
33 -8.777800 
34 -8.065300 
35 -7.422800 
36 -6.942500 
37 -6.695200 
38 -6.713300 
39 -6.950300 
40 -7.256800 
41 -7.403900 
42 -7.405400 
43 -7.409000 
44 -7.410000 
45 -7.400600 
46 -7.369000 
47 -7.302100 
48 -7.196900 
49 -7.076000 
50 -6.981800 
51 -6.947300 
52 -6.964800 
53 -7.016200 
54 -7.098200 
55 -7.207000 
56 -7.339000 
57 -7.491200 
58 -7.661100 
59 -7.846300 
60 -8.044300 
61 -8.251700 
62 -8.464700 
63 -8.678200 
64 -8.806900 
65 -8.876500 
66 -8.974700 
67 -9.108400 
68 -9.278200 
69 -9.467300 
70 -9.629700 
71 -9.696500 
72 -9.638700 
73 -9.517300 
74 -9.413800 
75 -9.367400 
76 -9.381400 
77 -9.442700 
78 -9.531400 
79 -9.621000 
80 -9.673300 
81 -9.631600 
82 -9.428200 
83 -9.031200 
84 -8.486300 
85 -7.877900 
86 -7.276600 
87 -6.729900 
88 -6.270100 
89 -6.378800 
90 -6.880900 
91 -7.074600 

1 -9.194900 
2 -9.199000 
3 -9.210500 
4 -9.204500 
5 -8.446100 
6 -7.709100 
7 -7.062700 
8 -7.087900 
9 -7.108000 
10 -7.120900 
11 -7.125300 
12 -7.718900 
13 -8.330300 
14 -8.920300 
15 -9.468200 
16 -9.946900 
17 -10.325600 
18 -10.580900 
19 -10.709200 
20 -10.730300 
21 -10.674800 
22 -10.571900 
23 -10.444200 
24 -10.307000 
25 -10.170700 
26 -10.042300 
27 -9.927500 
28 -9.831200 
29 -9.758000 
30 -9.712200 
31 -9.696500 
32 -9.826800 
33 -10.175700 
34 -10.658600 
35 -11.202000 
36 -11.714200 
37 -11.069500 
38 -10.547200 
39 -10.161200 
40 -9.923800 
41 -9.843600 
42 -9.946500 
43 -10.236900 
44 -10.665500 
45 -10.985400 
46 -10.319600 
47 -9.795500 
48 -9.443400 
49 -9.260400 
50 -9.201400 
51 -9.194900 
52 -9.194700 
53 -9.180800 
54 -9.133500 
55 -9.053300 
56 -8.958600 
57 -8.868900 
58 -8.796500 
59 -8.747000 
60 -8.720800 
61 -8.715800 
62 -8.729100 
63 -8.759200 
64 -8.886600 
65 -9.083100 
66 -9.261000 
67 -9.413700 
68 -9.536200 
69 -9.625000 
70 -9.678600 
71 -9.696500 
72 -9.712200 
73 -9.758000 
74 -9.831200 
75 -9.927500 
76 -10.042300 
77 -10.170700 
78 -10.307000 
79 -10.444200 
80 -10.571900 
81 -10.674800 
82 -10.730300 
83 -10.709200 
84 -10.580900 
85 -10.325600 
86 -9.946900 
87 -9.468200 
88 -8.920300 
89 -8.330300 
90 -7.718900 
91 -7.125300 

1 -10.690700 
2 -10.471300 
3 -9.918100 
4 -9.224000 
5 -9.231200 
6 -9.216600 
7 -9.152600 
8 -8.988900 
9 -8.638800 
10 -8.008400 
11 -7.125400 
12 -7.718900 
13 -8.330300 
14 -8.920300 
15 -9.468200 
16 -9.946900 
17 -10.325600 
18 -10.580900 
19 -10.709200 
20 -10.730300 
21 -10.674800 
22 -10.571900 
23 -10.444200 
24 -10.307000 
25 -10.170700 
26 -10.042300 
27 -9.927500 
28 -9.831200 
29 -9.758000 
30 -9.712200 
31 -9.696500 
32 -9.826800 
33 -10.175700 
34 -10.658600 
35 -11.202000 
36 -11.755800 
44 -11.746700 
45 -11.156400 
46 -11.493000 
47 -11.349700 
48 -11.104200 
49 -10.887300 
50 -10.741700 
51 -10.690700 
52 -10.718200 
53 -10.816900 
54 -11.009800 
55 -11.289400 
56 -11.613400 
57 -11.923500 
65 -11.630900 
66 -11.112000 
67 -10.649500 
68 -10.258200 
69 -9.956100 
70 -9.763100 
71 -9.696500 
72 -9.712200 
73 -9.758000 
74 -9.831200 
75 -9.927500 
76 -10.042300 
77 -10.170700 
78 -10.307000 
79 -10.444200 
80 -10.571900 
81 -10.674800 
82 -10.730300 
83 -10.709200 
84 -10.580900 
85 -10.325600 
86 -9.946900 
87 -9.468200 
88 -8.920300 
89 -8.330300 
90 -7.718900 
91 -7.125400 

36 -11.755800 
45 -11.972800 
46 -11.946100 













