1 22.572500 
2 22.570000 
3 22.563000 
4 22.551800 
5 22.537900 
6 22.522300 
7 22.506700 
8 22.492500 
9 22.481200 
10 22.474000 
11 22.471600 
12 22.468900 
13 22.461500 
14 22.449000 
15 22.431600 
16 22.409300 
17 22.381900 
18 22.350000 
19 22.313800 
20 22.273500 
21 22.229900 
22 22.183800 
23 22.136300 
24 22.088700 
25 22.042400 
26 21.999300 
27 21.961000 
28 21.929000 
29 21.905100 
30 21.890200 
31 21.885200 
32 21.906200 
33 21.966800 
34 22.059700 
35 22.174500 
36 22.298900 
37 22.420500 
38 22.527900 
39 22.611600 
40 22.664700 
41 22.682800 
42 22.680100 
43 22.672500 
44 22.660400 
45 22.645200 
46 22.628200 
47 22.611100 
48 22.595500 
49 22.583200 
50 22.575200 
51 22.572500 
52 22.569000 
53 22.558800 
54 22.541900 
55 22.518500 
56 22.488900 
57 22.453300 
58 22.412400 
59 22.366700 
60 22.317100 
61 22.264600 
62 22.210400 
63 22.155700 
64 22.102200 
65 22.051300 
66 22.004700 
67 21.963900 
68 21.930500 
69 21.905600 
70 21.890300 
71 21.885200 
72 21.890200 
73 21.905100 
74 21.929000 
75 21.961000 
76 21.999300 
77 22.042400 
78 22.088700 
79 22.136300 
80 22.183800 
81 22.229900 
82 22.273500 
83 22.313800 
84 22.350000 
85 22.381900 
86 22.409300 
87 22.431600 
88 22.449000 
89 22.461500 
90 22.468900 
91 22.471600 

1 22.572500 
2 22.570000 
3 22.563000 
4 22.551800 
5 22.537900 
6 22.522300 
7 22.506700 
8 22.492500 
9 22.481200 
10 22.474000 
11 22.471600 
12 22.468300 
13 22.458900 
14 22.443200 
15 22.421700 
16 22.394700 
17 22.362600 
18 22.326000 
19 22.285600 
20 22.242400 
21 22.197100 
22 22.150900 
23 22.105000 
24 22.060500 
25 22.018700 
26 21.980800 
27 21.947900 
28 21.921100 
29 21.901400 
30 21.889200 
31 21.885200 
32 21.883300 
33 21.878200 
34 21.870300 
35 21.860200 
36 21.849000 
37 21.837800 
38 21.827600 
39 21.819500 
40 21.814300 
41 21.812500 
42 21.832500 
43 21.889900 
44 21.978100 
45 22.087300 
46 22.205800 
47 22.321700 
48 22.424200 
49 22.504200 
50 22.555000 
51 22.572500 
52 22.568500 
53 22.556700 
54 22.537300 
55 22.510700 
56 22.477500 
57 22.438400 
58 22.394100 
59 22.345600 
60 22.294100 
61 22.240700 
62 22.186800 
63 22.133600 
64 22.082500 
65 22.034900 
66 21.992000 
67 21.955100 
68 21.925100 
69 21.903100 
70 21.889600 
71 21.885200 
72 21.889200 
73 21.901400 
74 21.921100 
75 21.947900 
76 21.980800 
77 22.018700 
78 22.060500 
79 22.105000 
80 22.150900 
81 22.197100 
82 22.242400 
83 22.285600 
84 22.326000 
85 22.362600 
86 22.394700 
87 22.421700 
88 22.443200 
89 22.458900 
90 22.468300 
91 22.471600 

1 21.743700 
2 21.762800 
3 21.817500 
4 21.901700 
5 22.006100 
6 22.119400 
7 22.230700 
8 22.329000 
9 22.405900 
10 22.454700 
11 22.471600 
12 22.468300 
13 22.458900 
14 22.443200 
15 22.421700 
16 22.394700 
17 22.362600 
18 22.326000 
19 22.285600 
20 22.242400 
21 22.197100 
22 22.150900 
23 22.105000 
24 22.060500 
25 22.018700 
26 21.980800 
27 21.947900 
28 21.921100 
29 21.901400 
30 21.889200 
31 21.885200 
32 21.883300 
33 21.878200 
34 21.870300 
35 21.860200 
36 21.849000 
37 21.837800 
38 21.827600 
39 21.819500 
40 21.814300 
41 21.812500 
42 21.810800 
43 21.806000 
44 21.798400 
45 21.788900 
46 21.778300 
47 21.767700 
48 21.758000 
49 21.750400 
50 21.745400 
51 21.743700 
52 21.744600 
53 21.747100 
54 21.751300 
55 21.757000 
56 21.764100 
57 21.772500 
58 21.781900 
59 21.792000 
60 21.802800 
61 21.813800 
62 21.824900 
63 21.835700 
64 21.846000 
65 21.855600 
66 21.864100 
67 21.871400 
68 21.877300 
69 21.881600 
70 21.884200 
71 21.885200 
72 21.889200 
73 21.901400 
74 21.921100 
75 21.947900 
76 21.980800 
77 22.018700 
78 22.060500 
79 22.105000 
80 22.150900 
81 22.197100 
82 22.242400 
83 22.285600 
84 22.326000 
85 22.362600 
86 22.394700 
87 22.421700 
88 22.443200 
89 22.458900 
90 22.468300 
91 22.471600 

1 1.882200 
2 1.859500 
3 1.792300 
4 1.683300 
5 1.537300 
6 1.362200 
7 1.170000 
8 0.978000 
9 0.809500 
10 0.692000 
11 0.649500 
12 0.659700 
13 0.687300 
14 0.725600 
15 0.767300 
16 0.809100 
17 0.854800 
18 0.918400 
19 1.025000 
20 1.204800 
21 1.476500 
22 1.831600 
23 2.238500 
24 2.660700 
25 3.068300 
26 3.439700 
27 3.759700 
28 4.017900 
29 4.207000 
30 4.322300 
31 4.361100 
32 4.309700 
33 4.160300 
34 3.925500 
35 3.623400 
36 3.274400 
37 2.899100 
38 2.521000 
39 2.173000 
40 1.909400 
41 1.806700 
42 1.744500 
43 1.568800 
44 1.311800 
45 1.019800 
46 0.932700 
47 1.251900 
48 1.518300 
49 1.717600 
50 1.840600 
51 1.882200 
52 1.861500 
53 1.801100 
54 1.707300 
55 1.593900 
56 1.490500 
57 1.451500 
58 1.530700 
59 1.722000 
60 1.983600 
61 2.282200 
62 2.596300 
63 2.910700 
64 3.213200 
65 3.494200 
66 3.745300 
67 3.959800 
68 4.132200 
69 4.258400 
70 4.335300 
71 4.361100 
72 4.322300 
73 4.207000 
74 4.017900 
75 3.759700 
76 3.439700 
77 3.068300 
78 2.660700 
79 2.238500 
80 1.831600 
81 1.476500 
82 1.204800 
83 1.025000 
84 0.918400 
85 0.854800 
86 0.809100 
87 0.767300 
88 0.725600 
89 0.687300 
90 0.659700 
91 0.649500 

1 -0.046200 
2 -0.145000 
3 -0.438400 
4 -0.918300 
5 -1.040000 
6 -0.542200 
7 -0.122700 
8 0.211000 
9 0.453300 
10 0.600300 
11 0.649500 
12 0.623600 
13 0.546300 
14 0.418800 
15 0.243200 
16 0.023100 
17 -0.235300 
18 -0.520800 
19 -0.809400 
20 -1.043300 
21 -1.109300 
22 -0.955500 
23 -0.687300 
24 -0.395400 
25 -0.117900 
26 0.129100 
27 0.337800 
28 0.503800 
29 0.624100 
30 0.696900 
31 0.721300 
32 0.706200 
33 0.661900 
34 0.591200 
35 0.498900 
36 0.392000 
37 0.279700 
38 0.173300 
39 0.084900 
40 0.026100 
41 0.005500 
42 -0.041000 
43 -0.087000 
44 0.228000 
45 0.581500 
46 0.735000 
47 0.480400 
48 0.265300 
49 0.098400 
50 -0.009000 
51 -0.046200 
52 -0.027500 
53 0.027300 
54 0.113300 
55 0.218700 
56 0.317800 
57 0.362500 
58 0.310300 
59 0.186700 
60 0.063300 
61 0.000900 
62 0.019200 
63 0.098600 
64 0.208600 
65 0.326500 
66 0.438300 
67 0.536300 
68 0.615700 
69 0.673900 
70 0.709400 
71 0.721300 
72 0.696900 
73 0.624100 
74 0.503800 
75 0.337800 
76 0.129100 
77 -0.117900 
78 -0.395400 
79 -0.687300 
80 -0.955500 
81 -1.109300 
82 -1.043300 
83 -0.809400 
84 -0.520800 
85 -0.235300 
86 0.023100 
87 0.243200 
88 0.418800 
89 0.546300 
90 0.623600 
91 0.649500 

1 -3.373100 
2 -2.880800 
3 -2.227900 
4 -1.606300 
5 -1.040000 
6 -0.542200 
7 -0.122700 
8 0.211000 
9 0.453300 
10 0.600300 
11 0.649500 
12 0.623600 
13 0.546300 
14 0.418800 
15 0.243200 
16 0.023100 
17 -0.235300 
18 -0.520800 
19 -0.809400 
20 -1.043300 
21 -1.109300 
22 -0.955500 
23 -0.687300 
24 -0.395400 
25 -0.117900 
26 0.129100 
27 0.337800 
28 0.503800 
29 0.624100 
30 0.696900 
31 0.721300 
32 0.671600 
33 0.526200 
34 0.297900 
35 0.014700 
36 -0.273700 
37 -0.497000 
38 -0.591700 
39 -0.551600 
40 -0.448400 
41 -0.394100 
42 -0.311500 
43 -0.186400 
44 -0.447300 
45 -0.843700 
46 -1.378400 
47 -2.018300 
48 -2.693400 
49 -3.303100 
50 -3.356600 
51 -3.373100 
52 -3.376400 
53 -3.386500 
54 -3.404500 
55 -3.223300 
56 -2.909200 
57 -2.567200 
58 -2.210500 
59 -1.850000 
60 -1.494200 
61 -1.150300 
62 -0.824100 
63 -0.520400 
64 -0.243300 
65 0.003700 
66 0.217700 
67 0.396200 
68 0.537200 
69 0.639100 
70 0.700700 
71 0.721300 
72 0.696900 
73 0.624100 
74 0.503800 
75 0.337800 
76 0.129100 
77 -0.117900 
78 -0.395400 
79 -0.687300 
80 -0.955500 
81 -1.109300 
82 -1.043300 
83 -0.809400 
84 -0.520800 
85 -0.235300 
86 0.023100 
87 0.243200 
88 0.418800 
89 0.546300 
90 0.623600 
91 0.649500 

1 -3.373100 
2 -2.880800 
3 -2.227900 
4 -1.606300 
5 -1.571600 
6 -2.381400 
7 -3.326900 
8 -4.382300 
9 -5.513000 
10 -5.380000 
11 -5.278100 
12 -5.354800 
13 -5.580400 
14 -5.820400 
15 -5.195600 
16 -4.595700 
17 -4.029100 
18 -3.507300 
19 -3.053500 
20 -2.723100 
21 -2.625800 
22 -2.797400 
23 -2.959000 
24 -3.241700 
25 -3.609300 
26 -4.028200 
27 -4.463600 
28 -4.875800 
29 -5.219400 
30 -5.448900 
31 -5.529500 
32 -5.410600 
33 -5.100600 
34 -4.690600 
35 -4.255100 
36 -3.840900 
37 -3.476500 
38 -3.179300 
39 -2.960500 
40 -2.826600 
41 -2.781700 
42 -2.794500 
43 -2.832100 
44 -2.891900 
45 -2.969400 
46 -3.058500 
47 -3.151100 
48 -3.238000 
49 -3.309500 
50 -3.416500 
51 -3.373100 
52 -3.383300 
53 -3.413800 
54 -3.464300 
55 -3.255700 
56 -2.981900 
57 -2.710000 
58 -2.468700 
59 -2.292700 
60 -2.223800 
61 -2.299400 
62 -2.524500 
63 -2.867300 
64 -3.284600 
65 -3.738400 
66 -4.196000 
67 -4.626400 
68 -4.999400 
69 -5.287100 
70 -5.468000 
71 -5.529500 
72 -5.448900 
73 -5.219400 
74 -4.875800 
75 -4.463600 
76 -4.028200 
77 -3.609300 
78 -3.241700 
79 -2.959000 
80 -2.797400 
81 -2.625800 
82 -2.723100 
83 -3.053500 
84 -3.507300 
85 -4.029100 
86 -4.595700 
87 -5.195600 
88 -5.820400 
89 -5.580400 
90 -5.354800 
91 -5.278100 

1 -3.885300 
2 -4.387700 
3 -5.068300 
4 -5.729600 
5 -6.340200 
6 -6.881200 
7 -6.735800 
8 -6.137400 
9 -5.675100 
10 -6.660800 
11 -7.510800 
12 -7.091900 
13 -6.460300 
14 -5.820400 
15 -5.195600 
16 -4.595700 
17 -4.029100 
18 -3.507300 
19 -3.053500 
20 -2.723100 
21 -2.625800 
22 -2.807900 
23 -3.156600 
24 -3.571000 
25 -4.000700 
26 -4.414500 
27 -4.788000 
28 -5.100500 
29 -5.335200 
30 -5.480500 
31 -5.529500 
32 -5.410600 
33 -5.100600 
34 -4.690600 
35 -4.255100 
36 -3.840900 
37 -3.476500 
38 -3.179300 
39 -2.960500 
40 -2.826600 
41 -2.781700 
42 -2.814700 
43 -2.903900 
44 -3.030000 
45 -3.178200 
46 -3.338000 
47 -3.499100 
48 -3.649200 
49 -3.545300 
50 -3.731400 
51 -3.885300 
52 -3.839000 
53 -3.704600 
54 -3.494000 
55 -3.432100 
56 -3.471300 
57 -3.524300 
58 -3.593100 
59 -3.679800 
60 -3.785800 
61 -3.912100 
62 -4.058800 
63 -4.225500 
64 -4.410000 
65 -4.608900 
66 -4.816400 
67 -5.023600 
68 -5.217400 
69 -5.380000 
70 -5.490300 
71 -5.529500 
72 -5.480500 
73 -5.335200 
74 -5.100500 
75 -4.788000 
76 -4.414500 
77 -4.000700 
78 -3.571000 
79 -3.156600 
80 -2.807900 
81 -2.625800 
82 -2.723100 
83 -3.053500 
84 -3.507300 
85 -4.029100 
86 -4.595700 
87 -5.195600 
88 -5.820400 
89 -6.460300 
90 -7.091900 
91 -7.510800 

1 -3.885300 
2 -4.387700 
3 -5.068300 
4 -5.729600 
5 -6.340200 
6 -6.881200 
7 -7.339600 
8 -7.466800 
9 -7.490400 
10 -7.505500 
11 -7.510800 
12 -7.091900 
13 -6.460300 
14 -5.942300 
15 -6.092700 
16 -5.317100 
17 -4.573300 
18 -3.906400 
19 -3.361400 
20 -2.981800 
21 -2.795000 
22 -2.807900 
23 -3.156600 
24 -3.571000 
25 -4.000700 
26 -4.414500 
27 -4.788000 
28 -5.100500 
29 -5.335200 
30 -5.480500 
31 -5.529500 
32 -5.536600 
33 -5.557000 
34 -5.589200 
35 -5.630200 
36 -5.676500 
37 -5.723600 
38 -5.766800 
39 -5.801600 
40 -5.824200 
41 -5.832100 
42 -5.740500 
43 -5.491800 
44 -5.144300 
45 -4.757700 
46 -4.378000 
47 -4.036800 
48 -3.754800 
49 -3.773400 
50 -3.856100 
51 -3.885300 
52 -3.839400 
53 -3.707500 
54 -3.505600 
55 -3.534100 
56 -3.622700 
57 -3.728800 
58 -3.851300 
59 -3.988400 
60 -4.138000 
61 -4.297700 
62 -4.464500 
63 -4.634700 
64 -4.804200 
65 -4.968100 
66 -5.121200 
67 -5.257600 
68 -5.371600 
69 -5.457700 
70 -5.511400 
71 -5.529500 
72 -5.480500 
73 -5.335200 
74 -5.100500 
75 -4.788000 
76 -4.414500 
77 -4.000700 
78 -3.571000 
79 -3.156600 
80 -2.807900 
81 -2.795000 
82 -2.981800 
83 -3.361400 
84 -3.906400 
85 -4.573300 
86 -5.317100 
87 -6.092700 
88 -5.942300 
89 -6.460300 
90 -7.091900 
91 -7.510800 

1 -7.303100 
2 -7.308000 
3 -7.322200 
4 -7.344700 
5 -7.373100 
6 -7.405100 
7 -7.339600 
8 -7.706600 
9 -7.975400 
10 -8.139800 
11 -8.195300 
12 -8.013300 
13 -7.526900 
14 -6.854100 
15 -6.424800 
16 -7.000900 
17 -7.647900 
18 -8.328000 
19 -8.985000 
20 -9.536700 
21 -9.899600 
22 -10.055900 
23 -10.064400 
24 -9.998900 
25 -9.912400 
26 -9.838800 
27 -9.800400 
28 -9.810900 
29 -9.869200 
30 -9.946300 
31 -9.983800 
32 -9.712500 
33 -9.090900 
34 -8.381700 
35 -7.734200 
36 -7.247100 
37 -7.005000 
38 -7.063500 
39 -7.394900 
40 -7.834900 
41 -8.059300 
42 -8.057000 
43 -8.047900 
44 -8.024200 
45 -7.973000 
46 -7.879200 
47 -7.736700 
48 -7.567200 
49 -7.418000 
50 -7.329200 
51 -7.303100 
52 -7.315300 
53 -7.352400 
54 -7.414400 
55 -7.501400 
56 -7.612900 
57 -7.748100 
58 -7.905200 
59 -8.082400 
60 -8.276900 
61 -8.485000 
62 -8.702300 
63 -8.923200 
64 -9.140600 
65 -9.293400 
66 -9.379800 
67 -9.493900 
68 -9.636800 
69 -9.794800 
70 -9.929100 
71 -9.983800 
72 -9.946300 
73 -9.869200 
74 -9.810900 
75 -9.800400 
76 -9.838800 
77 -9.912400 
78 -9.998900 
79 -10.064400 
80 -10.055900 
81 -9.899600 
82 -9.536700 
83 -8.985000 
84 -8.328000 
85 -7.647900 
86 -7.000900 
87 -6.424800 
88 -6.854100 
89 -7.526900 
90 -8.013300 
91 -8.195300 

1 -10.641700 
2 -10.554600 
3 -9.862900 
4 -9.047200 
5 -8.221900 
6 -7.440200 
7 -7.437300 
8 -7.706600 
9 -7.975400 
10 -8.139800 
11 -8.195300 
12 -8.615900 
13 -9.248600 
14 -9.877900 
15 -10.458300 
16 -10.946900 
17 -11.297500 
18 -11.481900 
19 -11.512200 
20 -11.431300 
21 -11.284700 
22 -11.105900 
23 -10.916700 
24 -10.730100 
25 -10.554400 
26 -10.394900 
27 -10.255800 
28 -10.141200 
29 -10.055300 
30 -10.001900 
31 -9.983800 
32 -10.123400 
33 -10.492000 
34 -10.990400 
35 -11.534800 
36 -11.253000 
37 -10.591700 
38 -10.056600 
39 -9.661300 
40 -9.418000 
41 -9.335800 
42 -9.452800 
43 -9.784100 
44 -10.276200 
45 -10.854400 
46 -10.883800 
47 -10.518900 
48 -10.349000 
49 -10.366800 
50 -10.524500 
51 -10.641700 
52 -10.563100 
53 -10.345500 
54 -10.073200 
55 -9.807400 
56 -9.577600 
57 -9.395800 
58 -9.264600 
59 -9.181000 
60 -9.138800 
61 -9.129600 
62 -9.145400 
63 -9.179300 
64 -9.228200 
65 -9.346900 
66 -9.533700 
67 -9.693500 
68 -9.820500 
69 -9.911500 
70 -9.965800 
71 -9.983800 
72 -10.001900 
73 -10.055300 
74 -10.141200 
75 -10.255800 
76 -10.394900 
77 -10.554400 
78 -10.730100 
79 -10.916700 
80 -11.105900 
81 -11.284700 
82 -11.431300 
83 -11.512200 
84 -11.481900 
85 -11.297500 
86 -10.946900 
87 -10.458300 
88 -9.877900 
89 -9.248600 
90 -8.615900 
91 -8.195300 

1 -10.860700 
2 -10.644300 
3 -10.650000 
4 -10.651800 
5 -10.636000 
6 -10.579400 
7 -10.442600 
8 -10.164200 
9 -9.666900 
10 -8.915000 
11 -8.195300 
12 -8.615900 
13 -9.248600 
14 -9.877900 
15 -10.458300 
16 -10.946900 
17 -11.297500 
18 -11.481900 
19 -11.512200 
20 -11.431300 
21 -11.284700 
22 -11.105900 
23 -10.916700 
24 -10.730100 
25 -10.554400 
26 -10.394900 
27 -10.255800 
28 -10.141200 
29 -10.055300 
30 -10.001900 
31 -9.983800 
32 -10.123400 
33 -10.492000 
34 -10.990400 
35 -11.534800 
45 -11.422900 
46 -11.419600 
47 -11.554800 
48 -11.313300 
49 -11.079700 
50 -10.918100 
51 -10.860700 
52 -10.899700 
53 -11.043800 
54 -11.273100 
55 -11.547400 
56 -11.822100 
66 -11.491400 
67 -11.001600 
68 -10.585200 
69 -10.262400 
70 -10.055400 
71 -9.983800 
72 -10.001900 
73 -10.055300 
74 -10.141200 
75 -10.255800 
76 -10.394900 
77 -10.554400 
78 -10.730100 
79 -10.916700 
80 -11.105900 
81 -11.284700 
82 -11.431300 
83 -11.512200 
84 -11.481900 
85 -11.297500 
86 -10.946900 
87 -10.458300 
88 -9.877900 
89 -9.248600 
90 -8.615900 
91 -8.195300 

46 -11.896700 













