1 22.533800 
2 22.530600 
3 22.521200 
4 22.506400 
5 22.487600 
6 22.466700 
7 22.445800 
8 22.426700 
9 22.411500 
10 22.401800 
11 22.398400 
12 22.395200 
13 22.386000 
14 22.370900 
15 22.349600 
16 22.322200 
17 22.288600 
18 22.249000 
19 22.203700 
20 22.153100 
21 22.097800 
22 22.039100 
23 21.978100 
24 21.916600 
25 21.856300 
26 21.799700 
27 21.749000 
28 21.706700 
29 21.674700 
30 21.654800 
31 21.648100 
32 21.675800 
33 21.755800 
34 21.877900 
35 22.028000 
36 22.189800 
37 22.346800 
38 22.485000 
39 22.592400 
40 22.660300 
41 22.683500 
42 22.680000 
43 22.669500 
44 22.653300 
45 22.632600 
46 22.609600 
47 22.586400 
48 22.565300 
49 22.548500 
50 22.537600 
51 22.533800 
52 22.529600 
53 22.516900 
54 22.495800 
55 22.466500 
56 22.429200 
57 22.384400 
58 22.332600 
59 22.274700 
60 22.211500 
61 22.144100 
62 22.074300 
63 22.003700 
64 21.934000 
65 21.867500 
66 21.806200 
67 21.752500 
68 21.708300 
69 21.675300 
70 21.654900 
71 21.648100 
72 21.654800 
73 21.674700 
74 21.706700 
75 21.749000 
76 21.799700 
77 21.856300 
78 21.916600 
79 21.978100 
80 22.039100 
81 22.097800 
82 22.153100 
83 22.203700 
84 22.249000 
85 22.288600 
86 22.322200 
87 22.349600 
88 22.370900 
89 22.386000 
90 22.395200 
91 22.398400 

1 22.533800 
2 22.530600 
3 22.521200 
4 22.506400 
5 22.487600 
6 22.466700 
7 22.445800 
8 22.426700 
9 22.411500 
10 22.401800 
11 22.398400 
12 22.394400 
13 22.382500 
14 22.363000 
15 22.336100 
16 22.302200 
17 22.261900 
18 22.215700 
19 22.164700 
20 22.109800 
21 22.052100 
22 21.993000 
23 21.934000 
24 21.876600 
25 21.822500 
26 21.773100 
27 21.730300 
28 21.695300 
29 21.669300 
30 21.653400 
31 21.648100 
32 21.645700 
33 21.638900 
34 21.628400 
35 21.615100 
36 21.600300 
37 21.585400 
38 21.571900 
39 21.561300 
40 21.554300 
41 21.551900 
42 21.578100 
43 21.653300 
44 21.768600 
45 21.910500 
46 22.063700 
47 22.213000 
48 22.344600 
49 22.446900 
50 22.511700 
51 22.533800 
52 22.528800 
53 22.513900 
54 22.489400 
55 22.455600 
56 22.413400 
57 22.363500 
58 22.307000 
59 22.245100 
60 22.179000 
61 22.110300 
62 22.040800 
63 21.972000 
64 21.905800 
65 21.843900 
66 21.788000 
67 21.739700 
68 21.700500 
69 21.671700 
70 21.654000 
71 21.648100 
72 21.653400 
73 21.669300 
74 21.695300 
75 21.730300 
76 21.773100 
77 21.822500 
78 21.876600 
79 21.934000 
80 21.993000 
81 22.052100 
82 22.109800 
83 22.164700 
84 22.215700 
85 22.261900 
86 22.302200 
87 22.336100 
88 22.363000 
89 22.382500 
90 22.394400 
91 22.398400 

1 21.461000 
2 21.485900 
3 21.557400 
4 21.666800 
5 21.802000 
6 21.948100 
7 22.090900 
8 22.216600 
9 22.314700 
10 22.376900 
11 22.398400 
12 22.394400 
13 22.382500 
14 22.363000 
15 22.336100 
16 22.302200 
17 22.261900 
18 22.215700 
19 22.164700 
20 22.109800 
21 22.052100 
22 21.993000 
23 21.934000 
24 21.876600 
25 21.822500 
26 21.773100 
27 21.730300 
28 21.695300 
29 21.669300 
30 21.653400 
31 21.648100 
32 21.645700 
33 21.638900 
34 21.628400 
35 21.615100 
36 21.600300 
37 21.585400 
38 21.571900 
39 21.561300 
40 21.554300 
41 21.551900 
42 21.549700 
43 21.543300 
44 21.533400 
45 21.520800 
46 21.506800 
47 21.492700 
48 21.480000 
49 21.469800 
50 21.463200 
51 21.461000 
52 21.462100 
53 21.465500 
54 21.471100 
55 21.478600 
56 21.488000 
57 21.499100 
58 21.511500 
59 21.525000 
60 21.539300 
61 21.553800 
62 21.568500 
63 21.582800 
64 21.596400 
65 21.609000 
66 21.620300 
67 21.629900 
68 21.637700 
69 21.643400 
70 21.646900 
71 21.648100 
72 21.653400 
73 21.669300 
74 21.695300 
75 21.730300 
76 21.773100 
77 21.822500 
78 21.876600 
79 21.934000 
80 21.993000 
81 22.052100 
82 22.109800 
83 22.164700 
84 22.215700 
85 22.261900 
86 22.302200 
87 22.336100 
88 22.363000 
89 22.382500 
90 22.394400 
91 22.398400 

1 2.174500 
2 2.149900 
3 2.076900 
4 1.958400 
5 1.799400 
6 1.608200 
7 1.397700 
8 1.186300 
9 1.000000 
10 0.869400 
11 0.822000 
12 0.832200 
13 0.859400 
14 0.895300 
15 0.930600 
16 0.960000 
17 0.985400 
18 1.018900 
19 1.085400 
20 1.219500 
21 1.451200 
22 1.784400 
23 2.191200 
24 2.630300 
25 3.064200 
26 3.465500 
27 3.814500 
28 4.097900 
29 4.306400 
30 4.433900 
31 4.476700 
32 4.420000 
33 4.255700 
34 4.000300 
35 3.676000 
36 3.305800 
37 2.911800 
38 2.517500 
39 2.156000 
40 1.883000 
41 1.776900 
42 1.707900 
43 1.515700 
44 1.242500 
45 0.944100 
46 1.065000 
47 1.440900 
48 1.752100 
49 1.983800 
50 2.126400 
51 2.174500 
52 2.150500 
53 2.080000 
54 1.968400 
55 1.827300 
56 1.680700 
57 1.576700 
58 1.583100 
59 1.725700 
60 1.965700 
61 2.259900 
62 2.580100 
63 2.907700 
64 3.228100 
65 3.529200 
66 3.801000 
67 4.035000 
68 4.224200 
69 4.363200 
70 4.448200 
71 4.476700 
72 4.433900 
73 4.306400 
74 4.097900 
75 3.814500 
76 3.465500 
77 3.064200 
78 2.630300 
79 2.191200 
80 1.784400 
81 1.451200 
82 1.219500 
83 1.085400 
84 1.018900 
85 0.985400 
86 0.960000 
87 0.930600 
88 0.895300 
89 0.859400 
90 0.832200 
91 0.822000 

1 -0.125300 
2 -0.236100 
3 -0.564700 
4 -1.100600 
5 -1.069200 
6 -0.511900 
7 -0.042300 
8 0.331100 
9 0.602300 
10 0.766800 
11 0.822000 
12 0.793500 
13 0.708500 
14 0.568000 
15 0.374400 
16 0.131000 
17 -0.156100 
18 -0.476100 
19 -0.806400 
20 -1.091100 
21 -1.205800 
22 -1.059900 
23 -0.763100 
24 -0.431400 
25 -0.113800 
26 0.170100 
27 0.410600 
28 0.602100 
29 0.741200 
30 0.825500 
31 0.853700 
32 0.837100 
33 0.788300 
34 0.710300 
35 0.608400 
36 0.490200 
37 0.365600 
38 0.247200 
39 0.148700 
40 0.083000 
41 0.059900 
42 0.006400 
43 -0.162900 
44 0.216700 
45 0.646200 
46 0.661200 
47 0.409200 
48 0.193800 
49 0.024000 
50 -0.086700 
51 -0.125300 
52 -0.105900 
53 -0.048700 
54 0.041900 
55 0.156500 
56 0.274700 
57 0.355500 
58 0.343200 
59 0.234300 
60 0.102100 
61 0.027200 
62 0.044100 
63 0.134600 
64 0.262400 
65 0.399400 
66 0.528900 
67 0.641900 
68 0.733000 
69 0.799700 
70 0.840100 
71 0.853700 
72 0.825500 
73 0.741200 
74 0.602100 
75 0.410600 
76 0.170100 
77 -0.113800 
78 -0.431400 
79 -0.763100 
80 -1.059900 
81 -1.205800 
82 -1.091100 
83 -0.806400 
84 -0.476100 
85 -0.156100 
86 0.131000 
87 0.374400 
88 0.568000 
89 0.708500 
90 0.793500 
91 0.822000 

1 -3.635700 
2 -3.122900 
3 -2.398600 
4 -1.703300 
5 -1.069200 
6 -0.511900 
7 -0.042300 
8 0.331100 
9 0.602300 
10 0.766800 
11 0.822000 
12 0.793500 
13 0.708500 
14 0.568000 
15 0.374400 
16 0.131000 
17 -0.156100 
18 -0.476100 
19 -0.806400 
20 -1.091100 
21 -1.205800 
22 -1.059900 
23 -0.763100 
24 -0.431400 
25 -0.113800 
26 0.170100 
27 0.410600 
28 0.602100 
29 0.741200 
30 0.825500 
31 0.853700 
32 0.795200 
33 0.623500 
34 0.351700 
35 0.010700 
36 -0.342200 
37 -0.623600 
38 -0.756500 
39 -0.731700 
40 -0.630400 
41 -0.575300 
42 -0.465900 
43 -0.176400 
44 -0.471500 
45 -0.943900 
46 -1.575200 
47 -2.315700 
48 -3.078500 
49 -3.562700 
50 -3.616800 
51 -3.635700 
52 -3.639200 
53 -3.649900 
54 -3.669200 
55 -3.649200 
56 -3.303200 
57 -2.921800 
58 -2.520400 
59 -2.111800 
60 -1.706400 
61 -1.312900 
62 -0.938200 
63 -0.588200 
64 -0.268000 
65 0.018200 
66 0.266800 
67 0.474500 
68 0.638800 
69 0.757700 
70 0.829600 
71 0.853700 
72 0.825500 
73 0.741200 
74 0.602100 
75 0.410600 
76 0.170100 
77 -0.113800 
78 -0.431400 
79 -0.763100 
80 -1.059900 
81 -1.205800 
82 -1.091100 
83 -0.806400 
84 -0.476100 
85 -0.156100 
86 0.131000 
87 0.374400 
88 0.568000 
89 0.708500 
90 0.793500 
91 0.822000 

1 -3.635700 
2 -3.122900 
3 -2.398600 
4 -1.703300 
5 -1.827800 
6 -2.725600 
7 -3.769500 
8 -4.930100 
9 -5.737700 
10 -5.415200 
11 -5.303700 
12 -5.387700 
13 -5.634700 
14 -6.030700 
15 -5.796700 
16 -5.128700 
17 -4.493900 
18 -3.904100 
19 -3.381300 
20 -2.979400 
21 -2.819500 
22 -2.987200 
23 -3.213600 
24 -3.503100 
25 -3.897700 
26 -4.357800 
27 -4.843800 
28 -5.310800 
29 -5.706100 
30 -5.973700 
31 -6.068600 
32 -5.929700 
33 -5.571400 
34 -5.103800 
35 -4.611600 
36 -4.146500 
37 -3.739000 
38 -3.407400 
39 -3.163400 
40 -3.014400 
41 -2.964400 
42 -2.978800 
43 -3.021000 
44 -3.088400 
45 -3.175900 
46 -3.276700 
47 -3.381900 
48 -3.481000 
49 -3.747400 
50 -3.684100 
51 -3.635700 
52 -3.647000 
53 -3.680700 
54 -3.736600 
55 -3.684000 
56 -3.378800 
57 -3.066500 
58 -2.777900 
59 -2.551600 
60 -2.436900 
61 -2.482400 
62 -2.703100 
63 -3.066300 
64 -3.522000 
65 -4.025000 
66 -4.538000 
67 -5.025600 
68 -5.452800 
69 -5.785600 
70 -5.996500 
71 -6.068600 
72 -5.973700 
73 -5.706100 
74 -5.310800 
75 -4.843800 
76 -4.357800 
77 -3.897700 
78 -3.503100 
79 -3.213600 
80 -2.987200 
81 -2.819500 
82 -2.979400 
83 -3.381300 
84 -3.904100 
85 -4.493900 
86 -5.128700 
87 -5.796700 
88 -6.030700 
89 -5.634700 
90 -5.387700 
91 -5.303700 

1 -4.357500 
2 -4.884300 
3 -5.647100 
4 -6.396600 
5 -7.089600 
6 -7.661700 
7 -6.893600 
8 -6.241800 
9 -6.168500 
10 -7.419300 
11 -8.319300 
12 -7.881900 
13 -7.194000 
14 -6.488900 
15 -5.796700 
16 -5.128700 
17 -4.493900 
18 -3.904100 
19 -3.381300 
20 -2.979400 
21 -2.819500 
22 -2.987200 
23 -3.365200 
24 -3.827300 
25 -4.311500 
26 -4.781600 
27 -5.209300 
28 -5.569700 
29 -5.842000 
30 -6.011300 
31 -6.068600 
32 -5.929700 
33 -5.571400 
34 -5.103800 
35 -4.611600 
36 -4.146500 
37 -3.739000 
38 -3.407400 
39 -3.163400 
40 -3.014400 
41 -2.964400 
42 -3.015500 
43 -3.146000 
44 -3.318200 
45 -3.508600 
46 -3.705600 
47 -3.899700 
48 -4.061800 
49 -3.827700 
50 -4.200000 
51 -4.357500 
52 -4.309400 
53 -4.168100 
54 -3.943200 
55 -3.698900 
56 -3.741600 
57 -3.799500 
58 -3.875300 
59 -3.971000 
60 -4.088600 
61 -4.229100 
62 -4.392800 
63 -4.579200 
64 -4.786400 
65 -5.010500 
66 -5.245600 
67 -5.481800 
68 -5.704600 
69 -5.893200 
70 -6.022400 
71 -6.068600 
72 -6.011300 
73 -5.842000 
74 -5.569700 
75 -5.209300 
76 -4.781600 
77 -4.311500 
78 -3.827300 
79 -3.365200 
80 -2.987200 
81 -2.819500 
82 -2.979400 
83 -3.381300 
84 -3.904100 
85 -4.493900 
86 -5.128700 
87 -5.796700 
88 -6.488900 
89 -7.194000 
90 -7.881900 
91 -8.319300 

1 -4.357500 
2 -4.884300 
3 -5.647100 
4 -6.396600 
5 -7.089600 
6 -7.701400 
7 -8.216500 
8 -8.267900 
9 -8.295500 
10 -8.313200 
11 -8.319300 
12 -7.881900 
13 -7.194000 
14 -6.488900 
15 -6.556100 
16 -6.071600 
17 -5.247500 
18 -4.493400 
19 -3.856100 
20 -3.385300 
21 -3.120700 
22 -3.071900 
23 -3.365200 
24 -3.827300 
25 -4.311500 
26 -4.781600 
27 -5.209300 
28 -5.569700 
29 -5.842000 
30 -6.011300 
31 -6.068600 
32 -6.076700 
33 -6.100200 
34 -6.137000 
35 -6.184200 
36 -6.237500 
37 -6.291800 
38 -6.341800 
39 -6.382100 
40 -6.408300 
41 -6.417400 
42 -6.311100 
43 -6.024200 
44 -5.626800 
45 -5.188300 
46 -4.760400 
47 -4.377400 
48 -4.078200 
49 -4.225200 
50 -4.323100 
51 -4.357500 
52 -4.309600 
53 -4.171100 
54 -3.955900 
55 -3.814000 
56 -3.912200 
57 -4.030100 
58 -4.166300 
59 -4.319100 
60 -4.486300 
61 -4.665200 
62 -4.852600 
63 -5.044600 
64 -5.236500 
65 -5.422900 
66 -5.597700 
67 -5.754300 
68 -5.885700 
69 -5.985200 
70 -6.047500 
71 -6.068600 
72 -6.011300 
73 -5.842000 
74 -5.569700 
75 -5.209300 
76 -4.781600 
77 -4.311500 
78 -3.827300 
79 -3.365200 
80 -3.071900 
81 -3.120700 
82 -3.385300 
83 -3.856100 
84 -4.493400 
85 -5.247500 
86 -6.071600 
87 -6.556100 
88 -6.488900 
89 -7.194000 
90 -7.881900 
91 -8.319300 

1 -8.077600 
2 -8.083200 
3 -8.099800 
4 -8.125800 
5 -8.158900 
6 -7.701400 
7 -8.216500 
8 -8.626000 
9 -8.924000 
10 -9.105600 
11 -9.166600 
12 -8.975700 
13 -8.461100 
14 -7.741500 
15 -6.921500 
16 -7.190600 
17 -7.904900 
18 -8.665100 
19 -9.418200 
20 -10.081200 
21 -10.553600 
22 -10.787000 
23 -10.831200 
24 -10.772500 
25 -10.676800 
26 -10.585000 
27 -10.522900 
28 -10.506000 
29 -10.536400 
30 -10.590500 
31 -10.618800 
32 -10.333300 
33 -9.677200 
34 -8.927800 
35 -8.246300 
36 -7.742200 
37 -7.513900 
38 -7.630100 
39 -8.065900 
40 -8.638900 
41 -8.941100 
42 -8.936300 
43 -8.918700 
44 -8.877700 
45 -8.796300 
46 -8.658600 
47 -8.469400 
48 -8.273000 
49 -8.134200 
50 -8.082200 
51 -8.077600 
52 -8.078000 
53 -8.083800 
54 -8.104700 
55 -8.150400 
56 -8.226500 
57 -8.334600 
58 -8.473400 
59 -8.640200 
60 -8.831000 
61 -9.041000 
62 -9.264600 
63 -9.495000 
64 -9.724100 
65 -9.942800 
66 -10.052600 
67 -10.159700 
68 -10.292600 
69 -10.440400 
70 -10.567100 
71 -10.618800 
72 -10.590500 
73 -10.536400 
74 -10.506000 
75 -10.522900 
76 -10.585000 
77 -10.676800 
78 -10.772500 
79 -10.831200 
80 -10.787000 
81 -10.553600 
82 -10.081200 
83 -9.418200 
84 -8.665100 
85 -7.904900 
86 -7.190600 
87 -6.921500 
88 -7.741500 
89 -8.461100 
90 -8.975700 
91 -9.166600 

1 -11.550300 
2 -11.164000 
3 -10.349300 
4 -9.429500 
5 -8.517500 
6 -8.196100 
7 -8.233600 
8 -8.626000 
9 -8.924000 
10 -9.105600 
11 -9.166600 
12 -9.604500 
13 -10.289300 
14 -10.973500 
15 -11.599800 
22 -11.990100 
23 -11.754000 
24 -11.525300 
25 -11.311400 
26 -11.117900 
27 -10.949100 
28 -10.810100 
29 -10.705800 
30 -10.640900 
31 -10.618800 
32 -10.776300 
33 -11.185700 
34 -11.727300 
36 -11.667600 
37 -10.955000 
38 -10.377700 
39 -9.950600 
40 -9.687400 
41 -9.598500 
42 -9.732800 
43 -10.112600 
44 -10.676400 
45 -11.339300 
46 -11.707900 
47 -11.397800 
48 -11.297700 
49 -11.404700 
50 -11.614800 
51 -11.550300 
52 -11.565600 
53 -11.341300 
54 -10.961700 
55 -10.606300 
56 -10.309300 
57 -10.080400 
58 -9.919500 
59 -9.820800 
60 -9.775000 
61 -9.771000 
62 -9.796600 
63 -9.841500 
64 -9.899100 
65 -9.968100 
66 -10.141600 
67 -10.311600 
68 -10.446500 
69 -10.542700 
70 -10.599900 
71 -10.618800 
72 -10.640900 
73 -10.705800 
74 -10.810100 
75 -10.949100 
76 -11.117900 
77 -11.311400 
78 -11.525300 
79 -11.754000 
80 -11.990100 
87 -11.599800 
88 -10.973500 
89 -10.289300 
90 -9.604500 
91 -9.166600 

1 -11.939300 
2 -11.941900 
3 -11.947100 
4 -11.946800 
5 -11.924400 
6 -11.852300 
7 -11.684500 
8 -11.352100 
9 -10.776300 
10 -9.933400 
11 -9.166600 
12 -9.604500 
13 -10.289300 
14 -10.973500 
15 -11.599800 
22 -11.990100 
23 -11.754000 
24 -11.525300 
25 -11.311400 
26 -11.117900 
27 -10.949100 
28 -10.810100 
29 -10.705800 
30 -10.640900 
31 -10.618800 
32 -10.776300 
33 -11.185700 
34 -11.727300 
49 -11.795800 
50 -11.699000 
51 -11.939300 
52 -11.808700 
53 -11.823900 
67 -11.755600 
68 -11.293800 
69 -10.933000 
70 -10.699900 
71 -10.618800 
72 -10.640900 
73 -10.705800 
74 -10.810100 
75 -10.949100 
76 -11.117900 
77 -11.311400 
78 -11.525300 
79 -11.754000 
80 -11.990100 
87 -11.599800 
88 -10.973500 
89 -10.289300 
90 -9.604500 
91 -9.166600 














