1 2.079300 
2 1.993300 
3 1.737300 
4 1.322300 
5 0.768300 
6 0.109300 
7 -0.602700 
8 -1.295700 
9 -1.883700 
10 -2.280700 
11 -2.421700 
12 -2.215700 
13 -1.622700 
14 -0.707700 
15 0.443300 
16 1.744300 
17 3.120300 
18 4.511300 
19 5.870300 
20 7.165300 
21 8.373300 
22 9.479300 
23 10.474300 
24 11.353300 
25 12.113300 
26 12.753300 
27 13.275300 
28 13.680300 
29 13.968300 
30 14.140300 
31 14.197300 
32 14.121300 
33 13.890300 
34 13.503300 
35 12.958300 
36 12.255300 
37 11.394300 
38 10.383300 
39 9.232300 
40 7.985300 
41 7.097300 
42 7.001300 
43 6.716300 
44 6.253300 
45 5.635300 
46 4.900300 
47 4.106300 
48 3.334300 
49 2.678300 
50 2.241300 
51 2.079300 
52 2.284300 
53 2.845300 
54 3.650300 
55 4.596300 
56 5.605300 
57 6.627300 
58 7.627300 
59 8.581300 
60 9.475300 
61 10.298300 
62 11.045300 
63 11.713300 
64 12.300300 
65 12.807300 
66 13.235300 
67 13.583300 
68 13.852300 
69 14.044300 
70 14.159300 
71 14.197300 
72 14.140300 
73 13.968300 
74 13.680300 
75 13.275300 
76 12.753300 
77 12.113300 
78 11.353300 
79 10.474300 
80 9.479300 
81 8.373300 
82 7.165300 
83 5.870300 
84 4.511300 
85 3.120300 
86 1.744300 
87 0.443300 
88 -0.707700 
89 -1.622700 
90 -2.215700 
91 -2.421700 

1 2.079300 
2 1.993300 
3 1.737300 
4 1.322300 
5 0.768300 
6 0.109300 
7 -0.602700 
8 -1.295700 
9 -1.883700 
10 -2.280700 
11 -2.421700 
12 -2.432700 
13 -2.467700 
14 -2.532700 
15 -2.636700 
16 -2.791700 
17 -3.011700 
18 -3.310700 
19 -3.703700 
20 -4.202700 
21 -4.819700 
22 -5.560700 
23 -6.424700 
24 -7.401700 
25 -8.468700 
26 -9.583700 
27 -10.685700 
28 -11.690700 
29 -12.506700 
30 -13.041700 
31 -13.228700 
32 -12.623700 
33 -10.982700 
34 -8.708700 
35 -6.194700 
36 -3.701700 
37 -1.355700 
38 0.800300 
39 2.753300 
40 4.474300 
41 5.518300 
42 5.471300 
43 5.327300 
44 5.083300 
45 4.738300 
46 4.296300 
47 3.773300 
48 3.207300 
49 2.661300 
50 2.236300 
51 2.079300 
52 2.033300 
53 1.896300 
54 1.665300 
55 1.339300 
56 0.916300 
57 0.393300 
58 -0.235700 
59 -0.971700 
60 -1.820700 
61 -2.783700 
62 -3.859700 
63 -5.041700 
64 -6.315700 
65 -7.652700 
66 -9.005700 
67 -10.309700 
68 -11.476700 
69 -12.410700 
70 -13.017700 
71 -13.228700 
72 -13.041700 
73 -12.506700 
74 -11.690700 
75 -10.685700 
76 -9.583700 
77 -8.468700 
78 -7.401700 
79 -6.424700 
80 -5.560700 
81 -4.819700 
82 -4.202700 
83 -3.703700 
84 -3.310700 
85 -3.011700 
86 -2.791700 
87 -2.636700 
88 -2.532700 
89 -2.467700 
90 -2.432700 
91 -2.421700 

1 -5.522700 
2 -5.383700 
3 -5.006700 
4 -4.495700 
5 -3.956700 
6 -3.468700 
7 -3.070700 
8 -2.773700 
9 -2.572700 
10 -2.458700 
11 -2.421700 
12 -2.432700 
13 -2.467700 
14 -2.532700 
15 -2.636700 
16 -2.791700 
17 -3.011700 
18 -3.310700 
19 -3.703700 
20 -4.202700 
21 -4.819700 
22 -5.560700 
23 -6.424700 
24 -7.401700 
25 -8.468700 
26 -9.583700 
27 -10.685700 
28 -11.690700 
29 -12.506700 
30 -13.041700 
31 -13.228700 
32 -13.324700 
33 -13.608700 
34 -14.066700 
35 -14.673700 
36 -15.386700 
37 -16.148700 
38 -16.880700 
39 -17.494700 
40 -17.906700 
41 -18.050700 
42 -17.621700 
43 -16.445700 
44 -14.783700 
45 -12.917700 
46 -11.058700 
47 -9.336700 
48 -7.834700 
49 -6.626700 
50 -5.814700 
51 -5.522700 
52 -5.667700 
53 -6.051700 
54 -6.575700 
55 -7.151700 
56 -7.725700 
57 -8.271700 
58 -8.780700 
59 -9.255700 
60 -9.703700 
61 -10.132700 
62 -10.552700 
63 -10.966700 
64 -11.376700 
65 -11.777700 
66 -12.159700 
67 -12.508700 
68 -12.805700 
69 -13.034700 
70 -13.178700 
71 -13.228700 
72 -13.041700 
73 -12.506700 
74 -11.690700 
75 -10.685700 
76 -9.583700 
77 -8.468700 
78 -7.401700 
79 -6.424700 
80 -5.560700 
81 -4.819700 
82 -4.202700 
83 -3.703700 
84 -3.310700 
85 -3.011700 
86 -2.791700 
87 -2.636700 
88 -2.532700 
89 -2.467700 
90 -2.432700 
91 -2.421700 

1 -22.889700 
2 -22.937700 
3 -23.062700 
4 -23.218700 
5 -23.364700 
6 -23.477700 
7 -23.554700 
8 -23.600700 
9 -23.624700 
10 -23.635700 
11 -23.639700 
12 -23.635700 
13 -23.606700 
14 -23.508700 
15 -23.291700 
16 -22.918700 
17 -22.373700 
18 -21.665700 
19 -20.822700 
20 -19.885700 
21 -18.901700 
22 -17.916700 
23 -16.972700 
24 -16.103700 
25 -15.334700 
26 -14.680700 
27 -14.148700 
28 -13.740700 
29 -13.454700 
30 -13.284700 
31 -13.228700 
32 -13.324700 
33 -13.608700 
34 -14.066700 
35 -14.673700 
36 -15.386700 
37 -16.148700 
38 -16.880700 
39 -17.494700 
40 -17.906700 
41 -18.050700 
42 -18.148700 
43 -18.437700 
44 -18.902700 
45 -19.515700 
46 -20.234700 
47 -20.997700 
48 -21.728700 
49 -22.338700 
50 -22.745700 
51 -22.889700 
52 -22.816700 
53 -22.602700 
54 -22.254700 
55 -21.786700 
56 -21.215700 
57 -20.561700 
58 -19.847700 
59 -19.094700 
60 -18.326700 
61 -17.564700 
62 -16.826700 
63 -16.128700 
64 -15.485700 
65 -14.909700 
66 -14.408700 
67 -13.989700 
68 -13.659700 
69 -13.420700 
70 -13.276700 
71 -13.228700 
72 -13.284700 
73 -13.454700 
74 -13.740700 
75 -14.148700 
76 -14.680700 
77 -15.334700 
78 -16.103700 
79 -16.972700 
80 -17.916700 
81 -18.901700 
82 -19.885700 
83 -20.822700 
84 -21.665700 
85 -22.373700 
86 -22.918700 
87 -23.291700 
88 -23.508700 
89 -23.606700 
90 -23.635700 
91 -23.639700 

