1 0.027200 
2 0.209200 
3 0.603200 
4 1.050200 
5 1.499200 
6 1.935200 
7 2.350200 
8 2.743200 
9 3.110200 
10 3.450200 
11 3.762200 
12 4.045200 
13 4.299200 
14 4.523200 
15 4.718200 
16 4.882200 
17 5.017200 
18 5.121200 
19 5.196200 
20 5.240200 
21 5.255200 
22 5.386200 
23 5.509200 
24 5.626200 
25 5.737200 
26 5.841200 
27 5.938200 
28 6.029200 
29 6.113200 
30 6.191200 
31 6.261200 
32 6.325200 
33 6.383200 
34 6.433200 
35 6.477200 
36 6.515200 
37 6.545200 
38 6.569200 
39 6.586200 
40 6.596200 
41 6.599200 
42 6.584200 
43 6.538200 
44 6.462200 
45 6.356200 
46 6.219200 
47 6.052200 
48 5.856200 
49 5.630200 
50 5.376200 
51 5.092200 
52 4.780200 
53 4.441200 
54 4.074200 
55 3.681200 
56 3.262200 
57 2.817200 
58 2.346200 
59 1.851200 
60 1.330200 
61 0.803200 
62 0.933200 
63 1.059200 
64 1.177200 
65 1.289200 
66 1.394200 
67 1.491200 
68 1.581200 
69 1.664200 
70 1.740200 
71 1.809200 
72 1.870200 
73 1.925200 
74 1.974200 
75 2.016200 
76 2.051200 
77 2.080200 
78 2.103200 
79 2.119200 
80 2.128200 
81 2.131200 
82 2.550200 
83 2.956200 
84 3.342200 
85 3.709200 
86 4.054200 
87 4.379200 
88 4.682200 
89 4.963200 
90 5.223200 
91 5.461200 
92 5.676200 
93 5.869200 
94 6.040200 
95 6.188200 
96 6.313200 
97 6.416200 
98 6.496200 
99 6.553200 
100 6.588200 
101 6.599200 
102 6.584200 
103 6.540200 
104 6.466200 
105 6.362200 
106 6.229200 
107 6.066200 
108 5.874200 
109 5.653200 
110 5.402200 
111 5.123200 
112 4.815200 
113 4.477200 
114 4.112200 
115 3.718200 
116 3.297200 
117 2.850200 
118 2.382200 
119 1.904200 
120 1.454200 
121 1.215200 

1 0.027200 
2 0.209200 
3 0.603200 
4 1.050200 
5 1.499200 
6 1.935200 
7 2.350200 
8 2.743200 
9 3.110200 
10 3.450200 
11 3.762200 
12 4.045200 
13 4.299200 
14 4.523200 
15 4.718200 
16 4.882200 
17 5.017200 
18 5.121200 
19 5.196200 
20 5.240200 
21 5.255200 
22 5.118200 
23 4.975200 
24 4.825200 
25 4.669200 
26 4.506200 
27 4.337200 
28 4.161200 
29 3.979200 
30 3.791200 
31 3.596200 
32 3.396200 
33 3.189200 
34 2.977200 
35 2.759200 
36 2.537200 
37 2.312200 
38 2.086200 
39 1.868200 
40 1.679200 
41 1.591200 
42 1.577200 
43 1.533200 
44 1.461200 
45 1.359200 
46 1.228200 
47 1.068200 
48 0.878200 
49 0.659200 
50 0.410200 
51 0.134200 
52 -0.168800 
53 -0.497800 
54 -0.847800 
55 -0.911800 
56 -0.739800 
57 -0.445800 
58 -0.120800 
59 0.202200 
60 0.508200 
61 0.792200 
62 0.889200 
63 1.021200 
64 1.145200 
65 1.262200 
66 1.370200 
67 1.471200 
68 1.565200 
69 1.651200 
70 1.729200 
71 1.799200 
72 1.863200 
73 1.918200 
74 1.967200 
75 2.008200 
76 2.043200 
77 2.071200 
78 2.092200 
79 2.107200 
80 2.116200 
81 2.119200 
82 1.685200 
83 1.232200 
84 0.772200 
85 0.322200 
86 -0.078800 
87 -0.335800 
88 -0.246800 
89 0.020200 
90 0.269200 
91 0.498200 
92 0.706200 
93 0.892200 
94 1.056200 
95 1.198200 
96 1.319200 
97 1.417200 
98 1.493200 
99 1.548200 
100 1.580200 
101 1.591200 
102 1.669200 
103 1.827200 
104 1.995200 
105 2.148200 
106 2.279200 
107 2.383200 
108 2.459200 
109 2.506200 
110 2.523200 
111 2.510200 
112 2.467200 
113 2.395200 
114 2.295200 
115 2.167200 
116 2.013200 
117 1.837200 
118 1.645200 
119 1.451200 
120 1.285200 
121 1.215200 

1 -0.657800 
2 -0.760800 
3 -1.034800 
4 -1.385800 
5 -1.781800 
6 -2.212800 
7 -2.671800 
8 -3.148800 
9 -3.625800 
10 -4.067800 
11 -4.440800 
12 -4.727800 
13 -4.917800 
14 -5.018800 
15 -5.059800 
16 -5.071800 
17 -5.072800 
18 -5.073800 
19 -5.074800 
20 -5.077800 
21 -5.078800 
22 -4.733800 
23 -4.387800 
24 -4.043800 
25 -3.700800 
26 -3.359800 
27 -3.020800 
28 -2.686800 
29 -2.355800 
30 -2.028800 
31 -1.707800 
32 -1.390800 
33 -1.079800 
34 -0.774800 
35 -0.476800 
36 -0.186800 
37 0.095200 
38 0.364200 
39 0.614200 
40 0.821200 
41 0.915200 
42 0.907200 
43 0.879200 
44 0.832200 
45 0.761200 
46 0.665200 
47 0.542200 
48 0.392200 
49 0.215200 
50 0.013200 
51 -0.209800 
52 -0.445800 
53 -0.678800 
54 -0.866800 
55 -1.215800 
56 -1.133800 
57 -0.695800 
58 -0.288800 
59 0.086200 
60 0.427200 
61 0.714200 
62 0.475200 
63 0.185200 
64 -0.112800 
65 -0.417800 
66 -0.729800 
67 -1.047800 
68 -1.371800 
69 -1.699800 
70 -2.030800 
71 -2.314800 
72 -2.247800 
73 -2.187800 
74 -2.134800 
75 -2.089800 
76 -2.051800 
77 -2.020800 
78 -1.995800 
79 -1.978800 
80 -1.968800 
81 -1.964800 
82 -1.889800 
83 -1.691800 
84 -1.425800 
85 -1.129800 
86 -0.827800 
87 -0.530800 
88 -0.364800 
89 -0.246800 
90 -0.081800 
91 0.091200 
92 0.255200 
93 0.404200 
94 0.533200 
95 0.642200 
96 0.732200 
97 0.801200 
98 0.853200 
99 0.888200 
100 0.909200 
101 0.915200 
102 0.814200 
103 0.584200 
104 0.297200 
105 -0.025800 
106 -0.375800 
107 -0.748800 
108 -1.140800 
109 -1.546800 
110 -1.956800 
111 -2.344800 
112 -2.614800 
113 -2.496800 
114 -2.114800 
115 -1.694800 
116 -1.284800 
117 -0.895800 
118 -0.537800 
119 -0.224800 
120 0.011200 
121 0.100200 

1 -0.657800 
2 -0.760800 
3 -1.034800 
4 -1.385800 
5 -1.781800 
6 -2.212800 
7 -2.671800 
8 -3.148800 
9 -3.625800 
10 -4.067800 
11 -4.440800 
12 -4.727800 
13 -4.917800 
14 -5.018800 
15 -5.059800 
16 -5.071800 
17 -5.072800 
18 -5.073800 
19 -5.074800 
20 -5.077800 
21 -5.078800 
22 -5.422800 
23 -5.763800 
24 -6.101800 
25 -6.435800 
26 -6.762800 
27 -7.081800 
28 -7.391800 
29 -7.690800 
30 -7.975800 
31 -8.014800 
32 -7.983800 
33 -7.955800 
34 -7.929800 
35 -7.907800 
36 -7.887800 
37 -7.871800 
38 -7.859800 
39 -7.850800 
40 -7.844800 
41 -7.842800 
42 -7.724800 
43 -7.422800 
44 -7.013800 
45 -6.544800 
46 -6.043800 
47 -5.527800 
48 -5.006800 
49 -4.488800 
50 -3.980800 
51 -3.486800 
52 -3.017800 
53 -2.588800 
54 -2.095800 
55 -1.601800 
56 -1.595800 
57 -1.981800 
58 -2.363800 
59 -2.734800 
60 -3.056800 
61 -3.113800 
62 -3.101800 
63 -3.071800 
64 -2.994800 
65 -2.873800 
66 -2.761800 
67 -2.656800 
68 -2.559800 
69 -2.470800 
70 -2.388800 
71 -2.361800 
72 -2.649800 
73 -2.617800 
74 -2.589800 
75 -2.565800 
76 -2.546800 
77 -2.530800 
78 -2.518800 
79 -2.510800 
80 -2.505800 
81 -2.504800 
82 -2.430800 
83 -2.245800 
84 -2.015800 
85 -1.790800 
86 -1.630800 
87 -1.639800 
88 -1.904800 
89 -2.346800 
90 -2.867800 
91 -3.422800 
92 -3.993800 
93 -4.569800 
94 -5.140800 
95 -5.695800 
96 -6.224800 
97 -6.714800 
98 -7.148800 
99 -7.505800 
100 -7.751800 
101 -7.842800 
102 -7.753800 
103 -7.514800 
104 -7.170800 
105 -6.755800 
106 -6.291800 
107 -5.796800 
108 -5.283800 
109 -4.765800 
110 -4.255800 
111 -3.774800 
112 -3.398800 
113 -3.334800 
114 -3.319800 
115 -3.019800 
116 -2.503800 
117 -1.904800 
118 -1.288800 
119 -0.692800 
120 -0.168800 
121 0.100200 

1 -1.434800 
2 -1.554800 
3 -1.798800 
4 -2.096800 
5 -2.428800 
6 -2.784800 
7 -3.161800 
8 -3.555800 
9 -3.971800 
10 -4.420800 
11 -4.908800 
12 -5.414800 
13 -5.914800 
14 -6.393800 
15 -6.841800 
16 -7.255800 
17 -7.629800 
18 -7.950800 
19 -8.203800 
20 -8.366800 
21 -8.422800 
22 -8.377800 
23 -8.333800 
24 -8.289800 
25 -8.245800 
26 -8.203800 
27 -8.162800 
28 -8.122800 
29 -8.084800 
30 -8.048800 
31 -8.014800 
32 -7.983800 
33 -7.955800 
34 -7.929800 
35 -7.907800 
36 -7.887800 
37 -7.871800 
38 -7.859800 
39 -7.850800 
40 -7.844800 
41 -7.842800 
42 -7.754800 
43 -7.519800 
44 -7.183800 
45 -6.780800 
46 -6.327800 
47 -5.838800 
48 -5.322800 
49 -4.786800 
50 -4.240800 
51 -3.691800 
52 -3.146800 
53 -2.612800 
54 -2.241800 
55 -2.073800 
56 -2.152800 
57 -2.377800 
58 -2.643800 
59 -2.887800 
60 -3.083800 
61 -3.400800 
62 -3.258800 
63 -3.122800 
64 -3.029800 
65 -2.980800 
66 -2.927800 
67 -2.874800 
68 -2.822800 
69 -2.773800 
70 -2.728800 
71 -2.686800 
72 -2.688800 
73 -3.008800 
74 -3.315800 
75 -3.603800 
76 -3.863800 
77 -4.089800 
78 -4.265800 
79 -4.327800 
80 -4.332800 
81 -4.332800 
82 -4.424800 
83 -4.581800 
84 -4.631800 
85 -4.701800 
86 -4.793800 
87 -4.905800 
88 -5.039800 
89 -5.194800 
90 -5.370800 
91 -5.568800 
92 -5.787800 
93 -6.024800 
94 -6.280800 
95 -6.548800 
96 -6.826800 
97 -7.103800 
98 -7.369800 
99 -7.604800 
100 -7.777800 
101 -7.842800 
102 -7.778800 
103 -7.613800 
104 -7.391800 
105 -7.145800 
106 -6.896800 
107 -6.654800 
108 -6.427800 
109 -6.221800 
110 -6.038800 
111 -5.880800 
112 -5.748800 
113 -5.635800 
114 -5.374800 
115 -5.455800 
116 -5.498800 
117 -5.505800 
118 -5.538800 
119 -5.599800 
120 -5.686800 
121 -5.799800 

1 -1.434800 
2 -1.554800 
3 -1.798800 
4 -2.096800 
5 -2.428800 
6 -2.784800 
7 -3.161800 
8 -3.555800 
9 -3.971800 
10 -4.420800 
11 -4.908800 
12 -5.414800 
13 -5.914800 
14 -6.393800 
15 -6.841800 
16 -7.255800 
17 -7.629800 
18 -7.950800 
19 -8.203800 
20 -8.366800 
21 -8.422800 
22 -8.377800 
23 -8.333800 
24 -8.289800 
25 -8.245800 
26 -8.203800 
27 -8.162800 
28 -8.122800 
29 -8.084800 
30 -8.048800 
31 -8.246800 
32 -8.499800 
33 -8.733800 
34 -8.893800 
35 -8.914800 
36 -8.931800 
37 -8.945800 
38 -8.957800 
39 -8.965800 
40 -8.970800 
41 -8.971800 
42 -8.996800 
43 -9.045800 
44 -9.074800 
45 -9.060800 
46 -8.992800 
47 -8.855800 
48 -8.630800 
49 -8.346800 
50 -8.014800 
51 -7.625800 
52 -7.172800 
53 -6.701800 
54 -6.224800 
55 -5.753800 
56 -5.297800 
57 -4.862800 
58 -4.453800 
59 -4.074800 
60 -3.727800 
61 -3.412800 
62 -3.553800 
63 -3.685800 
64 -3.806800 
65 -3.916800 
66 -4.013800 
67 -4.098800 
68 -4.171800 
69 -4.232800 
70 -4.283800 
71 -4.324800 
72 -4.357800 
73 -4.382800 
74 -4.371800 
75 -4.361800 
76 -4.354800 
77 -4.351800 
78 -4.358800 
79 -4.432800 
80 -4.433800 
81 -4.433800 
82 -4.527800 
83 -4.663800 
84 -4.989800 
85 -5.362800 
86 -5.758800 
87 -6.165800 
88 -6.571800 
89 -6.968800 
90 -7.350800 
91 -7.707800 
92 -8.033800 
93 -8.321800 
94 -8.566800 
95 -8.762800 
96 -8.905800 
97 -8.994800 
98 -9.030800 
99 -9.022800 
100 -8.990800 
101 -8.971800 
102 -8.988800 
103 -9.009800 
104 -8.990800 
105 -8.905800 
106 -8.748800 
107 -8.516800 
108 -8.188800 
109 -7.758800 
110 -7.246800 
111 -6.686800 
112 -6.123800 
113 -5.644800 
114 -5.568800 
115 -5.519800 
116 -5.760800 
117 -6.138800 
118 -6.290800 
119 -6.102800 
120 -5.938800 
121 -5.799800 

1 -7.559800 
2 -7.547800 
3 -7.510800 
4 -7.445800 
5 -7.353800 
6 -7.238800 
7 -7.106800 
8 -6.966800 
9 -6.833800 
10 -6.725800 
11 -6.665800 
12 -6.684800 
13 -6.807800 
14 -7.027800 
15 -7.309800 
16 -7.606800 
17 -7.881800 
18 -8.111800 
19 -8.282800 
20 -8.387800 
21 -8.422800 
22 -8.466800 
23 -8.510800 
24 -8.554800 
25 -8.596800 
26 -8.637800 
27 -8.676800 
28 -8.714800 
29 -8.750800 
30 -8.784800 
31 -8.815800 
32 -8.844800 
33 -8.870800 
34 -8.893800 
35 -8.914800 
36 -8.931800 
37 -8.945800 
38 -8.957800 
39 -8.965800 
40 -8.970800 
41 -8.971800 
42 -9.011800 
43 -9.082800 
44 -9.122800 
45 -9.103800 
46 -9.014800 
47 -8.869800 
48 -8.692800 
49 -8.431800 
50 -8.049800 
51 -7.646800 
52 -7.255800 
53 -6.853800 
54 -6.452800 
55 -6.066800 
56 -5.704800 
57 -5.381800 
58 -5.115800 
59 -4.935800 
60 -4.884800 
61 -4.992800 
62 -4.904800 
63 -4.821800 
64 -4.747800 
65 -4.680800 
66 -4.620800 
67 -4.568800 
68 -4.523800 
69 -4.484800 
70 -4.452800 
71 -4.424800 
72 -4.402800 
73 -4.385800 
74 -4.400800 
75 -4.413800 
76 -4.421800 
77 -4.427800 
78 -4.430800 
79 -4.433800 
80 -4.512800 
81 -4.540800 
82 -4.550800 
83 -4.779800 
84 -5.134800 
85 -5.548800 
86 -5.992800 
87 -6.449800 
88 -6.902800 
89 -7.341800 
90 -7.755800 
91 -8.134800 
92 -8.474800 
93 -8.768800 
94 -9.016800 
95 -9.176800 
96 -9.202800 
97 -9.191800 
98 -9.145800 
99 -9.074800 
100 -9.003800 
101 -8.971800 
102 -9.001800 
103 -9.064800 
104 -9.117800 
105 -9.127800 
106 -9.081800 
107 -8.851800 
108 -8.602800 
109 -8.372800 
110 -8.164800 
111 -7.973800 
112 -7.801800 
113 -7.529800 
114 -7.251800 
115 -6.984800 
116 -6.733800 
117 -6.501800 
118 -6.503800 
119 -6.803800 
120 -7.001800 
121 -7.077800 

1 -7.559800 
2 -7.547800 
3 -7.510800 
4 -7.445800 
5 -7.353800 
6 -7.238800 
7 -7.106800 
8 -6.966800 
9 -6.833800 
10 -6.725800 
11 -6.665800 
12 -6.684800 
13 -6.807800 
14 -7.027800 
15 -7.309800 
16 -7.606800 
17 -7.881800 
18 -8.111800 
19 -8.282800 
20 -8.387800 
21 -8.422800 
22 -8.466800 
23 -8.510800 
24 -8.554800 
25 -8.596800 
26 -8.637800 
27 -8.676800 
28 -8.714800 
29 -8.750800 
30 -8.784800 
31 -8.815800 
32 -8.844800 
33 -8.870800 
34 -8.946800 
35 -9.135800 
36 -9.299800 
37 -9.436800 
38 -9.545800 
39 -9.623800 
40 -9.671800 
41 -9.686800 
42 -9.672800 
43 -9.628800 
44 -9.549800 
45 -9.429800 
46 -9.261800 
47 -9.040800 
48 -8.763800 
49 -8.468800 
50 -8.204800 
51 -7.910800 
52 -7.594800 
53 -7.265800 
54 -6.933800 
55 -6.603800 
56 -6.284800 
57 -5.980800 
58 -5.696800 
59 -5.436800 
60 -5.203800 
61 -4.999800 
62 -5.109800 
63 -5.248800 
64 -5.410800 
65 -5.588800 
66 -5.778800 
67 -5.977800 
68 -6.181800 
69 -6.388800 
70 -6.595800 
71 -6.801800 
72 -7.002800 
73 -7.196800 
74 -7.380800 
75 -7.550800 
76 -7.702800 
77 -7.834800 
78 -7.941800 
79 -8.020800 
80 -8.068800 
81 -8.084800 
82 -8.093800 
83 -8.118800 
84 -8.159800 
85 -8.216800 
86 -8.289800 
87 -8.376800 
88 -8.475800 
89 -8.584800 
90 -8.700800 
91 -8.817800 
92 -8.931800 
93 -9.033800 
94 -9.118800 
95 -9.218800 
96 -9.377800 
97 -9.498800 
98 -9.585800 
99 -9.643800 
100 -9.676800 
101 -9.686800 
102 -9.660800 
103 -9.584800 
104 -9.463800 
105 -9.300800 
106 -9.094800 
107 -8.975800 
108 -8.813800 
109 -8.604800 
110 -8.360800 
111 -8.092800 
112 -7.812800 
113 -7.647800 
114 -7.512800 
115 -7.396800 
116 -7.299800 
117 -7.221800 
118 -7.161800 
119 -7.118800 
120 -7.093800 
121 -7.077800 

