1 0.468200 
2 0.532200 
3 0.641200 
4 0.745200 
5 0.834200 
6 0.904200 
7 0.958200 
8 0.999200 
9 1.034200 
10 1.071200 
11 1.120200 
12 1.190200 
13 1.284200 
14 1.396200 
15 1.518200 
16 1.639200 
17 1.750200 
18 1.844200 
19 1.914200 
20 1.958200 
21 1.973200 
22 2.044200 
23 2.118200 
24 2.194200 
25 2.271200 
26 2.347200 
27 2.422200 
28 2.495200 
29 2.564200 
30 2.631200 
31 2.692200 
32 2.749200 
33 2.801200 
34 2.848200 
35 2.889200 
36 2.924200 
37 2.952200 
38 2.975200 
39 2.991200 
40 3.000200 
41 3.004200 
42 2.988200 
43 2.943200 
44 2.869200 
45 2.767200 
46 2.639200 
47 2.488200 
48 2.317200 
49 2.129200 
50 1.928200 
51 1.717200 
52 1.501200 
53 1.287200 
54 1.081200 
55 0.895200 
56 0.755200 
57 0.808200 
58 0.843200 
59 0.861200 
60 0.869200 
61 0.870200 
62 0.870200 
63 0.871200 
64 0.872200 
65 0.874200 
66 0.878200 
67 0.884200 
68 0.891200 
69 0.899200 
70 0.908200 
71 0.927200 
72 1.003200 
73 1.074200 
74 1.139200 
75 1.197200 
76 1.247200 
77 1.289200 
78 1.322200 
79 1.345200 
80 1.360200 
81 1.365200 
82 1.361200 
83 1.352200 
84 1.349200 
85 1.367200 
86 1.416200 
87 1.495200 
88 1.602200 
89 1.731200 
90 1.876200 
91 2.030200 
92 2.185200 
93 2.337200 
94 2.481200 
95 2.612200 
96 2.727200 
97 2.825200 
98 2.902200 
99 2.958200 
100 2.992200 
101 3.004200 
102 2.989200 
103 2.945200 
104 2.874200 
105 2.775200 
106 2.651200 
107 2.507200 
108 2.346200 
109 2.174200 
110 2.003200 
111 1.842200 
112 1.706200 
113 1.607200 
114 1.549200 
115 1.527200 
116 1.527200 
117 1.535200 
118 1.540200 
119 1.536200 
120 1.520200 
121 1.491200 

1 0.468200 
2 0.532200 
3 0.641200 
4 0.745200 
5 0.834200 
6 0.904200 
7 0.958200 
8 0.999200 
9 1.034200 
10 1.071200 
11 1.120200 
12 1.190200 
13 1.284200 
14 1.396200 
15 1.518200 
16 1.639200 
17 1.750200 
18 1.844200 
19 1.914200 
20 1.958200 
21 1.973200 
22 1.906200 
23 1.844200 
24 1.788200 
25 1.739200 
26 1.697200 
27 1.662200 
28 1.635200 
29 1.614200 
30 1.599200 
31 1.588200 
32 1.582200 
33 1.578200 
34 1.577200 
35 1.578200 
36 1.580200 
37 1.582200 
38 1.584200 
39 1.585200 
40 1.586200 
41 1.587200 
42 1.571200 
43 1.525200 
44 1.449200 
45 1.347200 
46 1.224200 
47 1.084200 
48 0.937200 
49 0.790200 
50 0.653200 
51 0.535200 
52 0.443200 
53 0.459200 
54 0.582200 
55 0.680200 
56 0.741200 
57 0.630200 
58 0.549200 
59 0.475200 
60 0.399200 
61 0.333200 
62 0.356200 
63 0.386200 
64 0.422200 
65 0.465200 
66 0.525200 
67 0.602200 
68 0.683200 
69 0.765200 
70 0.847200 
71 0.918200 
72 0.929200 
73 0.940200 
74 0.986200 
75 1.035200 
76 1.078200 
77 1.114200 
78 1.142200 
79 1.163200 
80 1.176200 
81 1.180200 
82 1.180200 
83 1.181200 
84 1.174200 
85 1.150200 
86 1.106200 
87 1.049200 
88 0.986200 
89 0.929200 
90 0.891200 
91 0.886200 
92 0.922200 
93 0.996200 
94 1.096200 
95 1.205200 
96 1.311200 
97 1.405200 
98 1.483200 
99 1.540200 
100 1.575200 
101 1.587200 
102 1.574200 
103 1.538200 
104 1.479200 
105 1.397200 
106 1.296200 
107 1.181200 
108 1.059200 
109 0.943200 
110 0.849200 
111 0.801200 
112 0.815200 
113 0.886200 
114 0.981200 
115 1.078200 
116 1.169200 
117 1.253200 
118 1.328200 
119 1.394200 
120 1.448200 
121 1.491200 

1 0.169200 
2 0.106200 
3 0.002200 
4 -0.089800 
5 -0.155800 
6 -0.197800 
7 -0.221800 
8 -0.230800 
9 -0.220800 
10 -0.191800 
11 -0.159800 
12 -0.142800 
13 -0.157800 
14 -0.203800 
15 -0.276800 
16 -0.366800 
17 -0.465800 
18 -0.561800 
19 -0.645800 
20 -0.703800 
21 -0.724800 
22 -0.725800 
23 -0.737800 
24 -0.760800 
25 -0.794800 
26 -0.837800 
27 -0.875800 
28 -0.915800 
29 -0.957800 
30 -1.000800 
31 -1.042800 
32 -1.083800 
33 -1.116800 
34 -1.134800 
35 -1.153800 
36 -1.172800 
37 -1.191800 
38 -1.206800 
39 -1.219800 
40 -1.227800 
41 -1.230800 
42 -1.139800 
43 -1.019800 
44 -0.889800 
45 -0.749800 
46 -0.602800 
47 -0.451800 
48 -0.300800 
49 -0.154800 
50 -0.018800 
51 0.140200 
52 0.311200 
53 0.380200 
54 0.342200 
55 0.365200 
56 0.348200 
57 0.292200 
58 0.287200 
59 0.288200 
60 0.301200 
61 0.331200 
62 0.325200 
63 0.347200 
64 0.393200 
65 0.454200 
66 0.514200 
67 0.567200 
68 0.626200 
69 0.687200 
70 0.749200 
71 0.812200 
72 0.873200 
73 0.931200 
74 0.950200 
75 0.960200 
76 0.968200 
77 0.976200 
78 0.982200 
79 0.986200 
80 0.989200 
81 0.990200 
82 0.979200 
83 0.946200 
84 0.891200 
85 0.815200 
86 0.717200 
87 0.599200 
88 0.461200 
89 0.304200 
90 0.129200 
91 -0.061800 
92 -0.266800 
93 -0.402800 
94 -0.489800 
95 -0.595800 
96 -0.711800 
97 -0.828800 
98 -0.943800 
99 -1.052800 
100 -1.154800 
101 -1.230800 
102 -1.152800 
103 -1.048800 
104 -0.939800 
105 -0.829800 
106 -0.722800 
107 -0.623800 
108 -0.399800 
109 -0.157800 
110 0.054200 
111 0.222200 
112 0.326200 
113 0.368200 
114 0.373200 
115 0.364200 
116 0.354200 
117 0.348200 
118 0.342200 
119 0.332200 
120 0.312200 
121 0.282200 

1 0.169200 
2 0.106200 
3 0.002200 
4 -0.089800 
5 -0.155800 
6 -0.197800 
7 -0.221800 
8 -0.230800 
9 -0.220800 
10 -0.191800 
11 -0.159800 
12 -0.142800 
13 -0.157800 
14 -0.203800 
15 -0.276800 
16 -0.366800 
17 -0.465800 
18 -0.561800 
19 -0.645800 
20 -0.703800 
21 -0.724800 
22 -0.732800 
23 -0.749800 
24 -0.773800 
25 -0.802800 
26 -0.839800 
27 -0.895800 
28 -0.961800 
29 -1.035800 
30 -1.077800 
31 -1.087800 
32 -1.100800 
33 -1.116800 
34 -1.134800 
35 -1.153800 
36 -1.172800 
37 -1.191800 
38 -1.206800 
39 -1.219800 
40 -1.227800 
41 -1.230800 
42 -1.252800 
43 -1.319800 
44 -1.431800 
45 -1.244800 
46 -1.000800 
47 -0.749800 
48 -0.503800 
49 -0.270800 
50 -0.054800 
51 0.103200 
52 0.206200 
53 0.287200 
54 0.339200 
55 0.316200 
56 0.301200 
57 0.292200 
58 0.220200 
59 0.164200 
60 0.143200 
61 0.148200 
62 0.139200 
63 0.109200 
64 0.063200 
65 0.008200 
66 -0.051800 
67 -0.115800 
68 -0.180800 
69 -0.245800 
70 -0.310800 
71 -0.374800 
72 -0.436800 
73 -0.495800 
74 -0.550800 
75 -0.599800 
76 -0.643800 
77 -0.681800 
78 -0.710800 
79 -0.732800 
80 -0.745800 
81 -0.750800 
82 -0.735800 
83 -0.692800 
84 -0.632800 
85 -0.564800 
86 -0.500800 
87 -0.446800 
88 -0.402800 
89 -0.366800 
90 -0.337800 
91 -0.326800 
92 -0.345800 
93 -0.483800 
94 -0.707800 
95 -0.934800 
96 -1.156800 
97 -1.363800 
98 -1.380800 
99 -1.296800 
100 -1.246800 
101 -1.230800 
102 -1.244800 
103 -1.284800 
104 -1.350800 
105 -1.195800 
106 -0.930800 
107 -0.661800 
108 -0.537800 
109 -0.476800 
110 -0.446800 
111 -0.441800 
112 -0.413800 
113 -0.330800 
114 -0.225800 
115 -0.121800 
116 -0.028800 
117 0.054200 
118 0.126200 
119 0.188200 
120 0.241200 
121 0.282200 

1 -0.714800 
2 -0.710800 
3 -0.705800 
4 -0.706800 
5 -0.714800 
6 -0.718800 
7 -0.707800 
8 -0.683800 
9 -0.665800 
10 -0.673800 
11 -0.711800 
12 -0.772800 
13 -0.845800 
14 -0.923800 
15 -0.997800 
16 -1.061800 
17 -1.111800 
18 -1.142800 
19 -1.158800 
20 -1.161800 
21 -1.161800 
22 -1.135800 
23 -1.114800 
24 -1.096800 
25 -1.082800 
26 -1.073800 
27 -1.068800 
28 -1.067800 
29 -1.070800 
30 -1.077800 
31 -1.087800 
32 -1.100800 
33 -1.121800 
34 -1.158800 
35 -1.190800 
36 -1.219800 
37 -1.244800 
38 -1.264800 
39 -1.278800 
40 -1.287800 
41 -1.290800 
42 -1.380800 
43 -1.498800 
44 -1.465800 
45 -1.567800 
46 -1.503800 
47 -1.397800 
48 -1.296800 
49 -1.211800 
50 -1.154800 
51 -1.121800 
52 -0.990800 
53 -0.882800 
54 -0.797800 
55 -0.736800 
56 -0.699800 
57 -0.684800 
58 -0.690800 
59 -0.714800 
60 -0.753800 
61 -0.804800 
62 -0.779800 
63 -0.761800 
64 -0.749800 
65 -0.744800 
66 -0.745800 
67 -0.752800 
68 -0.764800 
69 -0.780800 
70 -0.801800 
71 -0.824800 
72 -0.849800 
73 -0.874800 
74 -0.899800 
75 -0.923800 
76 -0.945800 
77 -0.964800 
78 -0.980800 
79 -0.991800 
80 -0.999800 
81 -1.001800 
82 -1.008800 
83 -1.028800 
84 -1.062800 
85 -1.109800 
86 -1.170800 
87 -1.242800 
88 -1.227800 
89 -1.151800 
90 -1.116800 
91 -1.126800 
92 -1.176800 
93 -1.254800 
94 -1.347800 
95 -1.445800 
96 -1.539800 
97 -1.496800 
98 -1.542800 
99 -1.466800 
100 -1.365800 
101 -1.290800 
102 -1.361800 
103 -1.443800 
104 -1.435800 
105 -1.436800 
106 -1.454800 
107 -1.355800 
108 -1.228800 
109 -1.087800 
110 -0.950800 
111 -0.844800 
112 -0.826800 
113 -0.923800 
114 -1.087800 
115 -1.278800 
116 -1.473800 
117 -1.664800 
118 -1.845800 
119 -2.008800 
120 -2.142800 
121 -2.232800 

1 -0.714800 
2 -0.710800 
3 -0.705800 
4 -0.706800 
5 -0.714800 
6 -0.718800 
7 -0.707800 
8 -0.683800 
9 -0.665800 
10 -0.673800 
11 -0.711800 
12 -0.772800 
13 -0.845800 
14 -0.923800 
15 -0.997800 
16 -1.061800 
17 -1.111800 
18 -1.142800 
19 -1.158800 
20 -1.161800 
21 -1.161800 
22 -1.135800 
23 -1.114800 
24 -1.096800 
25 -1.082800 
26 -1.073800 
27 -1.068800 
28 -1.067800 
29 -1.070800 
30 -1.115800 
31 -1.201800 
32 -1.288800 
33 -1.375800 
34 -1.460800 
35 -1.540800 
36 -1.612800 
37 -1.675800 
38 -1.726800 
39 -1.764800 
40 -1.787800 
41 -1.795800 
42 -1.756800 
43 -1.643800 
44 -1.621800 
45 -1.642800 
46 -1.811800 
47 -1.809800 
48 -1.621800 
49 -1.440800 
50 -1.272800 
51 -1.135800 
52 -1.161800 
53 -1.232800 
54 -1.341800 
55 -1.422800 
56 -1.298800 
57 -1.177800 
58 -1.063800 
59 -0.960800 
60 -0.873800 
61 -0.806800 
62 -0.834800 
63 -0.864800 
64 -0.895800 
65 -0.926800 
66 -0.957800 
67 -0.987800 
68 -1.016800 
69 -1.044800 
70 -1.071800 
71 -1.095800 
72 -1.117800 
73 -1.137800 
74 -1.155800 
75 -1.170800 
76 -1.182800 
77 -1.193800 
78 -1.201800 
79 -1.207800 
80 -1.210800 
81 -1.211800 
82 -1.217800 
83 -1.236800 
84 -1.266800 
85 -1.308800 
86 -1.361800 
87 -1.329800 
88 -1.326800 
89 -1.421800 
90 -1.525800 
91 -1.638800 
92 -1.757800 
93 -1.880800 
94 -2.005800 
95 -1.828800 
96 -1.646800 
97 -1.605800 
98 -1.565800 
99 -1.680800 
100 -1.766800 
101 -1.795800 
102 -1.755800 
103 -1.630800 
104 -1.500800 
105 -1.507800 
106 -1.532800 
107 -1.623800 
108 -1.645800 
109 -1.602800 
110 -1.563800 
111 -1.535800 
112 -1.527800 
113 -1.548800 
114 -1.608800 
115 -1.712800 
116 -1.852800 
117 -2.006800 
118 -2.142800 
119 -2.234800 
120 -2.265800 
121 -2.232800 

1 -2.470800 
2 -2.467800 
3 -2.446800 
4 -2.405800 
5 -2.356800 
6 -2.317800 
7 -2.303800 
8 -2.315800 
9 -2.338800 
10 -2.349800 
11 -2.323800 
12 -2.241800 
13 -2.106800 
14 -1.936800 
15 -1.756800 
16 -1.586800 
17 -1.438800 
18 -1.318800 
19 -1.231800 
20 -1.179800 
21 -1.161800 
22 -1.190800 
23 -1.223800 
24 -1.259800 
25 -1.298800 
26 -1.339800 
27 -1.382800 
28 -1.427800 
29 -1.472800 
30 -1.518800 
31 -1.564800 
32 -1.608800 
33 -1.651800 
34 -1.691800 
35 -1.727800 
36 -1.760800 
37 -1.787800 
38 -1.810800 
39 -1.826800 
40 -1.836800 
41 -1.839800 
42 -1.824800 
43 -1.779800 
44 -1.709800 
45 -1.748800 
46 -1.880800 
47 -2.020800 
48 -2.172800 
49 -2.090800 
50 -1.997800 
51 -1.895800 
52 -1.785800 
53 -1.668800 
54 -1.547800 
55 -1.473800 
56 -1.615800 
57 -1.753800 
58 -1.873800 
59 -1.964800 
60 -2.019800 
61 -2.038800 
62 -2.034800 
63 -2.022800 
64 -2.005800 
65 -1.984800 
66 -1.959800 
67 -1.933800 
68 -1.907800 
69 -1.880800 
70 -1.856800 
71 -1.832800 
72 -1.811800 
73 -1.791800 
74 -1.774800 
75 -1.759800 
76 -1.746800 
77 -1.735800 
78 -1.727800 
79 -1.721800 
80 -1.717800 
81 -1.716800 
82 -1.705800 
83 -1.673800 
84 -1.616800 
85 -1.536800 
86 -1.437800 
87 -1.424800 
88 -1.497800 
89 -1.577800 
90 -1.665800 
91 -1.757800 
92 -1.853800 
93 -1.951800 
94 -2.041800 
95 -2.021800 
96 -1.871800 
97 -1.758800 
98 -1.750800 
99 -1.795800 
100 -1.828800 
101 -1.839800 
102 -1.827800 
103 -1.803800 
104 -1.771800 
105 -1.740800 
106 -1.714800 
107 -1.683800 
108 -1.689800 
109 -1.725800 
110 -1.741800 
111 -1.753800 
112 -1.770800 
113 -1.799800 
114 -1.843800 
115 -1.904800 
116 -1.983800 
117 -2.080800 
118 -2.194800 
119 -2.324800 
120 -2.467800 
121 -2.620800 

1 -2.470800 
2 -2.467800 
3 -2.446800 
4 -2.405800 
5 -2.356800 
6 -2.317800 
7 -2.303800 
8 -2.315800 
9 -2.338800 
10 -2.349800 
11 -2.323800 
12 -2.241800 
13 -2.106800 
14 -1.936800 
15 -1.756800 
16 -1.586800 
17 -1.438800 
18 -1.318800 
19 -1.231800 
20 -1.179800 
21 -1.161800 
22 -1.190800 
23 -1.223800 
24 -1.259800 
25 -1.298800 
26 -1.339800 
27 -1.382800 
28 -1.427800 
29 -1.472800 
30 -1.518800 
31 -1.564800 
32 -1.608800 
33 -1.651800 
34 -1.691800 
35 -1.727800 
36 -1.760800 
37 -1.787800 
38 -1.810800 
39 -1.826800 
40 -1.836800 
41 -1.839800 
42 -1.861800 
43 -1.927800 
44 -2.042800 
45 -2.177800 
46 -1.997800 
47 -2.068800 
48 -2.175800 
49 -2.337800 
50 -2.516800 
51 -2.710800 
52 -2.918800 
53 -3.140800 
54 -3.374800 
55 -3.618800 
56 -3.869800 
57 -4.124800 
58 -4.378800 
59 -4.628800 
60 -4.867800 
61 -5.089800 
62 -4.993800 
63 -4.911800 
64 -4.848800 
65 -4.807800 
66 -4.787800 
67 -4.789800 
68 -4.812800 
69 -4.855800 
70 -4.917800 
71 -4.997800 
72 -5.094800 
73 -5.207800 
74 -5.335800 
75 -5.476800 
76 -5.630800 
77 -5.794800 
78 -5.968800 
79 -5.995800 
80 -5.997800 
81 -5.998800 
82 -5.922800 
83 -5.718800 
84 -5.390800 
85 -4.947800 
86 -4.525800 
87 -4.131800 
88 -3.766800 
89 -3.432800 
90 -3.129800 
91 -2.855800 
92 -2.556800 
93 -2.284800 
94 -2.049800 
95 -2.128800 
96 -2.241800 
97 -2.098800 
98 -1.985800 
99 -1.904800 
100 -1.855800 
101 -1.839800 
102 -1.852800 
103 -1.890800 
104 -1.949800 
105 -2.024800 
106 -2.103800 
107 -2.184800 
108 -2.287800 
109 -2.429800 
110 -2.604800 
111 -2.794800 
112 -2.981800 
113 -3.143800 
114 -3.257800 
115 -3.306800 
116 -3.285800 
117 -3.205800 
118 -3.083800 
119 -2.937800 
120 -2.779800 
121 -2.620800 

1 -5.467800 
2 -5.486800 
3 -5.532800 
4 -5.581800 
5 -5.602800 
6 -5.571800 
7 -5.482800 
8 -5.330800 
9 -5.118800 
10 -4.866800 
11 -4.629800 
12 -4.453800 
13 -4.353800 
14 -4.314800 
15 -4.314800 
16 -4.333800 
17 -4.356800 
18 -4.376800 
19 -4.391800 
20 -4.400800 
21 -4.403800 
22 -4.278800 
23 -4.152800 
24 -4.025800 
25 -3.898800 
26 -3.773800 
27 -3.649800 
28 -3.528800 
29 -3.410800 
30 -3.297800 
31 -3.189800 
32 -3.086800 
33 -2.990800 
34 -2.901800 
35 -2.821800 
36 -2.750800 
37 -2.689800 
38 -2.640800 
39 -2.604800 
40 -2.582800 
41 -2.575800 
42 -2.546800 
43 -2.463800 
44 -2.336800 
45 -2.208800 
46 -2.321800 
47 -2.251800 
48 -2.375800 
49 -2.730800 
50 -3.127800 
51 -3.556800 
52 -4.003800 
53 -4.448800 
54 -4.859800 
55 -5.206800 
56 -5.461800 
57 -5.602800 
58 -5.548800 
59 -5.502800 
60 -5.324800 
61 -5.098800 
62 -5.198800 
63 -5.295800 
64 -5.386800 
65 -5.471800 
66 -5.545800 
67 -5.585800 
68 -5.632800 
69 -5.687800 
70 -5.748800 
71 -5.815800 
72 -5.883800 
73 -5.915800 
74 -5.941800 
75 -5.961800 
76 -5.975800 
77 -5.985800 
78 -5.992800 
79 -6.151800 
80 -6.337800 
81 -6.389800 
82 -6.259800 
83 -5.841800 
84 -5.421800 
85 -5.060800 
86 -4.670800 
87 -4.278800 
88 -3.894800 
89 -3.527800 
90 -3.180800 
91 -2.855800 
92 -2.609800 
93 -2.389800 
94 -2.193800 
95 -2.146800 
96 -2.242800 
97 -2.332800 
98 -2.419800 
99 -2.497800 
100 -2.553800 
101 -2.575800 
102 -2.561800 
103 -2.533800 
104 -2.513800 
105 -2.519800 
106 -2.552800 
107 -2.646800 
108 -2.801800 
109 -3.004800 
110 -3.222800 
111 -3.454800 
112 -3.708800 
113 -3.980800 
114 -4.269800 
115 -4.571800 
116 -4.882800 
117 -5.191800 
118 -5.485800 
119 -5.741800 
120 -5.924800 
121 -6.005800 

1 -5.467800 
2 -5.486800 
3 -5.532800 
4 -5.581800 
5 -5.602800 
6 -5.571800 
7 -5.482800 
8 -5.330800 
9 -5.118800 
10 -4.866800 
11 -4.629800 
12 -4.453800 
13 -4.353800 
14 -4.314800 
15 -4.314800 
16 -4.333800 
17 -4.356800 
18 -4.376800 
19 -4.391800 
20 -4.400800 
21 -4.403800 
22 -4.278800 
23 -4.152800 
24 -4.025800 
25 -3.898800 
26 -3.773800 
27 -3.649800 
28 -3.528800 
29 -3.410800 
30 -3.297800 
31 -3.189800 
32 -3.086800 
33 -2.990800 
34 -2.901800 
35 -2.821800 
36 -2.750800 
37 -2.689800 
38 -2.640800 
39 -2.604800 
40 -2.582800 
41 -2.575800 
42 -2.555800 
43 -2.507800 
44 -2.448800 
45 -2.385800 
46 -2.428800 
47 -2.701800 
48 -3.025800 
49 -3.398800 
50 -3.818800 
51 -4.278800 
52 -4.774800 
53 -5.294800 
54 -5.768800 
55 -5.717800 
56 -5.660800 
57 -5.607800 
58 -5.634800 
59 -5.530800 
60 -5.471800 
61 -5.459800 
62 -5.462800 
63 -5.472800 
64 -5.489800 
65 -5.513800 
66 -5.549800 
67 -5.621800 
68 -5.686800 
69 -5.745800 
70 -5.798800 
71 -5.844800 
72 -5.887800 
73 -5.963800 
74 -6.040800 
75 -6.116800 
76 -6.188800 
77 -6.254800 
78 -6.310800 
79 -6.353800 
80 -6.380800 
81 -6.478800 
82 -6.387800 
83 -6.030800 
84 -5.655800 
85 -5.301800 
86 -4.960800 
87 -4.624800 
88 -4.294800 
89 -3.973800 
90 -3.664800 
91 -3.371800 
92 -3.097800 
93 -2.845800 
94 -2.617800 
95 -2.416800 
96 -2.246800 
97 -2.353800 
98 -2.444800 
99 -2.515800 
100 -2.559800 
101 -2.575800 
102 -2.567800 
103 -2.547800 
104 -2.526800 
105 -2.525800 
106 -2.582800 
107 -2.687800 
108 -2.833800 
109 -3.014800 
110 -3.246800 
111 -3.521800 
112 -3.822800 
113 -4.145800 
114 -4.485800 
115 -4.834800 
116 -5.182800 
117 -5.517800 
118 -5.821800 
119 -6.061800 
120 -6.027800 
121 -6.005800 

1 -7.323800 
2 -7.334800 
3 -7.372800 
4 -7.433800 
5 -7.432800 
6 -7.156800 
7 -6.716800 
8 -6.277800 
9 -5.903800 
10 -5.614800 
11 -5.388800 
12 -5.201800 
13 -5.037800 
14 -4.894800 
15 -4.770800 
16 -4.665800 
17 -4.579800 
18 -4.509800 
19 -4.455800 
20 -4.417800 
21 -4.403800 
22 -4.524800 
23 -4.641800 
24 -4.753800 
25 -4.858800 
26 -4.955800 
27 -5.044800 
28 -4.986800 
29 -4.838800 
30 -4.694800 
31 -4.554800 
32 -4.421800 
33 -4.297800 
34 -4.182800 
35 -4.079800 
36 -3.989800 
37 -3.837800 
38 -3.576800 
39 -3.386800 
40 -3.269800 
41 -3.230800 
42 -3.271800 
43 -3.391800 
44 -3.591800 
45 -3.867800 
46 -4.217800 
47 -4.632800 
48 -5.099800 
49 -5.554800 
50 -5.783800 
51 -5.832800 
52 -5.832800 
53 -5.808800 
54 -5.826800 
55 -6.351800 
56 -6.846800 
57 -7.280800 
58 -7.272800 
59 -7.025800 
60 -6.956800 
61 -7.014800 
62 -6.974800 
63 -6.952800 
64 -6.948800 
65 -6.958800 
66 -6.981800 
67 -7.012800 
68 -7.049800 
69 -7.087800 
70 -7.125800 
71 -7.159800 
72 -7.186800 
73 -7.205800 
74 -7.216800 
75 -7.219800 
76 -7.215800 
77 -7.209800 
78 -7.088800 
79 -6.930800 
80 -6.751800 
81 -6.611800 
82 -6.397800 
83 -6.379800 
84 -6.366800 
85 -6.347800 
86 -6.322800 
87 -6.291800 
88 -6.252800 
89 -6.206800 
90 -6.152800 
91 -5.920800 
92 -5.529800 
93 -5.079800 
94 -4.665800 
95 -4.296800 
96 -3.976800 
97 -3.711800 
98 -3.502800 
99 -3.351800 
100 -3.261800 
101 -3.230800 
102 -3.299800 
103 -3.492800 
104 -3.791800 
105 -4.177800 
106 -4.571800 
107 -4.939800 
108 -5.367800 
109 -5.654800 
110 -5.629800 
111 -5.584800 
112 -5.537800 
113 -5.507800 
114 -5.516800 
115 -5.580800 
116 -5.701800 
117 -5.861800 
118 -6.034800 
119 -6.071800 
120 -6.243800 
121 -6.317800 

1 -7.323800 
2 -7.334800 
3 -7.372800 
4 -7.433800 
5 -7.432800 
6 -7.156800 
7 -6.716800 
8 -6.277800 
9 -5.903800 
10 -5.614800 
11 -5.388800 
12 -5.201800 
13 -5.037800 
14 -4.894800 
15 -4.770800 
16 -4.665800 
17 -4.579800 
18 -4.509800 
19 -4.455800 
20 -4.417800 
21 -4.403800 
22 -4.524800 
23 -4.641800 
24 -4.753800 
25 -4.858800 
26 -4.955800 
27 -5.044800 
28 -4.986800 
29 -4.838800 
30 -4.694800 
31 -4.554800 
32 -4.421800 
33 -4.297800 
34 -4.182800 
35 -4.079800 
36 -3.989800 
37 -3.913800 
38 -3.853800 
39 -3.810800 
40 -3.783800 
41 -3.774800 
42 -3.803800 
43 -3.898800 
44 -4.086800 
45 -4.384800 
46 -4.798800 
47 -5.318800 
48 -5.886800 
49 -6.013800 
50 -6.392800 
51 -6.966800 
52 -7.587800 
53 -8.215800 
54 -8.826800 
55 -8.747800 
56 -8.197800 
57 -7.684800 
58 -7.567800 
59 -7.391800 
60 -7.166800 
61 -7.018800 
62 -7.078800 
63 -7.151800 
64 -7.233800 
65 -7.321800 
66 -7.409800 
67 -7.495800 
68 -7.574800 
69 -7.641800 
70 -7.690800 
71 -7.645800 
72 -7.594800 
73 -7.552800 
74 -7.518800 
75 -7.488800 
76 -7.364800 
77 -7.230800 
78 -7.201800 
79 -7.190800 
80 -7.099800 
81 -7.070800 
82 -7.094800 
83 -7.152800 
84 -7.196800 
85 -7.195800 
86 -7.134800 
87 -7.006800 
88 -6.812800 
89 -6.559800 
90 -6.256800 
91 -6.008800 
92 -5.568800 
93 -5.217800 
94 -4.885800 
95 -4.586800 
96 -4.330800 
97 -4.122800 
98 -3.966800 
99 -3.858800 
100 -3.795800 
101 -3.774800 
102 -3.804800 
103 -3.894800 
104 -4.048800 
105 -4.273800 
106 -4.634800 
107 -5.142800 
108 -5.671800 
109 -5.868800 
110 -6.367800 
111 -6.742800 
112 -6.759800 
113 -6.702800 
114 -6.601800 
115 -6.476800 
116 -6.344800 
117 -6.222800 
118 -6.126800 
119 -6.189800 
120 -6.293800 
121 -6.317800 

1 -9.150800 
2 -9.056800 
3 -8.797800 
4 -8.442800 
5 -8.137800 
6 -8.124800 
7 -8.303800 
8 -8.514800 
9 -8.698800 
10 -8.815800 
11 -8.820800 
12 -8.662800 
13 -8.355800 
14 -7.961800 
15 -7.538800 
16 -7.123800 
17 -6.746800 
18 -6.430800 
19 -6.192800 
20 -6.045800 
21 -5.995800 
22 -5.861800 
23 -5.722800 
24 -5.579800 
25 -5.433800 
26 -5.285800 
27 -5.135800 
28 -5.124800 
29 -5.194800 
30 -5.255800 
31 -5.306800 
32 -5.347800 
33 -5.381800 
34 -4.972800 
35 -4.543800 
36 -4.161800 
37 -3.913800 
38 -3.853800 
39 -3.810800 
40 -3.783800 
41 -3.774800 
42 -3.898800 
43 -4.256800 
44 -4.810800 
45 -5.501800 
46 -5.736800 
47 -5.810800 
48 -5.925800 
49 -6.592800 
50 -7.286800 
51 -7.970800 
52 -8.565800 
53 -8.817800 
54 -8.885800 
55 -8.917800 
56 -8.516800 
57 -8.123800 
58 -7.827800 
59 -7.947800 
60 -8.082800 
61 -8.126800 
62 -8.116800 
63 -8.091800 
64 -8.052800 
65 -8.004800 
66 -7.948800 
67 -7.888800 
68 -7.825800 
69 -7.762800 
70 -7.701800 
71 -7.715800 
72 -7.709800 
73 -7.669800 
74 -7.593800 
75 -7.492800 
76 -7.474800 
77 -7.461800 
78 -7.350800 
79 -7.195800 
80 -7.191800 
81 -7.190800 
82 -7.398800 
83 -7.738800 
84 -8.076800 
85 -8.385800 
86 -8.422800 
87 -7.980800 
88 -7.504800 
89 -7.008800 
90 -6.505800 
91 -6.091800 
92 -6.022800 
93 -5.948800 
94 -5.868800 
95 -5.786800 
96 -5.705800 
97 -5.226800 
98 -4.606800 
99 -4.147800 
100 -3.868800 
101 -3.774800 
102 -3.877800 
103 -4.192800 
104 -4.718800 
105 -5.434800 
106 -5.642800 
107 -5.673800 
108 -5.687800 
109 -6.179800 
110 -6.574800 
111 -6.877800 
112 -7.365800 
113 -7.807800 
114 -8.182800 
115 -8.480800 
116 -8.696800 
117 -8.799800 
118 -8.727800 
119 -8.629800 
120 -8.548800 
121 -8.524800 

1 -9.150800 
2 -9.056800 
3 -8.797800 
4 -8.442800 
5 -8.137800 
6 -8.124800 
7 -8.303800 
8 -8.514800 
9 -8.698800 
10 -8.815800 
11 -8.820800 
12 -8.662800 
13 -8.355800 
14 -7.961800 
15 -7.538800 
16 -7.123800 
17 -6.746800 
18 -6.430800 
19 -6.192800 
20 -6.045800 
21 -5.995800 
22 -5.861800 
23 -5.722800 
24 -5.579800 
25 -5.433800 
26 -5.285800 
27 -5.135800 
28 -5.124800 
29 -5.194800 
30 -5.255800 
31 -5.306800 
32 -5.347800 
33 -5.381800 
34 -5.407800 
35 -5.426800 
36 -5.440800 
37 -5.450800 
38 -5.456800 
39 -5.460800 
40 -5.462800 
41 -5.463800 
42 -5.479800 
43 -5.522800 
44 -5.585800 
45 -5.660800 
46 -6.257800 
47 -7.007800 
48 -7.684800 
49 -8.138800 
50 -8.588800 
51 -9.027800 
52 -9.089800 
53 -9.359800 
54 -9.279800 
55 -9.023800 
56 -9.251800 
57 -9.573800 
58 -9.948800 
59 -10.322800 
60 -10.640800 
61 -10.822800 
62 -10.754800 
63 -10.631800 
64 -10.489800 
65 -10.330800 
66 -10.159800 
67 -9.975800 
68 -9.780800 
69 -9.574800 
70 -9.355800 
71 -9.119800 
72 -8.868800 
73 -8.602800 
74 -8.331800 
75 -8.061800 
76 -7.802800 
77 -7.561800 
78 -7.451800 
79 -7.445800 
80 -7.441800 
81 -7.440800 
82 -7.648800 
83 -8.022800 
84 -8.354800 
85 -8.569800 
86 -8.652800 
87 -8.794800 
88 -8.896800 
89 -8.949800 
90 -8.635800 
91 -8.299800 
92 -7.946800 
93 -7.583800 
94 -7.217800 
95 -6.808800 
96 -5.975800 
97 -5.629800 
98 -5.562800 
99 -5.509800 
100 -5.475800 
101 -5.463800 
102 -5.474800 
103 -5.505800 
104 -5.549800 
105 -5.598800 
106 -6.271800 
107 -6.546800 
108 -6.736800 
109 -6.906800 
110 -7.120800 
111 -7.469800 
112 -7.864800 
113 -8.221800 
114 -8.506800 
115 -8.704800 
116 -8.801800 
117 -8.836800 
118 -8.913800 
119 -8.767800 
120 -8.596800 
121 -8.524800 

1 -9.843800 
2 -9.856800 
3 -9.897800 
4 -9.967800 
5 -10.068800 
6 -10.199800 
7 -10.355800 
8 -10.509800 
9 -10.494800 
10 -10.303800 
11 -10.123800 
12 -10.023800 
13 -9.967800 
14 -9.697800 
15 -9.124800 
16 -8.421800 
17 -7.686800 
18 -7.007800 
19 -6.463800 
20 -6.114800 
21 -5.995800 
22 -6.124800 
23 -6.248800 
24 -6.367800 
25 -6.482800 
26 -6.591800 
27 -6.697800 
28 -6.798800 
29 -6.895800 
30 -6.979800 
31 -6.455800 
32 -5.939800 
33 -5.441800 
34 -5.407800 
35 -5.426800 
36 -5.440800 
37 -5.450800 
38 -5.456800 
39 -5.460800 
40 -5.462800 
41 -5.463800 
42 -5.533800 
43 -5.731800 
44 -6.027800 
45 -6.390800 
46 -6.798800 
47 -7.234800 
48 -7.697800 
49 -8.301800 
50 -8.815800 
51 -9.113800 
52 -9.445800 
53 -9.584800 
54 -9.288800 
55 -9.402800 
56 -9.922800 
57 -10.374800 
58 -10.653800 
59 -10.756800 
60 -10.853800 
61 -10.927800 
62 -10.940800 
63 -10.948800 
64 -10.922800 
65 -10.855800 
66 -10.748800 
67 -10.606800 
68 -10.435800 
69 -10.244800 
70 -10.048800 
71 -9.862800 
72 -9.701800 
73 -9.576800 
74 -9.490800 
75 -9.437800 
76 -9.409800 
77 -9.398800 
78 -9.397800 
79 -9.399800 
80 -9.402800 
81 -9.403800 
82 -9.385800 
83 -9.375800 
84 -9.157800 
85 -8.819800 
86 -8.695800 
87 -8.869800 
88 -9.029800 
89 -9.008800 
90 -9.127800 
91 -9.137800 
92 -9.049800 
93 -8.501800 
94 -7.670800 
95 -6.855800 
96 -6.507800 
97 -6.182800 
98 -5.896800 
99 -5.667800 
100 -5.516800 
101 -5.463800 
102 -5.515800 
103 -5.658800 
104 -5.863800 
105 -6.098800 
106 -6.358800 
107 -7.245800 
108 -8.198800 
109 -8.831800 
110 -9.025800 
111 -9.196800 
112 -9.334800 
113 -9.434800 
114 -9.491800 
115 -9.502800 
116 -9.398800 
117 -9.212800 
118 -8.990800 
119 -8.951800 
120 -8.978800 
121 -9.022800 

1 -9.843800 
2 -9.856800 
3 -9.897800 
4 -9.967800 
5 -10.068800 
6 -10.199800 
7 -10.355800 
8 -10.509800 
9 -10.494800 
10 -10.303800 
11 -10.123800 
12 -10.023800 
13 -9.967800 
14 -9.697800 
15 -9.124800 
16 -8.421800 
17 -7.686800 
18 -7.007800 
19 -6.463800 
20 -6.114800 
21 -5.995800 
22 -6.124800 
23 -6.248800 
24 -6.367800 
25 -6.482800 
26 -6.591800 
27 -6.697800 
28 -6.798800 
29 -6.895800 
30 -6.988800 
31 -7.077800 
32 -7.161800 
33 -7.239800 
34 -7.310800 
35 -7.375800 
36 -7.431800 
37 -7.478800 
38 -7.515800 
39 -7.543800 
40 -7.559800 
41 -7.565800 
42 -7.612800 
43 -7.753800 
44 -7.978800 
45 -8.276800 
46 -8.627800 
47 -9.004800 
48 -9.365800 
49 -9.319800 
50 -9.213800 
51 -9.242800 
52 -9.579800 
53 -9.837800 
54 -9.987800 
55 -10.298800 
56 -10.435800 
57 -10.549800 
58 -10.743800 
59 -11.022800 
60 -11.057800 
61 -10.930800 
62 -10.951800 
63 -10.960800 
64 -10.954800 
65 -10.934800 
66 -10.900800 
67 -10.853800 
68 -10.795800 
69 -10.728800 
70 -10.656800 
71 -10.582800 
72 -10.474800 
73 -10.343800 
74 -10.214800 
75 -10.090800 
76 -9.976800 
77 -9.875800 
78 -9.790800 
79 -9.727800 
80 -9.688800 
81 -9.674800 
82 -9.607800 
83 -9.426800 
84 -9.457800 
85 -9.683800 
86 -9.694800 
87 -9.484800 
88 -9.233800 
89 -9.129800 
90 -9.164800 
91 -9.242800 
92 -9.227800 
93 -8.909800 
94 -8.726800 
95 -8.513800 
96 -8.286800 
97 -8.063800 
98 -7.863800 
99 -7.703800 
100 -7.600800 
101 -7.565800 
102 -7.595800 
103 -7.682800 
104 -7.818800 
105 -7.992800 
106 -8.191800 
107 -8.404800 
108 -8.621800 
109 -9.091800 
110 -9.767800 
111 -9.819800 
112 -9.796800 
113 -9.741800 
114 -9.656800 
115 -9.543800 
116 -9.470800 
117 -9.400800 
118 -9.303800 
119 -9.195800 
120 -9.095800 
121 -9.022800 

1 -10.698800 
2 -10.723800 
3 -10.790800 
4 -10.864800 
5 -10.910800 
6 -10.907800 
7 -10.845800 
8 -10.734800 
9 -10.720800 
10 -10.800800 
11 -10.795800 
12 -10.662800 
13 -10.418800 
14 -10.278800 
15 -10.320800 
16 -10.402800 
17 -10.486800 
18 -10.558800 
19 -10.614800 
20 -10.649800 
21 -10.660800 
22 -10.411800 
23 -10.115800 
24 -9.773800 
25 -9.387800 
26 -8.961800 
27 -8.500800 
28 -8.011800 
29 -7.501800 
30 -6.988800 
31 -7.077800 
32 -7.161800 
33 -7.239800 
34 -7.310800 
35 -7.375800 
36 -7.431800 
37 -7.478800 
38 -7.515800 
39 -7.543800 
40 -7.559800 
41 -7.565800 
42 -7.676800 
43 -7.984800 
44 -8.417800 
45 -8.874800 
46 -9.233800 
47 -9.397800 
48 -9.398800 
49 -9.663800 
50 -9.854800 
51 -9.912800 
52 -9.842800 
53 -9.912800 
54 -10.125800 
55 -10.395800 
56 -10.734800 
57 -10.972800 
58 -11.102800 
59 -11.128800 
60 -11.206800 
61 -11.296800 
62 -11.269800 
63 -11.229800 
64 -11.177800 
65 -11.116800 
66 -11.045800 
67 -10.967800 
68 -10.884800 
69 -10.796800 
70 -10.707800 
71 -10.603800 
72 -10.508800 
73 -10.438800 
74 -10.364800 
75 -10.291800 
76 -10.226800 
77 -10.172800 
78 -10.128800 
79 -10.096800 
80 -10.076800 
81 -10.070800 
82 -10.068800 
83 -10.044800 
84 -9.977800 
85 -9.860800 
86 -10.008800 
87 -10.351800 
88 -10.656800 
89 -10.707800 
90 -10.377800 
91 -9.894800 
92 -9.383800 
93 -9.433800 
94 -9.444800 
95 -9.334800 
96 -9.056800 
97 -8.661800 
98 -8.246800 
99 -7.889800 
100 -7.649800 
101 -7.565800 
102 -7.644800 
103 -7.868800 
104 -8.204800 
105 -8.603800 
106 -9.006800 
107 -9.355800 
108 -9.606800 
109 -9.755800 
110 -9.926800 
111 -10.509800 
112 -10.949800 
113 -11.190800 
114 -11.088800 
115 -10.907800 
116 -10.727800 
117 -10.594800 
118 -10.526800 
119 -10.504800 
120 -10.503800 
121 -10.507800 

1 -10.698800 
2 -10.723800 
3 -10.790800 
4 -10.864800 
5 -10.910800 
6 -10.907800 
7 -10.845800 
8 -10.734800 
9 -10.720800 
10 -10.800800 
11 -10.795800 
12 -10.662800 
13 -10.418800 
14 -10.278800 
15 -10.320800 
16 -10.402800 
17 -10.486800 
18 -10.558800 
19 -10.614800 
20 -10.649800 
21 -10.660800 
22 -10.863800 
23 -11.020800 
24 -11.133800 
25 -11.206800 
26 -11.243800 
27 -11.246800 
28 -11.221800 
29 -11.172800 
30 -11.104800 
31 -11.021800 
32 -10.929800 
33 -10.831800 
34 -10.732800 
35 -10.636800 
36 -10.548800 
37 -10.470800 
38 -10.406800 
39 -10.358800 
40 -10.329800 
41 -10.319800 
42 -10.314800 
43 -10.300800 
44 -10.286800 
45 -10.293800 
46 -10.370800 
47 -10.547800 
48 -10.743800 
49 -10.850800 
50 -10.816800 
51 -10.632800 
52 -10.315800 
53 -9.925800 
54 -10.195800 
55 -10.512800 
56 -10.783800 
57 -11.001800 
58 -11.164800 
59 -11.267800 
60 -11.311800 
61 -11.298800 
62 -11.307800 
63 -11.295800 
64 -11.262800 
65 -11.210800 
66 -11.141800 
67 -11.057800 
68 -10.958800 
69 -10.849800 
70 -10.729800 
71 -10.617800 
72 -10.529800 
73 -10.444800 
74 -10.373800 
75 -10.316800 
76 -10.268800 
77 -10.228800 
78 -10.198800 
79 -10.177800 
80 -10.164800 
81 -10.160800 
82 -10.226800 
83 -10.385800 
84 -10.577800 
85 -10.757800 
86 -10.890800 
87 -10.944800 
88 -10.892800 
89 -10.893800 
90 -11.039800 
91 -11.081800 
92 -11.015800 
93 -10.853800 
94 -10.632800 
95 -10.428800 
96 -10.316800 
97 -10.286800 
98 -10.291800 
99 -10.304800 
100 -10.315800 
101 -10.319800 
102 -10.325800 
103 -10.343800 
104 -10.376800 
105 -10.429800 
106 -10.510800 
107 -10.635800 
108 -10.808800 
109 -11.004800 
110 -11.176800 
111 -11.282800 
112 -11.304800 
113 -11.264800 
114 -11.335800 
115 -11.311800 
116 -11.193800 
117 -11.020800 
118 -10.832800 
119 -10.665800 
120 -10.550800 
121 -10.507800 

