1 -2.848400 
2 -2.503400 
3 -2.192400 
4 -1.915400 
5 -1.674400 
6 -1.470400 
7 -1.303400 
8 -1.174400 
9 -1.081400 
10 -1.026400 
11 -1.007400 
12 -0.937400 
13 -0.741400 
14 -0.451400 
15 -0.103400 
16 0.274600 
17 0.661600 
18 1.042600 
19 1.407600 
20 1.749600 
21 2.065600 
22 2.350600 
23 2.604600 
24 2.826600 
25 3.017600 
26 3.176600 
27 3.305600 
28 3.405600 
29 3.476600 
30 3.518600 
31 3.532600 
32 3.521600 
33 3.490600 
34 3.437600 
35 3.363600 
36 3.268600 
37 3.151600 
38 3.012600 
39 2.851600 
40 2.668600 
41 2.463600 
42 2.236600 
43 1.988600 
44 1.721600 
45 1.438600 
46 1.144600 
47 0.847600 
48 0.561600 
49 0.309600 
50 0.127600 
51 0.059600 
52 0.030600 
53 -0.058400 
54 -0.204400 
55 -0.407400 
56 -0.665400 
57 -0.974400 
58 -1.324400 
59 -1.688400 
60 -1.961400 
61 -1.928400 
62 -2.223400 
63 -1.785400 
64 -1.220400 
65 -0.681400 
66 -0.171400 
67 0.309600 
68 0.758600 
69 1.175600 
70 1.558600 
71 1.907600 
72 2.222600 
73 2.501600 
74 2.746600 
75 2.957600 
76 3.134600 
77 3.278600 
78 3.389600 
79 3.469600 
80 3.516600 
81 3.532600 
82 3.521600 
83 3.490600 
84 3.437600 
85 3.363600 
86 3.268600 
87 3.151600 
88 3.012600 
89 2.851600 
90 2.668600 
91 2.463600 
92 2.236600 
93 1.988600 
94 1.721600 
95 1.438600 
96 1.144600 
97 0.847600 
98 0.561600 
99 0.309600 
100 0.127600 
101 0.059600 

1 -2.848400 
2 -3.220400 
3 -3.615400 
4 -4.024400 
5 -4.434400 
6 -4.832400 
7 -5.198400 
8 -5.512400 
9 -5.693400 
10 -5.827400 
11 -5.941400 
12 -5.976400 
13 -6.022400 
14 -6.100400 
15 -6.207400 
16 -6.345400 
17 -6.511400 
18 -6.705400 
19 -6.925400 
20 -7.168400 
21 -7.431400 
22 -7.709400 
23 -7.996400 
24 -8.285400 
25 -8.567400 
26 -8.832400 
27 -9.069400 
28 -9.268400 
29 -9.418400 
30 -9.512400 
31 -9.544400 
32 -9.510400 
33 -9.409400 
34 -9.242400 
35 -9.012400 
36 -8.723400 
37 -8.382400 
38 -7.994400 
39 -7.568400 
40 -7.112400 
41 -6.634400 
42 -6.142400 
43 -5.644400 
44 -5.147400 
45 -4.658400 
46 -4.186400 
47 -3.742400 
48 -3.339400 
49 -3.003400 
50 -2.771400 
51 -2.686400 
52 -2.686400 
53 -2.686400 
54 -2.688400 
55 -2.693400 
56 -2.698400 
57 -2.698400 
58 -2.684400 
59 -2.656400 
60 -2.690400 
61 -2.975400 
62 -2.372400 
63 -2.558400 
64 -2.931400 
65 -3.341400 
66 -3.786400 
67 -4.261400 
68 -4.762400 
69 -5.282400 
70 -5.815400 
71 -6.349400 
72 -6.875400 
73 -7.380400 
74 -7.852400 
75 -8.281400 
76 -8.657400 
77 -8.972400 
78 -9.221400 
79 -9.396400 
80 -9.506400 
81 -9.544400 
82 -9.510400 
83 -9.409400 
84 -9.242400 
85 -9.012400 
86 -8.723400 
87 -8.382400 
88 -7.994400 
89 -7.568400 
90 -7.112400 
91 -6.634400 
92 -6.142400 
93 -5.644400 
94 -5.147400 
95 -4.658400 
96 -4.186400 
97 -3.742400 
98 -3.339400 
99 -3.003400 
100 -2.771400 
101 -2.686400 

1 -4.912400 
2 -4.928400 
3 -4.976400 
4 -5.054400 
5 -5.156400 
6 -5.277400 
7 -5.412400 
8 -5.553400 
9 -5.754400 
10 -5.908400 
11 -5.960400 
12 -5.976400 
13 -6.022400 
14 -6.100400 
15 -6.207400 
16 -6.345400 
17 -6.511400 
18 -6.705400 
19 -6.925400 
20 -7.168400 
21 -7.431400 
22 -7.709400 
23 -7.996400 
24 -8.285400 
25 -8.567400 
26 -8.832400 
27 -9.069400 
28 -9.268400 
29 -9.418400 
30 -9.512400 
31 -9.544400 
32 -9.537400 
33 -9.516400 
34 -9.482400 
35 -9.436400 
36 -9.380400 
37 -9.315400 
38 -9.243400 
39 -9.166400 
40 -9.087400 
41 -9.008400 
42 -8.930400 
43 -8.856400 
44 -8.787400 
45 -8.724400 
46 -8.669400 
47 -8.622400 
48 -8.586400 
49 -8.559400 
50 -8.543400 
51 -8.537400 
52 -8.485400 
53 -8.330400 
54 -8.087400 
55 -7.774400 
56 -7.416400 
57 -7.042400 
58 -6.686400 
59 -6.387400 
60 -6.184400 
61 -6.103400 
62 -6.136400 
63 -6.185400 
64 -6.255400 
65 -6.346400 
66 -6.459400 
67 -6.596400 
68 -6.756400 
69 -6.940400 
70 -7.148400 
71 -7.377400 
72 -7.628400 
73 -7.896400 
74 -8.177400 
75 -8.461400 
76 -8.739400 
77 -8.998400 
78 -9.222400 
79 -9.400400 
80 -9.508400 
81 -9.544400 
82 -9.537400 
83 -9.516400 
84 -9.482400 
85 -9.436400 
86 -9.380400 
87 -9.315400 
88 -9.243400 
89 -9.166400 
90 -9.087400 
91 -9.008400 
92 -8.930400 
93 -8.856400 
94 -8.787400 
95 -8.724400 
96 -8.669400 
97 -8.622400 
98 -8.586400 
99 -8.559400 
100 -8.543400 
101 -8.537400 

1 -6.419400 
2 -6.417400 
3 -6.408400 
4 -6.392400 
5 -6.368400 
6 -6.334400 
7 -6.288400 
8 -6.228400 
9 -6.152400 
10 -6.060400 
11 -5.960400 
12 -6.014400 
13 -6.217400 
14 -6.516400 
15 -6.874400 
16 -7.258400 
17 -7.644400 
18 -8.014400 
19 -8.352400 
20 -8.649400 
21 -8.901400 
22 -9.104400 
23 -9.261400 
24 -9.374400 
25 -9.451400 
26 -9.499400 
27 -9.526400 
28 -9.539400 
29 -9.543400 
30 -9.544400 
31 -9.544400 
32 -9.537400 
33 -9.516400 
34 -9.482400 
35 -9.436400 
36 -9.380400 
37 -9.315400 
38 -9.243400 
39 -9.166400 
40 -9.087400 
41 -9.008400 
42 -8.930400 
43 -8.856400 
44 -8.787400 
45 -8.724400 
46 -8.669400 
47 -8.622400 
48 -8.586400 
49 -8.559400 
50 -8.543400 
51 -8.537400 
52 -8.500400 
53 -8.392400 
54 -8.224400 
55 -8.011400 
56 -7.771400 
57 -7.523400 
58 -7.280400 
59 -7.057400 
60 -6.861400 
61 -6.700400 
62 -6.925400 
63 -7.171400 
64 -7.433400 
65 -7.706400 
66 -7.983400 
67 -8.255400 
68 -8.515400 
69 -8.755400 
70 -8.968400 
71 -9.149400 
72 -9.294400 
73 -9.404400 
74 -9.480400 
75 -9.527400 
76 -9.551400 
77 -9.559400 
78 -9.557400 
79 -9.552400 
80 -9.546400 
81 -9.544400 
82 -9.537400 
83 -9.516400 
84 -9.482400 
85 -9.436400 
86 -9.380400 
87 -9.315400 
88 -9.243400 
89 -9.166400 
90 -9.087400 
91 -9.008400 
92 -8.930400 
93 -8.856400 
94 -8.787400 
95 -8.724400 
96 -8.669400 
97 -8.622400 
98 -8.586400 
99 -8.559400 
100 -8.543400 
101 -8.537400 

