1 0.654900 
2 0.791900 
3 0.994900 
4 1.207900 
5 1.426900 
6 1.651900 
7 1.882900 
8 2.117900 
9 2.356900 
10 2.596900 
11 2.833900 
12 3.064900 
13 3.285900 
14 3.491900 
15 3.679900 
16 3.845900 
17 3.985900 
18 4.098900 
19 4.179900 
20 4.229900 
21 4.246900 
22 4.382900 
23 4.515900 
24 4.643900 
25 4.767900 
26 4.886900 
27 4.999900 
28 5.105900 
29 5.205900 
30 5.298900 
31 5.384900 
32 5.462900 
33 5.532900 
34 5.593900 
35 5.647900 
36 5.692900 
37 5.729900 
38 5.757900 
39 5.777900 
40 5.789900 
41 5.793900 
42 5.775900 
43 5.721900 
44 5.631900 
45 5.505900 
46 5.346900 
47 5.154900 
48 4.933900 
49 4.684900 
50 4.410900 
51 4.115900 
52 3.802900 
53 3.473900 
54 3.132900 
55 2.784900 
56 2.434900 
57 2.090900 
58 1.759900 
59 1.453900 
60 1.185900 
61 0.974900 
62 1.061900 
63 1.154900 
64 1.248900 
65 1.343900 
66 1.438900 
67 1.533900 
68 1.625900 
69 1.715900 
70 1.801900 
71 1.882900 
72 1.958900 
73 2.027900 
74 2.090900 
75 2.146900 
76 2.193900 
77 2.232900 
78 2.263900 
79 2.286900 
80 2.299900 
81 2.304900 
82 2.361900 
83 2.513900 
84 2.721900 
85 2.961900 
86 3.218900 
87 3.483900 
88 3.750900 
89 4.012900 
90 4.267900 
91 4.510900 
92 4.738900 
93 4.949900 
94 5.141900 
95 5.310900 
96 5.456900 
97 5.577900 
98 5.671900 
99 5.739900 
100 5.780900 
101 5.793900 
102 5.776900 
103 5.723900 
104 5.635900 
105 5.511900 
106 5.355900 
107 5.166900 
108 4.947900 
109 4.703900 
110 4.436900 
111 4.151900 
112 3.854900 
113 3.551900 
114 3.251900 
115 2.963900 
116 2.699900 
117 2.469900 
118 2.282900 
119 2.143900 
120 2.050900 
121 1.994900 

1 0.654900 
2 0.791900 
3 0.994900 
4 1.207900 
5 1.426900 
6 1.651900 
7 1.882900 
8 2.117900 
9 2.356900 
10 2.596900 
11 2.833900 
12 3.064900 
13 3.285900 
14 3.491900 
15 3.679900 
16 3.845900 
17 3.985900 
18 4.098900 
19 4.179900 
20 4.229900 
21 4.246900 
22 4.107900 
23 3.966900 
24 3.824900 
25 3.682900 
26 3.540900 
27 3.401900 
28 3.264900 
29 3.132900 
30 3.005900 
31 2.886900 
32 2.774900 
33 2.671900 
34 2.578900 
35 2.497900 
36 2.427900 
37 2.370900 
38 2.325900 
39 2.293900 
40 2.274900 
41 2.267900 
42 2.249900 
43 2.193900 
44 2.102900 
45 1.977900 
46 1.821900 
47 1.638900 
48 1.432900 
49 1.210900 
50 0.982900 
51 0.760900 
52 0.561900 
53 0.407900 
54 0.424900 
55 0.461900 
56 0.484900 
57 0.539900 
58 0.592900 
59 0.650900 
60 0.799900 
61 0.967900 
62 0.892900 
63 0.839900 
64 0.814900 
65 0.812900 
66 0.825900 
67 0.849900 
68 0.881900 
69 0.919900 
70 0.962900 
71 1.008900 
72 1.054900 
73 1.101900 
74 1.145900 
75 1.185900 
76 1.221900 
77 1.252900 
78 1.277900 
79 1.295900 
80 1.306900 
81 1.309900 
82 1.272900 
83 1.181900 
84 1.073900 
85 0.968900 
86 0.883900 
87 0.829900 
88 0.822900 
89 0.871900 
90 0.974900 
91 1.118900 
92 1.285900 
93 1.459900 
94 1.630900 
95 1.788900 
96 1.929900 
97 2.048900 
98 2.143900 
99 2.212900 
100 2.253900 
101 2.267900 
102 2.260900 
103 2.238900 
104 2.202900 
105 2.154900 
106 2.097900 
107 2.035900 
108 1.973900 
109 1.916900 
110 1.870900 
111 1.838900 
112 1.824900 
113 1.825900 
114 1.838900 
115 1.857900 
116 1.879900 
117 1.901900 
118 1.921900 
119 1.940900 
120 1.962900 
121 1.994900 

1 0.446900 
2 0.319900 
3 0.156900 
4 0.036900 
5 -0.036100 
6 -0.084100 
7 -0.129100 
8 -0.181100 
9 -0.244100 
10 -0.318100 
11 -0.402100 
12 -0.495100 
13 -0.593100 
14 -0.693100 
15 -0.791100 
16 -0.884100 
17 -0.966100 
18 -1.036100 
19 -1.088100 
20 -1.121100 
21 -1.132100 
22 -1.058100 
23 -0.987100 
24 -0.920100 
25 -0.858100 
26 -0.802100 
27 -0.752100 
28 -0.708100 
29 -0.671100 
30 -0.641100 
31 -0.617100 
32 -0.601100 
33 -0.590100 
34 -0.586100 
35 -0.586100 
36 -0.589100 
37 -0.595100 
38 -0.601100 
39 -0.607100 
40 -0.610100 
41 -0.612100 
42 -0.598100 
43 -0.557100 
44 -0.493100 
45 -0.408100 
46 -0.308100 
47 -0.200100 
48 -0.088100 
49 0.022900 
50 0.126900 
51 0.221900 
52 0.303900 
53 0.371900 
54 0.320900 
55 0.380900 
56 0.469900 
57 0.494900 
58 0.521900 
59 0.629900 
60 0.652900 
61 0.661900 
62 0.658900 
63 0.645900 
64 0.620900 
65 0.589900 
66 0.556900 
67 0.525900 
68 0.534900 
69 0.550900 
70 0.567900 
71 0.584900 
72 0.600900 
73 0.616900 
74 0.631900 
75 0.644900 
76 0.656900 
77 0.666900 
78 0.674900 
79 0.680900 
80 0.683900 
81 0.684900 
82 0.678900 
83 0.659900 
84 0.628900 
85 0.585900 
86 0.530900 
87 0.465900 
88 0.390900 
89 0.306900 
90 0.214900 
91 0.117900 
92 0.016900 
93 -0.086100 
94 -0.187100 
95 -0.285100 
96 -0.375100 
97 -0.455100 
98 -0.521100 
99 -0.571100 
100 -0.601100 
101 -0.612100 
102 -0.600100 
103 -0.565100 
104 -0.508100 
105 -0.433100 
106 -0.344100 
107 -0.249100 
108 -0.156100 
109 -0.073100 
110 -0.009100 
111 0.032900 
112 0.052900 
113 0.056900 
114 0.051900 
115 0.042900 
116 0.027900 
117 0.003900 
118 -0.030100 
119 -0.069100 
120 -0.101100 
121 -0.114100 

1 0.446900 
2 0.319900 
3 0.156900 
4 0.036900 
5 -0.036100 
6 -0.084100 
7 -0.129100 
8 -0.181100 
9 -0.244100 
10 -0.318100 
11 -0.402100 
12 -0.495100 
13 -0.593100 
14 -0.693100 
15 -0.791100 
16 -0.884100 
17 -0.966100 
18 -1.036100 
19 -1.088100 
20 -1.121100 
21 -1.132100 
22 -1.210100 
23 -1.291100 
24 -1.373100 
25 -1.456100 
26 -1.540100 
27 -1.620100 
28 -1.620100 
29 -1.624100 
30 -1.632100 
31 -1.645100 
32 -1.661100 
33 -1.680100 
34 -1.702100 
35 -1.725100 
36 -1.749100 
37 -1.772100 
38 -1.793100 
39 -1.809100 
40 -1.820100 
41 -1.823100 
42 -1.772100 
43 -1.648100 
44 -1.489100 
45 -1.308100 
46 -1.116100 
47 -0.918100 
48 -0.718100 
49 -0.522100 
50 -0.335100 
51 -0.159100 
52 0.001900 
53 0.146900 
54 0.272900 
55 0.301900 
56 0.338900 
57 0.415900 
58 0.494900 
59 0.487900 
60 0.480900 
61 0.476900 
62 0.477900 
63 0.481900 
64 0.487900 
65 0.496900 
66 0.507900 
67 0.520900 
68 0.497900 
69 0.471900 
70 0.447900 
71 0.424900 
72 0.403900 
73 0.384900 
74 0.366900 
75 0.350900 
76 0.336900 
77 0.324900 
78 0.315900 
79 0.308900 
80 0.303900 
81 0.302900 
82 0.292900 
83 0.264900 
84 0.218900 
85 0.159900 
86 0.090900 
87 0.013900 
88 -0.072100 
89 -0.173100 
90 -0.292100 
91 -0.429100 
92 -0.581100 
93 -0.743100 
94 -0.910100 
95 -1.080100 
96 -1.246100 
97 -1.407100 
98 -1.555100 
99 -1.686100 
100 -1.784100 
101 -1.823100 
102 -1.781100 
103 -1.677100 
104 -1.544100 
105 -1.398100 
106 -1.247100 
107 -1.095100 
108 -0.947100 
109 -0.805100 
110 -0.672100 
111 -0.553100 
112 -0.448100 
113 -0.361100 
114 -0.292100 
115 -0.240100 
116 -0.200100 
117 -0.169100 
118 -0.146100 
119 -0.129100 
120 -0.118100 
121 -0.114100 

1 -0.307100 
2 -0.313100 
3 -0.344100 
4 -0.417100 
5 -0.531100 
6 -0.659100 
7 -0.780100 
8 -0.884100 
9 -0.974100 
10 -1.054100 
11 -1.130100 
12 -1.207100 
13 -1.286100 
14 -1.366100 
15 -1.446100 
16 -1.522100 
17 -1.589100 
18 -1.645100 
19 -1.686100 
20 -1.711100 
21 -1.719100 
22 -1.691100 
23 -1.668100 
24 -1.649100 
25 -1.634100 
26 -1.625100 
27 -1.620100 
28 -1.620100 
29 -1.624100 
30 -1.632100 
31 -1.645100 
32 -1.661100 
33 -1.680100 
34 -1.702100 
35 -1.725100 
36 -1.749100 
37 -1.772100 
38 -1.793100 
39 -1.809100 
40 -1.820100 
41 -1.823100 
42 -1.842100 
43 -1.896100 
44 -1.983100 
45 -2.079100 
46 -2.015100 
47 -1.859100 
48 -1.691100 
49 -1.527100 
50 -1.380100 
51 -1.261100 
52 -1.187100 
53 -1.177100 
54 -1.237100 
55 -1.158100 
56 -1.097100 
57 -1.055100 
58 -1.030100 
59 -1.021100 
60 -1.026100 
61 -1.043100 
62 -1.036100 
63 -1.036100 
64 -1.044100 
65 -1.059100 
66 -1.080100 
67 -1.107100 
68 -1.138100 
69 -1.173100 
70 -1.196100 
71 -1.213100 
72 -1.230100 
73 -1.246100 
74 -1.260100 
75 -1.273100 
76 -1.284100 
77 -1.293100 
78 -1.300100 
79 -1.305100 
80 -1.308100 
81 -1.309100 
82 -1.316100 
83 -1.337100 
84 -1.371100 
85 -1.418100 
86 -1.479100 
87 -1.454100 
88 -1.384100 
89 -1.365100 
90 -1.399100 
91 -1.478100 
92 -1.590100 
93 -1.722100 
94 -1.864100 
95 -2.008100 
96 -2.146100 
97 -2.041100 
98 -1.946100 
99 -1.878100 
100 -1.837100 
101 -1.823100 
102 -1.833100 
103 -1.862100 
104 -1.908100 
105 -1.966100 
106 -2.030100 
107 -2.022100 
108 -1.916100 
109 -1.801100 
110 -1.661100 
111 -1.516100 
112 -1.385100 
113 -1.276100 
114 -1.196100 
115 -1.147100 
116 -1.126100 
117 -1.126100 
118 -1.136100 
119 -1.149100 
120 -1.162100 
121 -1.177100 

1 -0.307100 
2 -0.313100 
3 -0.344100 
4 -0.417100 
5 -0.531100 
6 -0.659100 
7 -0.780100 
8 -0.884100 
9 -0.974100 
10 -1.054100 
11 -1.130100 
12 -1.207100 
13 -1.286100 
14 -1.366100 
15 -1.446100 
16 -1.522100 
17 -1.589100 
18 -1.645100 
19 -1.686100 
20 -1.711100 
21 -1.719100 
22 -1.691100 
23 -1.668100 
24 -1.649100 
25 -1.634100 
26 -1.625100 
27 -1.623100 
28 -1.706100 
29 -1.786100 
30 -1.864100 
31 -1.938100 
32 -2.008100 
33 -2.073100 
34 -2.133100 
35 -2.186100 
36 -2.232100 
37 -2.271100 
38 -2.302100 
39 -2.324100 
40 -2.337100 
41 -2.342100 
42 -2.386100 
43 -2.439100 
44 -2.344100 
45 -2.248100 
46 -2.328100 
47 -2.272100 
48 -2.089100 
49 -1.912100 
50 -1.745100 
51 -1.592100 
52 -1.455100 
53 -1.337100 
54 -1.245100 
55 -1.385100 
56 -1.447100 
57 -1.333100 
58 -1.231100 
59 -1.145100 
60 -1.081100 
61 -1.044100 
62 -1.056100 
63 -1.070100 
64 -1.086100 
65 -1.103100 
66 -1.121100 
67 -1.140100 
68 -1.159100 
69 -1.177100 
70 -1.211100 
71 -1.250100 
72 -1.290100 
73 -1.328100 
74 -1.365100 
75 -1.399100 
76 -1.429100 
77 -1.455100 
78 -1.476100 
79 -1.491100 
80 -1.500100 
81 -1.503100 
82 -1.510100 
83 -1.529100 
84 -1.560100 
85 -1.605100 
86 -1.561100 
87 -1.551100 
88 -1.636100 
89 -1.731100 
90 -1.837100 
91 -1.952100 
92 -2.074100 
93 -2.203100 
94 -2.336100 
95 -2.312100 
96 -2.163100 
97 -2.270100 
98 -2.373100 
99 -2.438100 
100 -2.376100 
101 -2.342100 
102 -2.370100 
103 -2.416100 
104 -2.350100 
105 -2.245100 
106 -2.133100 
107 -2.088100 
108 -2.015100 
109 -1.878100 
110 -1.777100 
111 -1.698100 
112 -1.628100 
113 -1.562100 
114 -1.498100 
115 -1.437100 
116 -1.378100 
117 -1.322100 
118 -1.272100 
119 -1.231100 
120 -1.199100 
121 -1.177100 

1 -3.133100 
2 -3.111100 
3 -3.051100 
4 -2.969100 
5 -2.887100 
6 -2.821100 
7 -2.779100 
8 -2.756100 
9 -2.738100 
10 -2.707100 
11 -2.648100 
12 -2.556100 
13 -2.436100 
14 -2.302100 
15 -2.165100 
16 -2.038100 
17 -1.927100 
18 -1.838100 
19 -1.772100 
20 -1.732100 
21 -1.719100 
22 -1.751100 
23 -1.787100 
24 -1.827100 
25 -1.871100 
26 -1.917100 
27 -1.967100 
28 -2.018100 
29 -2.071100 
30 -2.125100 
31 -2.179100 
32 -2.232100 
33 -2.284100 
34 -2.333100 
35 -2.379100 
36 -2.419100 
37 -2.455100 
38 -2.483100 
39 -2.504100 
40 -2.517100 
41 -2.521100 
42 -2.500100 
43 -2.485100 
44 -2.592100 
45 -2.628100 
46 -2.455100 
47 -2.528100 
48 -2.425100 
49 -2.309100 
50 -2.190100 
51 -2.069100 
52 -1.946100 
53 -1.820100 
54 -1.693100 
55 -1.568100 
56 -1.572100 
57 -1.773100 
58 -1.956100 
59 -2.094100 
60 -2.172100 
61 -2.195100 
62 -2.191100 
63 -2.180100 
64 -2.164100 
65 -2.146100 
66 -2.127100 
67 -2.107100 
68 -2.088100 
69 -2.070100 
70 -2.053100 
71 -2.037100 
72 -2.022100 
73 -2.009100 
74 -1.997100 
75 -1.987100 
76 -1.978100 
77 -1.971100 
78 -1.965100 
79 -1.961100 
80 -1.959100 
81 -1.958100 
82 -1.939100 
83 -1.883100 
84 -1.794100 
85 -1.681100 
86 -1.661100 
87 -1.729100 
88 -1.808100 
89 -1.898100 
90 -1.997100 
91 -2.104100 
92 -2.218100 
93 -2.336100 
94 -2.456100 
95 -2.470100 
96 -2.603100 
97 -2.703100 
98 -2.578100 
99 -2.480100 
100 -2.506100 
101 -2.521100 
102 -2.501100 
103 -2.451100 
104 -2.450100 
105 -2.402100 
106 -2.299100 
107 -2.163100 
108 -2.127100 
109 -2.146100 
110 -2.152100 
111 -2.156100 
112 -2.167100 
113 -2.189100 
114 -2.227100 
115 -2.281100 
116 -2.352100 
117 -2.441100 
118 -2.545100 
119 -2.665100 
120 -2.796100 
121 -2.936100 

1 -3.133100 
2 -3.111100 
3 -3.051100 
4 -2.969100 
5 -2.887100 
6 -2.821100 
7 -2.779100 
8 -2.756100 
9 -2.738100 
10 -2.707100 
11 -2.648100 
12 -2.556100 
13 -2.436100 
14 -2.302100 
15 -2.165100 
16 -2.038100 
17 -1.927100 
18 -1.838100 
19 -1.772100 
20 -1.732100 
21 -1.719100 
22 -1.751100 
23 -1.787100 
24 -1.827100 
25 -1.871100 
26 -1.917100 
27 -1.967100 
28 -2.018100 
29 -2.071100 
30 -2.125100 
31 -2.179100 
32 -2.232100 
33 -2.284100 
34 -2.333100 
35 -2.379100 
36 -2.419100 
37 -2.455100 
38 -2.483100 
39 -2.504100 
40 -2.517100 
41 -2.521100 
42 -2.540100 
43 -2.601100 
44 -2.716100 
45 -2.700100 
46 -2.649100 
47 -2.538100 
48 -2.775100 
49 -3.063100 
50 -3.386100 
51 -3.632100 
52 -3.836100 
53 -4.051100 
54 -4.277100 
55 -4.512100 
56 -4.754100 
57 -4.841100 
58 -4.797100 
59 -4.803100 
60 -4.892100 
61 -5.068100 
62 -4.978100 
63 -4.916100 
64 -4.885100 
65 -4.885100 
66 -4.913100 
67 -4.967100 
68 -5.043100 
69 -5.140100 
70 -5.252100 
71 -5.376100 
72 -5.510100 
73 -5.648100 
74 -5.788100 
75 -5.918100 
76 -6.014100 
77 -6.119100 
78 -6.166100 
79 -6.179100 
80 -6.181100 
81 -6.181100 
82 -6.130100 
83 -5.896100 
84 -5.511100 
85 -5.127100 
86 -4.756100 
87 -4.399100 
88 -4.060100 
89 -3.741100 
90 -3.443100 
91 -3.168100 
92 -2.916100 
93 -2.689100 
94 -2.488100 
95 -2.575100 
96 -2.689100 
97 -2.728100 
98 -2.645100 
99 -2.577100 
100 -2.535100 
101 -2.521100 
102 -2.531100 
103 -2.556100 
104 -2.591100 
105 -2.624100 
106 -2.646100 
107 -2.674100 
108 -2.728100 
109 -2.820100 
110 -2.941100 
111 -3.080100 
112 -3.220100 
113 -3.345100 
114 -3.440100 
115 -3.490100 
116 -3.487100 
117 -3.434100 
118 -3.339100 
119 -3.216100 
120 -3.079100 
121 -2.936100 

1 -5.311100 
2 -5.359100 
3 -5.485100 
4 -5.639100 
5 -5.746100 
6 -5.741100 
7 -5.625100 
8 -5.447100 
9 -5.257100 
10 -5.093100 
11 -4.978100 
12 -4.918100 
13 -4.905100 
14 -4.924100 
15 -4.960100 
16 -5.000100 
17 -5.038100 
18 -5.068100 
19 -5.090100 
20 -5.102100 
21 -5.106100 
22 -4.971100 
23 -4.834100 
24 -4.694100 
25 -4.554100 
26 -4.414100 
27 -4.275100 
28 -4.139100 
29 -4.005100 
30 -3.875100 
31 -3.750100 
32 -3.630100 
33 -3.517100 
34 -3.412100 
35 -3.315100 
36 -3.229100 
37 -3.154100 
38 -3.094100 
39 -3.048100 
40 -3.020100 
41 -3.011100 
42 -2.983100 
43 -2.903100 
44 -2.781100 
45 -2.756100 
46 -2.820100 
47 -2.953100 
48 -3.102100 
49 -3.265100 
50 -3.442100 
51 -3.734100 
52 -4.091100 
53 -4.426100 
54 -4.693100 
55 -4.847100 
56 -4.880100 
57 -4.999100 
58 -5.242100 
59 -5.473100 
60 -5.350100 
61 -5.077100 
62 -5.191100 
63 -5.322100 
64 -5.464100 
65 -5.608100 
66 -5.610100 
67 -5.589100 
68 -5.581100 
69 -5.588100 
70 -5.610100 
71 -5.645100 
72 -5.695100 
73 -5.757100 
74 -5.832100 
75 -5.922100 
76 -6.041100 
77 -6.126100 
78 -6.228100 
79 -6.336100 
80 -6.426100 
81 -6.465100 
82 -6.305100 
83 -5.984100 
84 -5.640100 
85 -5.309100 
86 -4.999100 
87 -4.709100 
88 -4.438100 
89 -4.184100 
90 -3.946100 
91 -3.725100 
92 -3.520100 
93 -3.329100 
94 -3.153100 
95 -2.991100 
96 -2.841100 
97 -2.742100 
98 -2.840100 
99 -2.931100 
100 -2.990100 
101 -3.011100 
102 -3.000100 
103 -2.983100 
104 -2.990100 
105 -3.015100 
106 -3.089100 
107 -3.213100 
108 -3.378100 
109 -3.578100 
110 -3.807100 
111 -4.062100 
112 -4.318100 
113 -4.543100 
114 -4.779100 
115 -5.029100 
116 -5.293100 
117 -5.571100 
118 -5.859100 
119 -6.143100 
120 -6.388100 
121 -6.530100 

1 -5.311100 
2 -5.359100 
3 -5.485100 
4 -5.639100 
5 -5.746100 
6 -5.741100 
7 -5.625100 
8 -5.447100 
9 -5.257100 
10 -5.093100 
11 -4.978100 
12 -4.918100 
13 -4.905100 
14 -4.924100 
15 -4.960100 
16 -5.000100 
17 -5.038100 
18 -5.068100 
19 -5.090100 
20 -5.102100 
21 -5.106100 
22 -4.971100 
23 -4.834100 
24 -4.694100 
25 -4.554100 
26 -4.414100 
27 -4.275100 
28 -4.139100 
29 -4.005100 
30 -3.875100 
31 -3.750100 
32 -3.630100 
33 -3.517100 
34 -3.412100 
35 -3.315100 
36 -3.229100 
37 -3.154100 
38 -3.094100 
39 -3.048100 
40 -3.020100 
41 -3.011100 
42 -2.991100 
43 -2.935100 
44 -2.854100 
45 -2.883100 
46 -3.088100 
47 -3.329100 
48 -3.605100 
49 -3.917100 
50 -4.262100 
51 -4.636100 
52 -5.034100 
53 -5.444100 
54 -5.855100 
55 -6.247100 
56 -6.588100 
57 -6.669100 
58 -6.214100 
59 -5.760100 
60 -5.729100 
61 -5.938100 
62 -5.847100 
63 -5.767100 
64 -5.702100 
65 -5.656100 
66 -5.772100 
67 -5.928100 
68 -6.084100 
69 -6.238100 
70 -6.388100 
71 -6.412100 
72 -6.398100 
73 -6.380100 
74 -6.363100 
75 -6.351100 
76 -6.352100 
77 -6.381100 
78 -6.445100 
79 -6.519100 
80 -6.576100 
81 -6.597100 
82 -6.311100 
83 -6.017100 
84 -5.806100 
85 -5.555100 
86 -5.277100 
87 -4.985100 
88 -4.691100 
89 -4.402100 
90 -4.123100 
91 -3.860100 
92 -3.615100 
93 -3.391100 
94 -3.191100 
95 -3.015100 
96 -2.865100 
97 -2.793100 
98 -2.883100 
99 -2.952100 
100 -2.996100 
101 -3.011100 
102 -3.005100 
103 -2.994100 
104 -2.996100 
105 -3.068100 
106 -3.192100 
107 -3.345100 
108 -3.517100 
109 -3.703100 
110 -3.899100 
111 -4.104100 
112 -4.339100 
113 -4.633100 
114 -4.939100 
115 -5.251100 
116 -5.560100 
117 -5.853100 
118 -6.116100 
119 -6.330100 
120 -6.475100 
121 -6.530100 

1 -7.619100 
2 -7.569100 
3 -7.444100 
4 -7.288100 
5 -7.134100 
6 -6.984100 
7 -6.811100 
8 -6.607100 
9 -6.388100 
10 -6.172100 
11 -5.969100 
12 -5.785100 
13 -5.622100 
14 -5.483100 
15 -5.368100 
16 -5.278100 
17 -5.209100 
18 -5.161100 
19 -5.129100 
20 -5.112100 
21 -5.106100 
22 -5.236100 
23 -5.360100 
24 -5.477100 
25 -5.586100 
26 -5.686100 
27 -5.775100 
28 -5.852100 
29 -5.918100 
30 -5.971100 
31 -6.013100 
32 -6.044100 
33 -6.065100 
34 -6.077100 
35 -6.083100 
36 -6.084100 
37 -6.081100 
38 -6.077100 
39 -6.073100 
40 -6.071100 
41 -6.070100 
42 -6.088100 
43 -6.141100 
44 -6.219100 
45 -6.314100 
46 -6.414100 
47 -6.511100 
48 -6.600100 
49 -6.676100 
50 -6.735100 
51 -6.777100 
52 -6.801100 
53 -6.809100 
54 -6.802100 
55 -6.783100 
56 -6.756100 
57 -6.723100 
58 -6.690100 
59 -6.444100 
60 -6.173100 
61 -5.946100 
62 -6.041100 
63 -6.130100 
64 -6.210100 
65 -6.279100 
66 -6.335100 
67 -6.377100 
68 -6.405100 
69 -6.418100 
70 -6.420100 
71 -6.530100 
72 -6.663100 
73 -6.783100 
74 -6.888100 
75 -6.973100 
76 -7.030100 
77 -7.052100 
78 -7.033100 
79 -6.978100 
80 -6.912100 
81 -6.880100 
82 -7.170100 
83 -7.295100 
84 -7.273100 
85 -7.243100 
86 -7.204100 
87 -7.155100 
88 -7.097100 
89 -7.029100 
90 -6.953100 
91 -6.867100 
92 -6.774100 
93 -6.675100 
94 -6.571100 
95 -6.467100 
96 -6.365100 
97 -6.270100 
98 -6.188100 
99 -6.124100 
100 -6.084100 
101 -6.070100 
102 -6.085100 
103 -6.127100 
104 -6.189100 
105 -6.261100 
106 -6.330100 
107 -6.386100 
108 -6.417100 
109 -6.420100 
110 -6.393100 
111 -6.343100 
112 -6.279100 
113 -6.219100 
114 -6.179100 
115 -6.175100 
116 -6.213100 
117 -6.288100 
118 -6.383100 
119 -6.473100 
120 -6.534100 
121 -6.541100 

1 -7.619100 
2 -7.569100 
3 -7.444100 
4 -7.288100 
5 -7.134100 
6 -6.984100 
7 -6.811100 
8 -6.607100 
9 -6.388100 
10 -6.172100 
11 -5.969100 
12 -5.785100 
13 -5.622100 
14 -5.483100 
15 -5.368100 
16 -5.278100 
17 -5.209100 
18 -5.161100 
19 -5.129100 
20 -5.112100 
21 -5.106100 
22 -5.236100 
23 -5.360100 
24 -5.477100 
25 -5.586100 
26 -5.686100 
27 -5.775100 
28 -5.852100 
29 -5.918100 
30 -5.971100 
31 -6.013100 
32 -6.044100 
33 -6.065100 
34 -6.077100 
35 -6.083100 
36 -6.084100 
37 -6.081100 
38 -6.077100 
39 -6.073100 
40 -6.071100 
41 -6.070100 
42 -6.118100 
43 -6.259100 
44 -6.479100 
45 -6.763100 
46 -7.096100 
47 -7.466100 
48 -7.864100 
49 -8.279100 
50 -8.079100 
51 -7.849100 
52 -7.632100 
53 -7.457100 
54 -7.355100 
55 -7.322100 
56 -7.253100 
57 -7.041100 
58 -6.745100 
59 -6.661100 
60 -6.640100 
61 -6.632100 
62 -6.635100 
63 -6.642100 
64 -6.653100 
65 -6.670100 
66 -6.693100 
67 -6.721100 
68 -6.755100 
69 -6.794100 
70 -6.838100 
71 -6.887100 
72 -6.939100 
73 -6.995100 
74 -7.051100 
75 -7.107100 
76 -7.161100 
77 -7.210100 
78 -7.252100 
79 -7.284100 
80 -7.305100 
81 -7.312100 
82 -7.307100 
83 -7.448100 
84 -7.375100 
85 -7.352100 
86 -7.390100 
87 -7.487100 
88 -7.630100 
89 -7.806100 
90 -7.998100 
91 -8.195100 
92 -8.065100 
93 -7.750100 
94 -7.438100 
95 -7.136100 
96 -6.853100 
97 -6.597100 
98 -6.380100 
99 -6.213100 
100 -6.106100 
101 -6.070100 
102 -6.107100 
103 -6.211100 
104 -6.362100 
105 -6.536100 
106 -6.712100 
107 -6.873100 
108 -7.006100 
109 -7.105100 
110 -7.163100 
111 -7.176100 
112 -7.142100 
113 -7.065100 
114 -6.953100 
115 -6.825100 
116 -6.702100 
117 -6.605100 
118 -6.549100 
119 -6.538100 
120 -6.553100 
121 -6.541100 

1 -8.840100 
2 -8.868100 
3 -8.918100 
4 -8.904100 
5 -8.849100 
6 -8.894100 
7 -9.109100 
8 -9.465100 
9 -9.896100 
10 -10.337100 
11 -10.730100 
12 -10.991100 
13 -10.998100 
14 -10.842100 
15 -10.639100 
16 -10.424100 
17 -10.219100 
18 -10.041100 
19 -9.903100 
20 -9.815100 
21 -9.785100 
22 -9.759100 
23 -9.729100 
24 -9.694100 
25 -9.656100 
26 -9.613100 
27 -9.567100 
28 -9.517100 
29 -9.465100 
30 -9.412100 
31 -9.358100 
32 -9.305100 
33 -9.253100 
34 -9.204100 
35 -8.855100 
36 -8.428100 
37 -8.053100 
38 -7.745100 
39 -7.517100 
40 -7.375100 
41 -7.328100 
42 -7.364100 
43 -7.472100 
44 -7.649100 
45 -7.892100 
46 -8.197100 
47 -8.556100 
48 -8.506100 
49 -8.302100 
50 -8.706100 
51 -9.137100 
52 -9.540100 
53 -9.094100 
54 -8.566100 
55 -7.991100 
56 -7.416100 
57 -7.062100 
58 -7.214100 
59 -7.361100 
60 -7.441100 
61 -7.464100 
62 -7.460100 
63 -7.450100 
64 -7.437100 
65 -7.425100 
66 -7.416100 
67 -7.413100 
68 -7.417100 
69 -7.428100 
70 -7.445100 
71 -7.465100 
72 -7.488100 
73 -7.509100 
74 -7.526100 
75 -7.537100 
76 -7.539100 
77 -7.532100 
78 -7.515100 
79 -7.494100 
80 -7.474100 
81 -7.466100 
82 -7.509100 
83 -7.561100 
84 -7.952100 
85 -8.330100 
86 -8.689100 
87 -9.023100 
88 -9.227100 
89 -8.962100 
90 -8.676100 
91 -8.376100 
92 -8.384100 
93 -8.556100 
94 -8.586100 
95 -8.267100 
96 -7.988100 
97 -7.755100 
98 -7.570100 
99 -7.436100 
100 -7.355100 
101 -7.328100 
102 -7.401100 
103 -7.599100 
104 -7.878100 
105 -8.203100 
106 -8.554100 
107 -8.915100 
108 -9.262100 
109 -9.343100 
110 -9.290100 
111 -9.213100 
112 -9.128100 
113 -9.046100 
114 -8.964100 
115 -8.868100 
116 -8.736100 
117 -8.551100 
118 -8.314100 
119 -8.055100 
120 -7.845100 
121 -7.783100 

1 -8.840100 
2 -8.868100 
3 -8.918100 
4 -8.904100 
5 -8.849100 
6 -8.894100 
7 -9.109100 
8 -9.465100 
9 -9.896100 
10 -10.337100 
11 -10.730100 
12 -10.991100 
13 -10.998100 
14 -10.842100 
15 -10.639100 
16 -10.424100 
17 -10.219100 
18 -10.041100 
19 -9.903100 
20 -9.815100 
21 -9.785100 
22 -9.759100 
23 -9.729100 
24 -9.694100 
25 -9.656100 
26 -9.613100 
27 -9.567100 
28 -9.517100 
29 -9.465100 
30 -9.412100 
31 -9.358100 
32 -9.305100 
33 -9.253100 
34 -9.204100 
35 -9.160100 
36 -9.120100 
37 -9.086100 
38 -9.059100 
39 -9.039100 
40 -9.027100 
41 -9.023100 
42 -9.033100 
43 -9.056100 
44 -9.018100 
45 -8.939100 
46 -8.827100 
47 -8.682100 
48 -8.959100 
49 -9.394100 
50 -9.850100 
51 -9.880100 
52 -9.565100 
53 -9.551100 
54 -9.127100 
55 -8.797100 
56 -8.698100 
57 -8.909100 
58 -9.320100 
59 -9.805100 
60 -10.276100 
61 -10.566100 
62 -10.489100 
63 -10.342100 
64 -10.173100 
65 -9.993100 
66 -9.807100 
67 -9.616100 
68 -9.422100 
69 -9.227100 
70 -9.032100 
71 -8.839100 
72 -8.650100 
73 -8.466100 
74 -8.292100 
75 -8.130100 
76 -7.988100 
77 -7.876100 
78 -7.801100 
79 -7.761100 
80 -7.745100 
81 -7.741100 
82 -7.824100 
83 -8.154100 
84 -8.565100 
85 -8.980100 
86 -9.382100 
87 -9.468100 
88 -9.325100 
89 -9.585100 
90 -9.754100 
91 -9.721100 
92 -9.321100 
93 -8.939100 
94 -8.707100 
95 -8.833100 
96 -8.933100 
97 -9.009100 
98 -9.063100 
99 -9.054100 
100 -9.030100 
101 -9.023100 
102 -9.034100 
103 -9.071100 
104 -9.137100 
105 -9.236100 
106 -9.330100 
107 -9.368100 
108 -9.388100 
109 -9.619100 
110 -9.914100 
111 -10.160100 
112 -10.341100 
113 -10.444100 
114 -10.425100 
115 -10.158100 
116 -9.685100 
117 -9.168100 
118 -8.677100 
119 -8.253100 
120 -7.934100 
121 -7.783100 

1 -9.831100 
2 -9.744100 
3 -9.598100 
4 -9.564100 
5 -9.678100 
6 -9.867100 
7 -10.085100 
8 -10.318100 
9 -10.560100 
10 -10.805100 
11 -11.052100 
12 -11.301100 
13 -11.422100 
14 -11.442100 
15 -11.345100 
16 -11.120100 
17 -10.799100 
18 -10.436100 
19 -10.103100 
20 -9.869100 
21 -9.785100 
22 -9.808100 
23 -9.828100 
24 -9.846100 
25 -9.863100 
26 -9.880100 
27 -9.898100 
28 -9.918100 
29 -9.940100 
30 -9.964100 
31 -9.991100 
32 -10.020100 
33 -9.802100 
34 -9.319100 
35 -9.160100 
36 -9.120100 
37 -9.086100 
38 -9.059100 
39 -9.039100 
40 -9.027100 
41 -9.023100 
42 -9.117100 
43 -9.115100 
44 -9.208100 
45 -9.381100 
46 -9.617100 
47 -9.902100 
48 -10.216100 
49 -10.246100 
50 -10.111100 
51 -10.309100 
52 -9.992100 
53 -9.986100 
54 -10.391100 
55 -10.776100 
56 -11.134100 
57 -11.094100 
58 -11.038100 
59 -11.003100 
60 -10.972100 
61 -10.920100 
62 -10.881100 
63 -10.829100 
64 -10.761100 
65 -10.678100 
66 -10.579100 
67 -10.463100 
68 -10.333100 
69 -10.190100 
70 -10.035100 
71 -9.873100 
72 -9.704100 
73 -9.535100 
74 -9.368100 
75 -9.208100 
76 -9.060100 
77 -8.930100 
78 -8.823100 
79 -8.744100 
80 -8.695100 
81 -8.679100 
82 -8.801100 
83 -9.113100 
84 -9.510100 
85 -9.627100 
86 -9.679100 
87 -9.765100 
88 -9.865100 
89 -9.885100 
90 -9.918100 
91 -9.744100 
92 -9.665100 
93 -9.562100 
94 -9.450100 
95 -9.339100 
96 -9.240100 
97 -9.158100 
98 -9.095100 
99 -9.098100 
100 -9.115100 
101 -9.023100 
102 -9.126100 
103 -9.168100 
104 -9.218100 
105 -9.275100 
106 -9.370100 
107 -9.536100 
108 -9.727100 
109 -9.930100 
110 -10.132100 
111 -10.316100 
112 -10.461100 
113 -10.528100 
114 -10.526100 
115 -10.493100 
116 -10.439100 
117 -10.371100 
118 -10.298100 
119 -10.236100 
120 -10.199100 
121 -10.203100 

1 -9.831100 
2 -9.744100 
3 -9.598100 
4 -9.564100 
5 -9.678100 
6 -9.867100 
7 -10.085100 
8 -10.318100 
9 -10.560100 
10 -10.805100 
11 -11.052100 
12 -11.301100 
13 -11.422100 
14 -11.442100 
15 -11.345100 
16 -11.120100 
17 -10.799100 
18 -10.436100 
19 -10.103100 
20 -9.869100 
21 -9.785100 
22 -9.808100 
23 -9.828100 
24 -9.846100 
25 -9.863100 
26 -9.880100 
27 -9.898100 
28 -9.918100 
29 -9.940100 
30 -9.964100 
31 -9.991100 
32 -10.020100 
33 -10.050100 
34 -9.933100 
35 -9.731100 
36 -9.553100 
37 -9.403100 
38 -9.283100 
39 -9.196100 
40 -9.142100 
41 -9.125100 
42 -9.155100 
43 -9.514100 
44 -9.955100 
45 -10.191100 
46 -10.276100 
47 -10.312100 
48 -10.307100 
49 -10.541100 
50 -10.757100 
51 -10.406100 
52 -10.757100 
53 -11.178100 
54 -11.435100 
55 -11.294100 
56 -11.179100 
57 -11.460100 
58 -11.520100 
59 -11.319100 
60 -11.079100 
61 -10.923100 
62 -11.015100 
63 -11.140100 
64 -11.246100 
65 -11.320100 
66 -11.355100 
67 -11.350100 
68 -11.303100 
69 -11.215100 
70 -11.089100 
71 -10.929100 
72 -10.741100 
73 -10.533100 
74 -10.313100 
75 -10.092100 
76 -9.879100 
77 -9.686100 
78 -9.522100 
79 -9.397100 
80 -9.319100 
81 -9.292100 
82 -9.321100 
83 -9.400100 
84 -9.538100 
85 -9.857100 
86 -9.734100 
87 -9.815100 
88 -10.125100 
89 -10.454100 
90 -10.130100 
91 -10.056100 
92 -10.193100 
93 -10.292100 
94 -10.352100 
95 -10.375100 
96 -10.366100 
97 -10.336100 
98 -9.861100 
99 -9.416100 
100 -9.127100 
101 -9.125100 
102 -9.139100 
103 -9.446100 
104 -9.949100 
105 -10.311100 
106 -10.349100 
107 -10.387100 
108 -10.425100 
109 -10.463100 
110 -10.499100 
111 -10.531100 
112 -10.561100 
113 -10.610100 
114 -10.659100 
115 -10.664100 
116 -10.622100 
117 -10.543100 
118 -10.441100 
119 -10.336100 
120 -10.251100 
121 -10.203100 

1 -10.412100 
2 -10.505100 
3 -10.699100 
4 -10.911100 
5 -11.110100 
6 -11.280100 
7 -11.410100 
8 -11.494100 
9 -11.527100 
10 -11.510100 
11 -11.453100 
12 -11.394100 
13 -11.558100 
14 -11.807100 
15 -12.041100 
16 -12.255100 
17 -12.442100 
18 -12.596100 
19 -12.711100 
20 -12.783100 
21 -12.807100 
22 -12.704100 
23 -12.560100 
24 -12.381100 
25 -12.173100 
26 -11.942100 
27 -11.695100 
28 -11.437100 
29 -11.172100 
30 -10.908100 
31 -10.647100 
32 -10.289100 
33 -10.050100 
34 -10.080100 
35 -10.110100 
36 -10.138100 
37 -10.163100 
38 -10.184100 
39 -10.199100 
40 -10.208100 
41 -10.212100 
42 -10.227100 
43 -10.280100 
44 -10.430100 
45 -10.846100 
46 -11.123100 
47 -11.206100 
48 -11.173100 
49 -11.020100 
50 -10.856100 
51 -11.143100 
52 -11.387100 
53 -11.576100 
54 -11.558100 
55 -11.759100 
56 -11.746100 
57 -11.665100 
58 -11.748100 
59 -11.995100 
60 -12.197100 
61 -12.355100 
62 -12.282100 
63 -12.192100 
64 -12.091100 
65 -11.977100 
66 -11.854100 
67 -11.723100 
68 -11.585100 
69 -11.442100 
70 -11.296100 
71 -11.149100 
72 -11.004100 
73 -10.862100 
74 -10.726100 
75 -10.599100 
76 -10.483100 
77 -10.383100 
78 -10.300100 
79 -10.238100 
80 -10.200100 
81 -10.187100 
82 -10.166100 
83 -10.103100 
84 -10.000100 
85 -10.032100 
86 -10.558100 
87 -11.079100 
88 -10.929100 
89 -10.536100 
90 -10.743100 
91 -10.980100 
92 -11.152100 
93 -11.248100 
94 -11.258100 
95 -11.172100 
96 -10.925100 
97 -10.401100 
98 -10.295100 
99 -10.253100 
100 -10.223100 
101 -10.212100 
102 -10.220100 
103 -10.242100 
104 -10.274100 
105 -10.560100 
106 -11.022100 
107 -11.259100 
108 -11.437100 
109 -11.564100 
110 -11.632100 
111 -11.623100 
112 -11.517100 
113 -11.291100 
114 -10.984100 
115 -10.777100 
116 -10.704100 
117 -10.673100 
118 -10.671100 
119 -10.697100 
120 -10.747100 
121 -10.821100 

1 -10.412100 
2 -10.505100 
3 -10.699100 
4 -10.911100 
5 -11.110100 
6 -11.280100 
7 -11.410100 
8 -11.494100 
9 -11.527100 
10 -11.510100 
11 -11.453100 
12 -11.394100 
13 -11.558100 
14 -11.807100 
15 -12.041100 
16 -12.255100 
17 -12.442100 
18 -12.596100 
19 -12.711100 
20 -12.783100 
21 -12.807100 
22 -12.863100 
23 -12.866100 
24 -12.812100 
25 -12.697100 
26 -12.519100 
27 -12.278100 
28 -11.976100 
29 -11.618100 
30 -11.210100 
31 -10.763100 
32 -10.394100 
33 -10.155100 
34 -10.080100 
35 -10.110100 
36 -10.138100 
37 -10.163100 
38 -10.184100 
39 -10.199100 
40 -10.208100 
41 -10.212100 
42 -10.282100 
43 -10.467100 
44 -10.708100 
45 -10.944100 
46 -11.361100 
47 -11.780100 
48 -12.041100 
49 -12.136100 
50 -12.092100 
51 -11.956100 
52 -11.779100 
53 -11.599100 
54 -11.702100 
55 -11.885100 
56 -12.147100 
57 -12.338100 
58 -12.455100 
59 -12.495100 
60 -12.462100 
61 -12.361100 
62 -12.421100 
63 -12.472100 
64 -12.512100 
65 -12.543100 
66 -12.565100 
67 -12.579100 
68 -12.585100 
69 -12.585100 
70 -12.579100 
71 -12.570100 
72 -12.557100 
73 -12.542100 
74 -12.526100 
75 -12.510100 
76 -12.495100 
77 -12.481100 
78 -12.470100 
79 -12.461100 
80 -12.456100 
81 -12.454100 
82 -12.419100 
83 -12.315100 
84 -12.145100 
85 -11.914100 
86 -11.628100 
87 -11.297100 
88 -11.563100 
89 -11.976100 
90 -12.284100 
91 -12.459100 
92 -12.478100 
93 -12.331100 
94 -12.022100 
95 -11.582100 
96 -11.132100 
97 -10.867100 
98 -10.628100 
99 -10.415100 
100 -10.265100 
101 -10.212100 
102 -10.262100 
103 -10.404100 
104 -10.613100 
105 -10.870100 
106 -11.307100 
107 -11.882100 
108 -12.338100 
109 -12.615100 
110 -12.702100 
111 -12.620100 
112 -12.421100 
113 -12.177100 
114 -11.942100 
115 -11.727100 
116 -11.527100 
117 -11.343100 
118 -11.179100 
119 -11.036100 
120 -10.916100 
121 -10.821100 

