1 2.859000 
2 2.948000 
3 3.037000 
4 3.232000 
5 3.462000 
6 3.701000 
7 3.922000 
8 4.108000 
9 4.247000 
10 4.332000 
11 4.360000 
12 4.378000 
13 4.467000 
14 4.717000 
15 5.199000 
16 5.838000 
17 6.493000 
18 7.064000 
19 7.497000 
20 7.765000 
21 7.855000 
22 7.810000 
23 7.675000 
24 7.453000 
25 7.147000 
26 6.764000 
27 6.317000 
28 5.821000 
29 5.301000 
30 4.790000 
31 4.332000 
32 3.970000 
33 3.729000 
34 3.606000 
35 3.574000 
36 3.596000 
37 3.642000 
38 3.690000 
39 3.727000 
40 3.750000 
41 3.757000 
42 3.746000 
43 3.714000 
44 3.661000 
45 3.586000 
46 3.493000 
47 3.384000 
48 3.262000 
49 3.133000 
50 3.004000 
51 2.883000 
52 2.778000 
53 2.982000 
54 3.140000 
55 3.238000 
56 3.277000 
57 3.259000 
58 3.194000 
59 3.095000 
60 2.976000 
61 2.859000 
62 2.947000 
63 2.969000 
64 3.275000 
65 4.024000 
66 4.936000 
67 5.863000 
68 6.686000 
69 7.321000 
70 7.720000 
71 7.855000 
72 7.765000 
73 7.497000 
74 7.064000 
75 6.493000 
76 5.838000 
77 5.199000 
78 4.717000 
79 4.467000 
80 4.378000 
81 4.360000 

1 2.859000 
2 2.906000 
3 2.999000 
4 3.016000 
5 3.004000 
6 2.970000 
7 2.920000 
8 2.861000 
9 2.805000 
10 2.764000 
11 2.749000 
12 2.725000 
13 2.653000 
14 2.541000 
15 2.398000 
16 2.237000 
17 2.073000 
18 1.922000 
19 1.801000 
20 1.722000 
21 1.695000 
22 1.697000 
23 1.701000 
24 1.704000 
25 1.702000 
26 1.691000 
27 1.664000 
28 1.616000 
29 1.541000 
30 1.667000 
31 1.959000 
32 2.248000 
33 2.528000 
34 2.791000 
35 3.031000 
36 3.243000 
37 3.423000 
38 3.567000 
39 3.672000 
40 3.736000 
41 3.757000 
42 3.746000 
43 3.714000 
44 3.661000 
45 3.586000 
46 3.493000 
47 3.384000 
48 3.262000 
49 3.133000 
50 3.004000 
51 2.883000 
52 2.778000 
53 2.695000 
54 2.640000 
55 2.614000 
56 2.617000 
57 2.643000 
58 2.687000 
59 2.742000 
60 2.802000 
61 2.859000 
62 2.947000 
63 2.969000 
64 2.903000 
65 2.747000 
66 2.515000 
67 2.249000 
68 2.003000 
69 1.824000 
70 1.725000 
71 1.695000 
72 1.722000 
73 1.801000 
74 1.922000 
75 2.073000 
76 2.237000 
77 2.398000 
78 2.541000 
79 2.653000 
80 2.725000 
81 2.749000 

1 2.859000 
2 2.728000 
3 2.552000 
4 2.327000 
5 2.054000 
6 1.732000 
7 1.363000 
8 0.951000 
9 0.512000 
10 0.099000 
11 0.107000 
12 0.266000 
13 0.865000 
14 1.456000 
15 1.783000 
16 1.857000 
17 1.812000 
18 1.751000 
19 1.714000 
20 1.699000 
21 1.695000 
22 1.697000 
23 1.701000 
24 1.704000 
25 1.702000 
26 1.691000 
27 1.664000 
28 1.616000 
29 1.541000 
30 1.435000 
31 1.294000 
32 1.115000 
33 0.897000 
34 0.641000 
35 0.352000 
36 0.038000 
37 -0.289000 
38 -0.607000 
39 -0.883000 
40 -1.076000 
41 -1.146000 
42 -1.057000 
43 -0.808000 
44 -0.440000 
45 0.000000 
46 0.472000 
47 0.944000 
48 1.395000 
49 1.810000 
50 2.180000 
51 2.500000 
52 2.768000 
53 2.695000 
54 2.640000 
55 2.614000 
56 2.617000 
57 2.643000 
58 2.687000 
59 2.742000 
60 2.802000 
61 2.859000 
62 2.715000 
63 2.825000 
64 2.903000 
65 2.747000 
66 2.515000 
67 2.249000 
68 2.003000 
69 1.824000 
70 1.725000 
71 1.695000 
72 1.699000 
73 1.714000 
74 1.751000 
75 1.812000 
76 1.857000 
77 1.783000 
78 1.456000 
79 0.865000 
80 0.266000 
81 0.107000 

1 -0.201000 
2 -0.195000 
3 -0.174000 
4 -0.142000 
5 -0.099000 
6 -0.051000 
7 -0.002000 
8 0.042000 
9 0.077000 
10 0.095000 
11 -0.118000 
12 0.025000 
13 0.106000 
14 0.179000 
15 0.248000 
16 0.368000 
17 0.821000 
18 1.195000 
19 1.471000 
20 1.639000 
21 1.695000 
22 1.679000 
23 1.631000 
24 1.552000 
25 1.444000 
26 1.309000 
27 1.148000 
28 1.103000 
29 1.379000 
30 1.435000 
31 1.294000 
32 1.115000 
33 0.897000 
34 0.641000 
35 0.352000 
36 0.038000 
37 -0.289000 
38 -0.607000 
39 -0.883000 
40 -1.076000 
41 -1.146000 
42 -1.130000 
43 -1.085000 
44 -1.013000 
45 -0.922000 
46 -0.817000 
47 -0.705000 
48 -0.593000 
49 -0.485000 
50 -0.387000 
51 -0.304000 
52 -0.238000 
53 -0.192000 
54 -0.165000 
55 -0.155000 
56 -0.157000 
57 -0.167000 
58 -0.179000 
59 -0.191000 
60 -0.199000 
61 -0.201000 
62 -0.189000 
63 -0.153000 
64 -0.094000 
65 -0.020000 
66 0.055000 
67 0.111000 
68 0.789000 
69 1.298000 
70 1.598000 
71 1.695000 
72 1.639000 
73 1.471000 
74 1.195000 
75 0.821000 
76 0.368000 
77 0.248000 
78 0.179000 
79 0.106000 
80 0.025000 
81 -0.118000 

1 -0.201000 
2 -0.200000 
3 -0.198000 
4 -0.193000 
5 -0.188000 
6 -0.182000 
7 -0.176000 
8 -0.171000 
9 -0.166000 
10 -0.164000 
11 -0.163000 
12 -0.155000 
13 -0.134000 
14 -0.102000 
15 -0.067000 
16 0.295000 
17 0.294000 
18 0.239000 
19 0.152000 
20 0.075000 
21 0.045000 
22 0.069000 
23 0.141000 
24 0.258000 
25 0.418000 
26 0.616000 
27 0.847000 
28 0.967000 
29 0.767000 
30 0.555000 
31 0.335000 
32 0.111000 
33 -0.110000 
34 -0.322000 
35 -0.520000 
36 -0.699000 
37 -0.853000 
38 -0.978000 
39 -1.070000 
40 -1.127000 
41 -1.146000 
42 -1.130000 
43 -1.085000 
44 -1.013000 
45 -0.922000 
46 -0.817000 
47 -0.705000 
48 -0.593000 
49 -0.485000 
50 -0.387000 
51 -0.304000 
52 -0.238000 
53 -0.192000 
54 -0.165000 
55 -0.155000 
56 -0.157000 
57 -0.167000 
58 -0.179000 
59 -0.191000 
60 -0.199000 
61 -0.201000 
62 -0.189000 
63 -0.153000 
64 -0.094000 
65 -0.020000 
66 0.055000 
67 0.111000 
68 0.130000 
69 0.106000 
70 0.065000 
71 0.045000 
72 0.075000 
73 0.152000 
74 0.239000 
75 0.294000 
76 0.295000 
77 -0.067000 
78 -0.102000 
79 -0.134000 
80 -0.155000 
81 -0.163000 

1 -8.664000 
2 -7.851000 
3 -7.015000 
4 -6.173000 
5 -5.339000 
6 -4.525000 
7 -3.742000 
8 -3.002000 
9 -2.326000 
10 -1.765000 
11 -1.503000 
12 -1.391000 
13 -1.080000 
14 -0.636000 
15 -0.133000 
16 -0.033000 
17 -0.004000 
18 0.018000 
19 0.033000 
20 0.042000 
21 0.045000 
22 0.035000 
23 0.006000 
24 -0.042000 
25 -0.106000 
26 -0.184000 
27 -0.276000 
28 -0.383000 
29 -0.519000 
30 -0.706000 
31 -0.978000 
32 -1.376000 
33 -1.924000 
34 -2.615000 
35 -3.417000 
36 -4.285000 
37 -5.165000 
38 -5.994000 
39 -6.697000 
40 -7.179000 
41 -7.353000 
42 -7.351000 
43 -7.343000 
44 -7.329000 
45 -7.304000 
46 -7.266000 
47 -7.217000 
48 -7.158000 
49 -7.095000 
50 -7.034000 
51 -6.983000 
52 -6.953000 
53 -6.952000 
54 -6.991000 
55 -7.076000 
56 -7.213000 
57 -7.404000 
58 -7.648000 
59 -7.943000 
60 -8.284000 
61 -8.664000 
62 -6.820000 
63 -5.008000 
64 -3.381000 
65 -1.996000 
66 -0.852000 
67 0.073000 
68 0.130000 
69 0.106000 
70 0.065000 
71 0.045000 
72 0.042000 
73 0.033000 
74 0.018000 
75 -0.004000 
76 -0.033000 
77 -0.133000 
78 -0.636000 
79 -1.080000 
80 -1.391000 
81 -1.503000 

1 -8.664000 
2 -8.432000 
3 -8.211000 
4 -8.072000 
5 -8.003000 
6 -7.985000 
7 -8.000000 
8 -8.032000 
9 -8.067000 
10 -8.093000 
11 -8.102000 
12 -8.567000 
13 -9.743000 
14 -11.251000 
15 -12.182000 
16 -12.490000 
17 -12.777000 
18 -13.012000 
19 -13.179000 
20 -13.274000 
21 -13.305000 
22 -13.359000 
23 -13.495000 
24 -13.657000 
25 -13.788000 
26 -13.860000 
27 -13.876000 
28 -13.856000 
29 -13.832000 
30 -13.833000 
31 -13.825000 
32 -13.110000 
33 -12.313000 
34 -11.473000 
35 -10.625000 
36 -9.802000 
37 -9.036000 
38 -8.364000 
39 -7.828000 
40 -7.476000 
41 -7.353000 
42 -7.351000 
43 -7.343000 
44 -7.329000 
45 -7.304000 
46 -7.266000 
47 -7.217000 
48 -7.158000 
49 -7.095000 
50 -7.034000 
51 -6.983000 
52 -6.953000 
53 -6.952000 
54 -6.991000 
55 -7.076000 
56 -7.213000 
57 -7.404000 
58 -7.648000 
59 -7.943000 
60 -8.284000 
61 -8.664000 
62 -9.261000 
63 -10.003000 
64 -11.120000 
65 -12.200000 
66 -12.907000 
67 -13.384000 
68 -13.575000 
69 -13.524000 
70 -13.377000 
71 -13.305000 
72 -13.274000 
73 -13.179000 
74 -13.012000 
75 -12.777000 
76 -12.490000 
77 -12.182000 
78 -11.251000 
79 -9.743000 
80 -8.567000 
81 -8.102000 

1 -8.664000 
2 -9.231000 
3 -9.753000 
4 -10.353000 
5 -10.994000 
6 -11.530000 
7 -11.687000 
8 -11.694000 
9 -11.602000 
10 -11.493000 
11 -11.446000 
12 -11.499000 
13 -11.654000 
14 -11.891000 
15 -12.771000 
16 -14.032000 
17 -14.784000 
18 -14.598000 
19 -14.029000 
20 -13.513000 
21 -13.305000 
22 -13.412000 
23 -13.707000 
24 -14.120000 
25 -14.552000 
26 -14.903000 
27 -15.093000 
28 -15.078000 
29 -14.847000 
30 -14.418000 
31 -13.825000 
32 -13.110000 
33 -12.313000 
34 -11.473000 
35 -10.625000 
36 -9.802000 
37 -9.036000 
38 -8.364000 
39 -7.828000 
40 -7.476000 
41 -7.353000 
42 -7.410000 
43 -7.566000 
44 -7.781000 
45 -8.016000 
46 -8.239000 
47 -8.432000 
48 -8.590000 
49 -8.711000 
50 -8.799000 
51 -8.855000 
52 -8.880000 
53 -8.874000 
54 -8.845000 
55 -8.803000 
56 -8.761000 
57 -8.729000 
58 -8.713000 
59 -8.723000 
60 -8.766000 
61 -8.664000 
62 -9.513000 
63 -10.429000 
64 -11.347000 
65 -12.200000 
66 -12.907000 
67 -13.384000 
68 -13.575000 
69 -13.524000 
70 -13.377000 
71 -13.305000 
72 -13.513000 
73 -14.029000 
74 -14.598000 
75 -14.784000 
76 -14.032000 
77 -12.771000 
78 -11.891000 
79 -11.654000 
80 -11.499000 
81 -11.446000 

1 -8.895000 
2 -9.433000 
3 -10.133000 
4 -10.735000 
5 -11.209000 
6 -11.637000 
7 -12.237000 
8 -12.753000 
9 -13.149000 
10 -13.398000 
11 -13.483000 
12 -13.614000 
13 -13.965000 
14 -14.420000 
15 -14.831000 
16 -15.052000 
17 -14.979000 
18 -14.868000 
19 -14.352000 
20 -13.638000 
21 -13.305000 
22 -13.412000 
23 -13.707000 
24 -14.120000 
25 -14.552000 
26 -14.903000 
27 -15.093000 
28 -15.078000 
29 -14.847000 
30 -14.418000 
31 -13.880000 
32 -13.984000 
33 -14.141000 
34 -14.339000 
35 -14.553000 
36 -14.753000 
37 -14.907000 
38 -14.992000 
39 -15.008000 
40 -14.984000 
41 -14.968000 
42 -14.981000 
43 -15.018000 
44 -15.065000 
45 -15.102000 
46 -15.103000 
47 -15.039000 
48 -14.884000 
49 -14.628000 
50 -14.286000 
51 -13.900000 
52 -13.526000 
53 -13.204000 
54 -12.924000 
55 -12.632000 
56 -12.265000 
57 -11.778000 
58 -11.160000 
59 -10.423000 
60 -9.595000 
61 -8.895000 
62 -9.513000 
63 -10.429000 
64 -11.347000 
65 -12.501000 
66 -13.906000 
67 -15.003000 
68 -15.424000 
69 -14.947000 
70 -13.892000 
71 -13.305000 
72 -13.638000 
73 -14.352000 
74 -14.868000 
75 -14.979000 
76 -15.052000 
77 -14.831000 
78 -14.420000 
79 -13.965000 
80 -13.614000 
81 -13.483000 

