1 7.324000 
2 7.326000 
3 7.334000 
4 7.345000 
5 7.359000 
6 7.375000 
7 7.390000 
8 7.403000 
9 7.414000 
10 7.420000 
11 7.423000 
12 7.758000 
13 8.080000 
14 8.388000 
15 8.681000 
16 8.959000 
17 9.221000 
18 9.465000 
19 9.693000 
20 9.903000 
21 10.096000 
22 10.270000 
23 10.426000 
24 10.564000 
25 10.684000 
26 10.785000 
27 10.867000 
28 10.931000 
29 10.977000 
30 11.005000 
31 11.014000 
32 11.007000 
33 10.986000 
34 10.952000 
35 10.904000 
36 10.843000 
37 10.768000 
38 10.679000 
39 10.578000 
40 10.465000 
41 10.339000 
42 10.203000 
43 10.058000 
44 9.906000 
45 9.749000 
46 9.593000 
47 9.442000 
48 9.306000 
49 9.194000 
50 9.120000 
51 9.094000 
52 9.079000 
53 9.036000 
54 8.963000 
55 8.863000 
56 8.734000 
57 8.580000 
58 8.402000 
59 8.207000 
60 8.010000 
61 7.856000 
62 8.022000 
63 8.214000 
64 8.427000 
65 8.654000 
66 8.889000 
67 9.126000 
68 9.360000 
69 9.587000 
70 9.802000 
71 10.005000 
72 10.191000 
73 10.361000 
74 10.512000 
75 10.644000 
76 10.757000 
77 10.849000 
78 10.921000 
79 10.973000 
80 11.004000 
81 11.014000 
82 11.007000 
83 10.986000 
84 10.952000 
85 10.904000 
86 10.843000 
87 10.768000 
88 10.679000 
89 10.578000 
90 10.465000 
91 10.339000 
92 10.203000 
93 10.058000 
94 9.906000 
95 9.749000 
96 9.593000 
97 9.442000 
98 9.306000 
99 9.194000 
100 9.120000 
101 9.094000 

1 7.324000 
2 7.326000 
3 7.334000 
4 7.345000 
5 7.359000 
6 7.375000 
7 7.390000 
8 7.403000 
9 7.414000 
10 7.420000 
11 7.423000 
12 7.075000 
13 6.715000 
14 6.345000 
15 5.965000 
16 5.576000 
17 5.179000 
18 4.775000 
19 4.365000 
20 3.949000 
21 3.529000 
22 3.105000 
23 2.678000 
24 2.251000 
25 1.827000 
26 1.410000 
27 1.007000 
28 0.633000 
29 0.312000 
30 0.084000 
31 0.000000 
32 0.108000 
33 0.380000 
34 0.738000 
35 1.138000 
36 1.555000 
37 1.979000 
38 2.404000 
39 2.823000 
40 3.235000 
41 3.637000 
42 4.026000 
43 4.400000 
44 4.755000 
45 5.089000 
46 5.397000 
47 5.671000 
48 5.905000 
49 6.085000 
50 6.201000 
51 6.241000 
52 6.239000 
53 6.232000 
54 6.226000 
55 6.226000 
56 6.244000 
57 6.292000 
58 6.386000 
59 6.530000 
60 6.710000 
61 6.868000 
62 6.690000 
63 6.488000 
64 6.262000 
65 6.012000 
66 5.739000 
67 5.443000 
68 5.125000 
69 4.783000 
70 4.421000 
71 4.036000 
72 3.632000 
73 3.209000 
74 2.768000 
75 2.313000 
76 1.847000 
77 1.376000 
78 0.913000 
79 0.483000 
80 0.142000 
81 0.000000 
82 0.108000 
83 0.380000 
84 0.738000 
85 1.138000 
86 1.555000 
87 1.979000 
88 2.404000 
89 2.823000 
90 3.235000 
91 3.637000 
92 4.026000 
93 4.400000 
94 4.755000 
95 5.089000 
96 5.397000 
97 5.671000 
98 5.905000 
99 6.085000 
100 6.201000 
101 6.241000 

1 3.251000 
2 3.237000 
3 3.198000 
4 3.134000 
5 3.051000 
6 2.953000 
7 2.850000 
8 2.750000 
9 2.666000 
10 2.608000 
11 2.588000 
12 2.579000 
13 2.553000 
14 2.510000 
15 2.449000 
16 2.372000 
17 2.278000 
18 2.168000 
19 2.041000 
20 1.900000 
21 1.744000 
22 1.575000 
23 1.393000 
24 1.200000 
25 0.997000 
26 0.789000 
27 0.578000 
28 0.373000 
29 0.190000 
30 0.053000 
31 0.000000 
32 0.017000 
33 0.064000 
34 0.134000 
35 0.220000 
36 0.314000 
37 0.413000 
38 0.511000 
39 0.606000 
40 0.698000 
41 0.784000 
42 0.864000 
43 0.936000 
44 1.001000 
45 1.058000 
46 1.107000 
47 1.147000 
48 1.178000 
49 1.200000 
50 1.214000 
51 1.218000 
52 1.347000 
53 1.662000 
54 2.055000 
55 2.460000 
56 2.841000 
57 3.167000 
58 3.415000 
59 3.569000 
60 3.626000 
61 3.597000 
62 3.670000 
63 3.689000 
64 3.656000 
65 3.577000 
66 3.456000 
67 3.298000 
68 3.109000 
69 2.893000 
70 2.654000 
71 2.396000 
72 2.124000 
73 1.842000 
74 1.553000 
75 1.262000 
76 0.974000 
77 0.697000 
78 0.440000 
79 0.218000 
80 0.060000 
81 0.000000 
82 0.017000 
83 0.064000 
84 0.134000 
85 0.220000 
86 0.314000 
87 0.413000 
88 0.511000 
89 0.606000 
90 0.698000 
91 0.784000 
92 0.864000 
93 0.936000 
94 1.001000 
95 1.058000 
96 1.107000 
97 1.147000 
98 1.178000 
99 1.200000 
100 1.214000 
101 1.218000 

1 3.251000 
2 3.237000 
3 3.198000 
4 3.134000 
5 3.051000 
6 2.953000 
7 2.850000 
8 2.750000 
9 2.666000 
10 2.608000 
11 2.588000 
12 2.579000 
13 2.553000 
14 2.510000 
15 2.449000 
16 2.372000 
17 2.278000 
18 2.168000 
19 2.041000 
20 1.900000 
21 1.744000 
22 1.575000 
23 1.393000 
24 1.200000 
25 0.997000 
26 0.789000 
27 0.578000 
28 0.373000 
29 0.190000 
30 0.053000 
31 0.000000 
32 0.017000 
33 0.064000 
34 0.134000 
35 0.220000 
36 0.314000 
37 0.413000 
38 0.511000 
39 0.606000 
40 0.698000 
41 0.784000 
42 0.864000 
43 0.936000 
44 1.001000 
45 1.058000 
46 1.107000 
47 1.147000 
48 1.178000 
49 1.200000 
50 1.214000 
51 1.218000 
52 1.243000 
53 1.312000 
54 1.416000 
55 1.542000 
56 1.677000 
57 1.813000 
58 1.941000 
59 2.056000 
60 2.155000 
61 2.234000 
62 2.124000 
63 2.001000 
64 1.867000 
65 1.723000 
66 1.571000 
67 1.413000 
68 1.251000 
69 1.089000 
70 0.930000 
71 0.776000 
72 0.631000 
73 0.498000 
74 0.379000 
75 0.275000 
76 0.189000 
77 0.119000 
78 0.066000 
79 0.029000 
80 0.007000 
81 0.000000 
82 0.017000 
83 0.064000 
84 0.134000 
85 0.220000 
86 0.314000 
87 0.413000 
88 0.511000 
89 0.606000 
90 0.698000 
91 0.784000 
92 0.864000 
93 0.936000 
94 1.001000 
95 1.058000 
96 1.107000 
97 1.147000 
98 1.178000 
99 1.200000 
100 1.214000 
101 1.218000 

1 -3.491000 
2 -3.116000 
3 -2.727000 
4 -2.353000 
5 -2.000000 
6 -1.674000 
7 -1.384000 
8 -1.139000 
9 -0.952000 
10 -0.832000 
11 -0.791000 
12 -0.717000 
13 -0.666000 
14 -0.636000 
15 -0.626000 
16 -0.635000 
17 -0.660000 
18 -0.700000 
19 -0.753000 
20 -0.817000 
21 -0.888000 
22 -0.964000 
23 -1.042000 
24 -1.120000 
25 -1.194000 
26 -1.262000 
27 -1.321000 
28 -1.370000 
29 -1.406000 
30 -1.428000 
31 -1.436000 
32 -1.456000 
33 -1.511000 
34 -1.595000 
35 -1.635000 
36 -1.623000 
37 -1.589000 
38 -1.541000 
39 -1.482000 
40 -1.417000 
41 -1.349000 
42 -1.281000 
43 -1.213000 
44 -1.150000 
45 -1.091000 
46 -1.039000 
47 -0.994000 
48 -0.959000 
49 -0.933000 
50 -0.917000 
51 -0.912000 
52 -1.032000 
53 -1.297000 
54 -1.530000 
55 -1.604000 
56 -1.559000 
57 -1.466000 
58 -1.360000 
59 -1.257000 
60 -1.169000 
61 -1.099000 
62 -1.193000 
63 -1.294000 
64 -1.402000 
65 -1.512000 
66 -1.619000 
67 -1.718000 
68 -1.804000 
69 -1.871000 
70 -1.917000 
71 -1.941000 
72 -1.944000 
73 -1.931000 
74 -1.900000 
75 -1.778000 
76 -1.674000 
77 -1.589000 
78 -1.522000 
79 -1.474000 
80 -1.445000 
81 -1.436000 
82 -1.456000 
83 -1.511000 
84 -1.595000 
85 -1.635000 
86 -1.623000 
87 -1.589000 
88 -1.541000 
89 -1.482000 
90 -1.417000 
91 -1.349000 
92 -1.281000 
93 -1.213000 
94 -1.150000 
95 -1.091000 
96 -1.039000 
97 -0.994000 
98 -0.959000 
99 -0.933000 
100 -0.917000 
101 -0.912000 

1 -3.491000 
2 -3.116000 
3 -2.727000 
4 -2.353000 
5 -2.000000 
6 -1.674000 
7 -1.384000 
8 -1.139000 
9 -0.952000 
10 -0.832000 
11 -0.791000 
12 -0.888000 
13 -1.009000 
14 -1.154000 
15 -1.322000 
16 -1.514000 
17 -1.729000 
18 -1.964000 
19 -2.217000 
20 -2.486000 
21 -2.765000 
22 -3.047000 
23 -3.321000 
24 -3.017000 
25 -2.715000 
26 -2.421000 
27 -2.140000 
28 -1.881000 
29 -1.657000 
30 -1.496000 
31 -1.436000 
32 -1.456000 
33 -1.511000 
34 -1.595000 
35 -1.698000 
36 -1.811000 
37 -1.925000 
38 -2.036000 
39 -2.136000 
40 -2.222000 
41 -2.291000 
42 -2.341000 
43 -2.375000 
44 -2.393000 
45 -2.400000 
46 -2.399000 
47 -2.393000 
48 -2.385000 
49 -2.378000 
50 -2.373000 
51 -2.372000 
52 -2.374000 
53 -2.405000 
54 -2.546000 
55 -2.873000 
56 -3.300000 
57 -3.629000 
58 -3.971000 
59 -3.985000 
60 -3.617000 
61 -3.248000 
62 -3.791000 
63 -4.272000 
64 -3.993000 
65 -3.723000 
66 -3.465000 
67 -3.218000 
68 -2.984000 
69 -2.765000 
70 -2.560000 
71 -2.370000 
72 -2.197000 
73 -2.040000 
74 -1.905000 
75 -1.870000 
76 -1.826000 
77 -1.772000 
78 -1.703000 
79 -1.609000 
80 -1.486000 
81 -1.436000 
82 -1.456000 
83 -1.511000 
84 -1.595000 
85 -1.698000 
86 -1.811000 
87 -1.925000 
88 -2.036000 
89 -2.136000 
90 -2.222000 
91 -2.291000 
92 -2.341000 
93 -2.375000 
94 -2.393000 
95 -2.400000 
96 -2.399000 
97 -2.393000 
98 -2.385000 
99 -2.378000 
100 -2.373000 
101 -2.372000 

1 -3.542000 
2 -3.921000 
3 -4.324000 
4 -4.720000 
5 -5.102000 
6 -5.460000 
7 -5.783000 
8 -6.054000 
9 -6.259000 
10 -6.385000 
11 -6.427000 
12 -6.368000 
13 -6.212000 
14 -5.994000 
15 -5.738000 
16 -5.461000 
17 -5.171000 
18 -4.871000 
19 -4.566000 
20 -4.258000 
21 -3.947000 
22 -3.635000 
23 -3.325000 
24 -3.017000 
25 -2.715000 
26 -2.421000 
27 -2.140000 
28 -1.881000 
29 -1.657000 
30 -1.496000 
31 -1.436000 
32 -1.479000 
33 -1.559000 
34 -1.616000 
35 -1.698000 
36 -1.811000 
37 -1.925000 
38 -2.036000 
39 -2.136000 
40 -2.222000 
41 -2.291000 
42 -2.341000 
43 -2.375000 
44 -2.393000 
45 -2.400000 
46 -2.399000 
47 -2.393000 
48 -2.385000 
49 -2.378000 
50 -2.373000 
51 -2.372000 
52 -2.416000 
53 -2.543000 
54 -2.743000 
55 -3.000000 
56 -3.325000 
57 -3.812000 
58 -4.173000 
59 -4.308000 
60 -4.613000 
61 -4.853000 
62 -4.560000 
63 -4.324000 
64 -4.774000 
65 -4.859000 
66 -4.643000 
67 -4.377000 
68 -4.108000 
69 -3.846000 
70 -3.592000 
71 -3.347000 
72 -3.109000 
73 -2.878000 
74 -2.652000 
75 -2.430000 
76 -2.212000 
77 -1.999000 
78 -1.798000 
79 -1.619000 
80 -1.497000 
81 -1.436000 
82 -1.479000 
83 -1.559000 
84 -1.616000 
85 -1.698000 
86 -1.811000 
87 -1.925000 
88 -2.036000 
89 -2.136000 
90 -2.222000 
91 -2.291000 
92 -2.341000 
93 -2.375000 
94 -2.393000 
95 -2.400000 
96 -2.399000 
97 -2.393000 
98 -2.385000 
99 -2.378000 
100 -2.373000 
101 -2.372000 

1 -3.542000 
2 -3.921000 
3 -4.324000 
4 -4.720000 
5 -5.102000 
6 -5.460000 
7 -5.783000 
8 -6.054000 
9 -6.259000 
10 -6.385000 
11 -6.427000 
12 -6.368000 
13 -6.212000 
14 -5.994000 
15 -5.738000 
16 -5.461000 
17 -5.171000 
18 -4.871000 
19 -4.566000 
20 -4.258000 
21 -3.947000 
22 -3.635000 
23 -3.325000 
24 -3.565000 
25 -3.742000 
26 -3.791000 
27 -3.669000 
28 -3.424000 
29 -3.155000 
30 -2.945000 
31 -2.864000 
32 -2.927000 
33 -3.111000 
34 -3.398000 
35 -3.757000 
36 -4.157000 
37 -4.574000 
38 -4.991000 
39 -5.392000 
40 -5.524000 
41 -5.578000 
42 -5.666000 
43 -5.786000 
44 -5.937000 
45 -6.114000 
46 -6.314000 
47 -6.529000 
48 -6.753000 
49 -6.975000 
50 -7.039000 
51 -7.042000 
52 -6.938000 
53 -6.634000 
54 -6.244000 
55 -5.825000 
56 -5.398000 
57 -4.989000 
58 -4.727000 
59 -5.017000 
60 -5.454000 
61 -5.730000 
62 -5.554000 
63 -5.378000 
64 -5.207000 
65 -5.047000 
66 -4.906000 
67 -4.789000 
68 -4.702000 
69 -4.648000 
70 -4.626000 
71 -4.633000 
72 -4.657000 
73 -4.682000 
74 -4.677000 
75 -4.591000 
76 -4.366000 
77 -4.006000 
78 -3.593000 
79 -3.218000 
80 -2.957000 
81 -2.864000 
82 -2.927000 
83 -3.111000 
84 -3.398000 
85 -3.757000 
86 -4.157000 
87 -4.574000 
88 -4.991000 
89 -5.392000 
90 -5.524000 
91 -5.578000 
92 -5.666000 
93 -5.786000 
94 -5.937000 
95 -6.114000 
96 -6.314000 
97 -6.529000 
98 -6.753000 
99 -6.975000 
100 -7.039000 
101 -7.042000 

1 -7.400000 
2 -7.402000 
3 -7.408000 
4 -7.419000 
5 -7.437000 
6 -7.466000 
7 -7.510000 
8 -7.577000 
9 -7.674000 
10 -7.802000 
11 -7.943000 
12 -7.758000 
13 -7.560000 
14 -7.371000 
15 -7.191000 
16 -7.022000 
17 -6.862000 
18 -6.712000 
19 -6.573000 
20 -6.444000 
21 -6.325000 
22 -6.217000 
23 -6.120000 
24 -6.034000 
25 -5.802000 
26 -5.553000 
27 -5.480000 
28 -5.537000 
29 -5.638000 
30 -5.720000 
31 -5.750000 
32 -5.741000 
33 -5.713000 
34 -5.673000 
35 -5.624000 
36 -5.575000 
37 -5.533000 
38 -5.506000 
39 -5.501000 
40 -5.524000 
41 -5.578000 
42 -5.666000 
43 -5.786000 
44 -5.937000 
45 -6.114000 
46 -6.314000 
47 -6.529000 
48 -6.753000 
49 -6.975000 
50 -7.167000 
51 -7.255000 
52 -7.186000 
53 -7.067000 
54 -6.909000 
55 -6.750000 
56 -6.601000 
57 -6.472000 
58 -6.371000 
59 -6.312000 
60 -6.315000 
61 -6.399000 
62 -6.073000 
63 -5.770000 
64 -5.558000 
65 -5.623000 
66 -5.465000 
67 -5.327000 
68 -5.212000 
69 -5.123000 
70 -5.061000 
71 -5.030000 
72 -5.030000 
73 -5.061000 
74 -5.122000 
75 -5.210000 
76 -5.318000 
77 -5.437000 
78 -5.555000 
79 -5.656000 
80 -5.726000 
81 -5.750000 
82 -5.741000 
83 -5.713000 
84 -5.673000 
85 -5.624000 
86 -5.575000 
87 -5.533000 
88 -5.506000 
89 -5.501000 
90 -5.524000 
91 -5.578000 
92 -5.666000 
93 -5.786000 
94 -5.937000 
95 -6.114000 
96 -6.314000 
97 -6.529000 
98 -6.753000 
99 -6.975000 
100 -7.167000 
101 -7.255000 

1 -7.400000 
2 -7.402000 
3 -7.408000 
4 -7.419000 
5 -7.437000 
6 -7.466000 
7 -7.510000 
8 -7.577000 
9 -7.674000 
10 -7.802000 
11 -7.943000 
12 -7.992000 
13 -8.120000 
14 -8.290000 
15 -8.477000 
16 -8.664000 
17 -8.842000 
18 -9.006000 
19 -8.713000 
20 -8.190000 
21 -7.665000 
22 -7.146000 
23 -6.647000 
24 -6.187000 
25 -5.959000 
26 -5.896000 
27 -5.843000 
28 -5.803000 
29 -5.774000 
30 -5.756000 
31 -5.750000 
32 -5.741000 
33 -5.713000 
34 -5.673000 
35 -5.624000 
36 -5.575000 
37 -5.533000 
38 -5.506000 
39 -5.501000 
40 -5.763000 
41 -6.092000 
42 -6.369000 
43 -6.587000 
44 -6.749000 
45 -6.862000 
46 -6.938000 
47 -6.986000 
48 -7.015000 
49 -7.031000 
50 -7.167000 
51 -7.255000 
52 -7.198000 
53 -7.114000 
54 -7.040000 
55 -6.947000 
56 -6.834000 
57 -6.705000 
58 -6.567000 
59 -6.431000 
60 -6.333000 
61 -6.407000 
62 -6.193000 
63 -5.990000 
64 -5.799000 
65 -5.717000 
66 -6.177000 
67 -6.681000 
68 -7.176000 
69 -7.645000 
70 -8.079000 
71 -8.028000 
72 -7.580000 
73 -7.088000 
74 -6.598000 
75 -6.179000 
76 -5.901000 
77 -5.775000 
78 -5.739000 
79 -5.739000 
80 -5.747000 
81 -5.750000 
82 -5.741000 
83 -5.713000 
84 -5.673000 
85 -5.624000 
86 -5.575000 
87 -5.533000 
88 -5.506000 
89 -5.501000 
90 -5.763000 
91 -6.092000 
92 -6.369000 
93 -6.587000 
94 -6.749000 
95 -6.862000 
96 -6.938000 
97 -6.986000 
98 -7.015000 
99 -7.031000 
100 -7.167000 
101 -7.255000 

1 -9.091000 
2 -9.072000 
3 -9.016000 
4 -8.933000 
5 -8.828000 
6 -8.708000 
7 -8.576000 
8 -8.433000 
9 -8.279000 
10 -8.118000 
11 -7.966000 
12 -7.992000 
13 -8.120000 
14 -8.290000 
15 -8.477000 
16 -8.664000 
17 -8.842000 
18 -9.006000 
19 -9.155000 
20 -9.287000 
21 -9.403000 
22 -9.503000 
23 -9.589000 
24 -9.662000 
25 -9.723000 
26 -9.774000 
27 -9.814000 
28 -9.846000 
29 -9.868000 
30 -9.881000 
31 -9.885000 
32 -9.880000 
33 -9.866000 
34 -9.844000 
35 -9.819000 
36 -9.795000 
37 -9.779000 
38 -9.780000 
39 -9.807000 
40 -9.873000 
41 -9.989000 
42 -9.881000 
43 -9.693000 
44 -9.482000 
45 -9.253000 
46 -9.012000 
47 -8.765000 
48 -8.516000 
49 -8.278000 
50 -8.077000 
51 -7.986000 
52 -8.046000 
53 -8.191000 
54 -8.370000 
55 -8.559000 
56 -8.748000 
57 -8.929000 
58 -9.099000 
59 -9.254000 
60 -9.392000 
61 -9.482000 
62 -9.753000 
63 -9.984000 
64 -9.738000 
65 -9.521000 
66 -9.325000 
67 -9.136000 
68 -8.936000 
69 -8.700000 
70 -8.403000 
71 -8.473000 
72 -8.820000 
73 -9.116000 
74 -9.358000 
75 -9.545000 
76 -9.681000 
77 -9.773000 
78 -9.830000 
79 -9.863000 
80 -9.880000 
81 -9.885000 
82 -9.880000 
83 -9.866000 
84 -9.844000 
85 -9.819000 
86 -9.795000 
87 -9.779000 
88 -9.780000 
89 -9.807000 
90 -9.873000 
91 -9.989000 
92 -9.881000 
93 -9.693000 
94 -9.482000 
95 -9.253000 
96 -9.012000 
97 -8.765000 
98 -8.516000 
99 -8.278000 
100 -8.077000 
101 -7.986000 

1 -9.091000 
2 -9.072000 
3 -9.016000 
4 -8.933000 
5 -8.828000 
6 -8.708000 
7 -8.576000 
8 -8.433000 
9 -8.279000 
10 -8.118000 
11 -7.966000 
12 -8.184000 
13 -8.410000 
14 -8.644000 
15 -8.888000 
16 -9.138000 
17 -9.396000 
18 -9.225000 
19 -9.155000 
20 -9.287000 
21 -9.403000 
22 -9.503000 
23 -9.589000 
24 -9.662000 
25 -9.723000 
26 -9.774000 
27 -9.814000 
28 -9.846000 
29 -9.868000 
30 -9.881000 
31 -9.885000 
32 -9.900000 
33 -9.941000 
34 -10.004000 
35 -10.078000 
36 -10.152000 
37 -10.211000 
38 -10.238000 
39 -10.220000 
40 -10.152000 
41 -10.037000 
42 -9.881000 
43 -9.693000 
44 -9.482000 
45 -9.253000 
46 -9.012000 
47 -8.765000 
48 -8.516000 
49 -8.278000 
50 -8.077000 
51 -7.986000 
52 -8.122000 
53 -8.390000 
54 -8.686000 
55 -8.982000 
56 -9.275000 
57 -9.560000 
58 -9.834000 
59 -10.096000 
60 -9.977000 
61 -9.548000 
62 -9.788000 
63 -10.013000 
64 -10.254000 
65 -10.471000 
66 -10.669000 
67 -10.841000 
68 -10.981000 
69 -11.081000 
70 -11.138000 
71 -10.907000 
72 -10.607000 
73 -10.391000 
74 -10.237000 
75 -10.126000 
76 -10.043000 
77 -9.983000 
78 -9.939000 
79 -9.909000 
80 -9.891000 
81 -9.885000 
82 -9.900000 
83 -9.941000 
84 -10.004000 
85 -10.078000 
86 -10.152000 
87 -10.211000 
88 -10.238000 
89 -10.220000 
90 -10.152000 
91 -10.037000 
92 -9.881000 
93 -9.693000 
94 -9.482000 
95 -9.253000 
96 -9.012000 
97 -8.765000 
98 -8.516000 
99 -8.278000 
100 -8.077000 
101 -7.986000 

1 -11.361000 
2 -11.384000 
3 -11.449000 
4 -11.541000 
5 -11.644000 
6 -11.741000 
7 -11.821000 
8 -11.878000 
9 -11.913000 
10 -11.930000 
11 -11.935000 
12 -11.683000 
13 -11.379000 
14 -11.026000 
15 -10.628000 
16 -10.191000 
17 -9.721000 
18 -9.660000 
19 -9.928000 
20 -10.198000 
21 -10.467000 
22 -10.733000 
23 -10.992000 
24 -11.239000 
25 -11.006000 
26 -10.717000 
27 -10.452000 
28 -10.223000 
29 -10.042000 
30 -9.926000 
31 -9.885000 
32 -9.900000 
33 -9.941000 
34 -10.004000 
35 -10.078000 
36 -10.152000 
37 -10.211000 
38 -10.238000 
39 -10.220000 
40 -10.152000 
41 -10.037000 
42 -10.164000 
43 -10.403000 
44 -10.702000 
45 -11.050000 
46 -11.430000 
47 -11.822000 
48 -12.201000 
49 -12.532000 
50 -12.768000 
51 -12.855000 
52 -12.786000 
53 -12.705000 
54 -12.489000 
55 -12.162000 
56 -11.778000 
57 -11.352000 
58 -10.903000 
59 -10.441000 
60 -10.341000 
61 -10.562000 
62 -10.261000 
63 -10.025000 
64 -10.259000 
65 -10.491000 
66 -10.707000 
67 -10.907000 
68 -11.090000 
69 -11.258000 
70 -11.307000 
71 -11.146000 
72 -11.105000 
73 -11.017000 
74 -10.887000 
75 -10.724000 
76 -10.539000 
77 -10.348000 
78 -10.168000 
79 -10.019000 
80 -9.920000 
81 -9.885000 
82 -9.900000 
83 -9.941000 
84 -10.004000 
85 -10.078000 
86 -10.152000 
87 -10.211000 
88 -10.238000 
89 -10.220000 
90 -10.152000 
91 -10.037000 
92 -10.164000 
93 -10.403000 
94 -10.702000 
95 -11.050000 
96 -11.430000 
97 -11.822000 
98 -12.201000 
99 -12.532000 
100 -12.768000 
101 -12.855000 

1 -11.361000 
2 -11.384000 
3 -11.449000 
4 -11.541000 
5 -11.644000 
6 -11.741000 
7 -11.821000 
8 -11.878000 
9 -11.913000 
10 -11.930000 
11 -11.935000 
12 -12.137000 
13 -12.290000 
14 -12.398000 
15 -12.466000 
16 -12.499000 
17 -12.503000 
18 -12.486000 
19 -12.453000 
20 -12.411000 
21 -12.303000 
22 -11.965000 
23 -11.634000 
24 -11.314000 
25 -11.469000 
26 -11.676000 
27 -11.856000 
28 -12.002000 
29 -12.110000 
30 -12.177000 
31 -12.199000 
32 -12.191000 
33 -12.166000 
34 -12.128000 
35 -12.082000 
36 -12.036000 
37 -12.001000 
38 -11.988000 
39 -12.007000 
40 -12.061000 
41 -12.146000 
42 -12.250000 
43 -12.365000 
44 -12.482000 
45 -12.595000 
46 -12.697000 
47 -12.785000 
48 -12.856000 
49 -12.908000 
50 -12.940000 
51 -12.951000 
52 -12.897000 
53 -12.739000 
54 -12.633000 
55 -12.567000 
56 -12.512000 
57 -12.471000 
58 -12.444000 
59 -12.429000 
60 -12.417000 
61 -12.400000 
62 -12.421000 
63 -12.417000 
64 -12.390000 
65 -12.343000 
66 -12.281000 
67 -12.206000 
68 -12.123000 
69 -11.805000 
70 -11.410000 
71 -11.548000 
72 -11.671000 
73 -11.781000 
74 -11.788000 
75 -11.819000 
76 -11.880000 
77 -11.962000 
78 -12.049000 
79 -12.127000 
80 -12.180000 
81 -12.199000 
82 -12.191000 
83 -12.166000 
84 -12.128000 
85 -12.082000 
86 -12.036000 
87 -12.001000 
88 -11.988000 
89 -12.007000 
90 -12.061000 
91 -12.146000 
92 -12.250000 
93 -12.365000 
94 -12.482000 
95 -12.595000 
96 -12.697000 
97 -12.785000 
98 -12.856000 
99 -12.908000 
100 -12.940000 
101 -12.951000 

1 -16.993000 
2 -16.962000 
3 -16.880000 
4 -16.766000 
5 -16.645000 
6 -16.534000 
7 -16.447000 
8 -16.387000 
9 -16.351000 
10 -16.334000 
11 -16.330000 
12 -15.854000 
13 -15.395000 
14 -14.955000 
15 -14.534000 
16 -14.131000 
17 -13.743000 
18 -13.368000 
19 -13.004000 
20 -12.650000 
21 -12.365000 
22 -12.320000 
23 -12.281000 
24 -12.249000 
25 -12.225000 
26 -12.210000 
27 -12.202000 
28 -12.198000 
29 -12.198000 
30 -12.199000 
31 -12.199000 
32 -12.191000 
33 -12.166000 
34 -12.128000 
35 -12.082000 
36 -12.036000 
37 -12.001000 
38 -11.988000 
39 -12.007000 
40 -12.061000 
41 -12.146000 
42 -12.250000 
43 -12.365000 
44 -12.482000 
45 -12.595000 
46 -12.697000 
47 -12.785000 
48 -12.856000 
49 -12.908000 
50 -12.940000 
51 -12.951000 
52 -13.063000 
53 -13.268000 
54 -13.539000 
55 -13.865000 
56 -14.232000 
57 -14.623000 
58 -15.023000 
59 -15.415000 
60 -15.768000 
61 -15.998000 
62 -15.769000 
63 -15.389000 
64 -14.880000 
65 -14.287000 
66 -13.652000 
67 -13.007000 
68 -12.382000 
69 -12.038000 
70 -11.955000 
71 -11.881000 
72 -11.824000 
73 -11.791000 
74 -11.878000 
75 -11.962000 
76 -12.034000 
77 -12.093000 
78 -12.139000 
79 -12.172000 
80 -12.192000 
81 -12.199000 
82 -12.191000 
83 -12.166000 
84 -12.128000 
85 -12.082000 
86 -12.036000 
87 -12.001000 
88 -11.988000 
89 -12.007000 
90 -12.061000 
91 -12.146000 
92 -12.250000 
93 -12.365000 
94 -12.482000 
95 -12.595000 
96 -12.697000 
97 -12.785000 
98 -12.856000 
99 -12.908000 
100 -12.940000 
101 -12.951000 

1 -16.993000 
2 -16.962000 
3 -16.880000 
4 -16.766000 
5 -16.645000 
6 -16.534000 
7 -16.447000 
8 -16.387000 
9 -16.351000 
10 -16.334000 
11 -16.330000 
12 -16.820000 
13 -17.320000 
14 -17.827000 
15 -18.335000 
16 -18.840000 
17 -19.337000 
18 -19.824000 
19 -20.296000 
20 -20.750000 
21 -21.183000 
22 -21.590000 
23 -21.969000 
24 -22.316000 
25 -22.614000 
26 -22.882000 
27 -23.112000 
28 -23.299000 
29 -23.436000 
30 -23.519000 
31 -23.547000 
32 -23.511000 
33 -23.405000 
34 -23.230000 
35 -22.992000 
36 -22.697000 
37 -22.351000 
38 -21.962000 
39 -21.535000 
40 -21.079000 
41 -20.599000 
42 -20.101000 
43 -19.591000 
44 -19.075000 
45 -18.560000 
46 -18.055000 
47 -17.571000 
48 -17.127000 
49 -16.753000 
50 -16.493000 
51 -16.398000 
52 -16.413000 
53 -16.458000 
54 -16.535000 
55 -16.646000 
56 -16.791000 
57 -16.967000 
58 -17.167000 
59 -17.371000 
60 -17.503000 
61 -17.388000 
62 -17.666000 
63 -17.952000 
64 -18.238000 
65 -18.499000 
66 -18.801000 
67 -19.103000 
68 -19.405000 
69 -19.724000 
70 -20.065000 
71 -20.433000 
72 -20.825000 
73 -21.237000 
74 -21.659000 
75 -22.077000 
76 -22.474000 
77 -22.832000 
78 -23.132000 
79 -23.358000 
80 -23.499000 
81 -23.547000 
82 -23.511000 
83 -23.405000 
84 -23.230000 
85 -22.992000 
86 -22.697000 
87 -22.351000 
88 -21.962000 
89 -21.535000 
90 -21.079000 
91 -20.599000 
92 -20.101000 
93 -19.591000 
94 -19.075000 
95 -18.560000 
96 -18.055000 
97 -17.571000 
98 -17.127000 
99 -16.753000 
100 -16.493000 
101 -16.398000 

1 -18.873000 
2 -18.897000 
3 -18.960000 
4 -19.046000 
5 -19.138000 
6 -19.221000 
7 -19.290000 
8 -19.342000 
9 -19.376000 
10 -19.396000 
11 -19.402000 
12 -19.423000 
13 -19.485000 
14 -19.590000 
15 -19.735000 
16 -19.921000 
17 -20.145000 
18 -20.404000 
19 -20.692000 
20 -21.004000 
21 -21.331000 
22 -21.665000 
23 -21.997000 
24 -22.316000 
25 -22.614000 
26 -22.882000 
27 -23.112000 
28 -23.299000 
29 -23.436000 
30 -23.519000 
31 -23.547000 
32 -23.534000 
33 -23.495000 
34 -23.430000 
35 -23.341000 
36 -23.229000 
37 -23.098000 
38 -22.949000 
39 -22.786000 
40 -22.614000 
41 -22.437000 
42 -22.258000 
43 -22.083000 
44 -21.917000 
45 -21.762000 
46 -21.625000 
47 -21.507000 
48 -21.412000 
49 -21.343000 
50 -21.300000 
51 -21.286000 
52 -21.245000 
53 -21.122000 
54 -20.913000 
55 -20.619000 
56 -20.242000 
57 -19.789000 
58 -19.280000 
59 -18.752000 
60 -18.321000 
61 -18.257000 
62 -18.121000 
63 -18.128000 
64 -18.265000 
65 -18.524000 
66 -18.811000 
67 -19.154000 
68 -19.545000 
69 -19.962000 
70 -20.397000 
71 -20.838000 
72 -21.275000 
73 -21.698000 
74 -22.096000 
75 -22.459000 
76 -22.779000 
77 -23.050000 
78 -23.265000 
79 -23.421000 
80 -23.516000 
81 -23.547000 
82 -23.534000 
83 -23.495000 
84 -23.430000 
85 -23.341000 
86 -23.229000 
87 -23.098000 
88 -22.949000 
89 -22.786000 
90 -22.614000 
91 -22.437000 
92 -22.258000 
93 -22.083000 
94 -21.917000 
95 -21.762000 
96 -21.625000 
97 -21.507000 
98 -21.412000 
99 -21.343000 
100 -21.300000 
101 -21.286000 

1 -18.873000 
2 -18.897000 
3 -18.960000 
4 -19.046000 
5 -19.138000 
6 -19.221000 
7 -19.290000 
8 -19.342000 
9 -19.376000 
10 -19.396000 
11 -19.402000 
12 -19.423000 
13 -19.485000 
14 -19.590000 
15 -19.735000 
16 -19.921000 
17 -20.145000 
18 -20.404000 
19 -20.692000 
20 -21.004000 
21 -21.331000 
22 -21.665000 
23 -21.997000 
24 -22.316000 
25 -22.627000 
26 -22.898000 
27 -23.126000 
28 -23.308000 
29 -23.440000 
30 -23.520000 
31 -23.547000 
32 -23.534000 
33 -23.495000 
34 -23.430000 
35 -23.341000 
36 -23.229000 
37 -23.098000 
38 -22.949000 
39 -22.786000 
40 -22.614000 
41 -22.437000 
42 -22.258000 
43 -22.083000 
44 -21.917000 
45 -21.762000 
46 -21.625000 
47 -21.507000 
48 -21.412000 
49 -21.343000 
50 -21.300000 
51 -21.286000 
52 -21.266000 
53 -21.208000 
54 -21.114000 
55 -20.986000 
56 -20.833000 
57 -20.661000 
58 -20.482000 
59 -20.307000 
60 -20.148000 
61 -20.014000 
62 -20.199000 
63 -20.402000 
64 -20.620000 
65 -20.850000 
66 -21.089000 
67 -21.333000 
68 -21.579000 
69 -21.822000 
70 -22.061000 
71 -22.291000 
72 -22.509000 
73 -22.712000 
74 -22.898000 
75 -23.064000 
76 -23.208000 
77 -23.328000 
78 -23.423000 
79 -23.492000 
80 -23.533000 
81 -23.547000 
82 -23.534000 
83 -23.495000 
84 -23.430000 
85 -23.341000 
86 -23.229000 
87 -23.098000 
88 -22.949000 
89 -22.786000 
90 -22.614000 
91 -22.437000 
92 -22.258000 
93 -22.083000 
94 -21.917000 
95 -21.762000 
96 -21.625000 
97 -21.507000 
98 -21.412000 
99 -21.343000 
100 -21.300000 
101 -21.286000 

