1 -0.005100 
2 -0.004100 
3 -0.004100 
4 -0.003100 
5 -0.002100 
6 -0.001100 
7 0.000900 
8 0.001900 
9 0.002900 
10 0.002900 
11 0.002900 
12 0.008900 
13 0.024900 
14 0.050900 
15 0.086900 
16 0.130900 
17 0.182900 
18 0.240900 
19 0.302900 
20 0.367900 
21 0.434900 
22 0.500900 
23 0.564900 
24 0.625900 
25 0.680900 
26 0.730900 
27 0.772900 
28 0.805900 
29 0.829900 
30 0.844900 
31 0.849900 
32 0.846900 
33 0.834900 
34 0.816900 
35 0.791900 
36 0.759900 
37 0.722900 
38 0.680900 
39 0.634900 
40 0.585900 
41 0.534900 
42 0.482900 
43 0.431900 
44 0.382900 
45 0.337900 
46 0.296900 
47 0.261900 
48 0.232900 
49 0.211900 
50 0.198900 
51 0.194900 
52 0.190900 
53 0.180900 
54 0.163900 
55 0.141900 
56 0.116900 
57 0.090900 
58 0.064900 
59 0.041900 
60 0.023900 
61 0.013900 
62 0.024900 
63 0.041900 
64 0.064900 
65 0.093900 
66 0.130900 
67 0.174900 
68 0.225900 
69 0.282900 
70 0.343900 
71 0.408900 
72 0.474900 
73 0.540900 
74 0.604900 
75 0.663900 
76 0.717900 
77 0.763900 
78 0.800900 
79 0.827900 
80 0.844900 
81 0.849900 
82 0.846900 
83 0.834900 
84 0.816900 
85 0.791900 
86 0.759900 
87 0.722900 
88 0.680900 
89 0.634900 
90 0.585900 
91 0.534900 
92 0.482900 
93 0.431900 
94 0.382900 
95 0.337900 
96 0.296900 
97 0.261900 
98 0.232900 
99 0.211900 
100 0.198900 
101 0.194900 

