1 0.195500 
2 0.292500 
3 0.528500 
4 0.820500 
5 1.114500 
6 1.386500 
7 1.620500 
8 1.808500 
9 1.945500 
10 2.028500 
11 2.056500 
12 2.186500 
13 2.527500 
14 2.985500 
15 3.478500 
16 3.955500 
17 4.379500 
18 4.730500 
19 4.991500 
20 5.152500 
21 5.206500 
22 5.179500 
23 5.098500 
24 4.964500 
25 4.779500 
26 4.547500 
27 4.270500 
28 3.953500 
29 3.601500 
30 3.221500 
31 2.820500 
32 2.408500 
33 1.999500 
34 1.613500 
35 1.276500 
36 1.015500 
37 0.847500 
38 0.764500 
39 0.737500 
40 0.735500 
41 0.737500 
42 0.730500 
43 0.708500 
44 0.673500 
45 0.628500 
46 0.575500 
47 0.518500 
48 0.461500 
49 0.407500 
50 0.359500 
51 0.318500 
52 0.477500 
53 0.609500 
54 0.687500 
55 0.708500 
56 0.677500 
57 0.596500 
58 0.478500 
59 0.342500 
60 0.228500 
61 0.195500 
62 0.526500 
63 1.193500 
64 1.947500 
65 2.691500 
66 3.383500 
67 3.994500 
68 4.503500 
69 4.886500 
70 5.125500 
71 5.206500 
72 5.152500 
73 4.991500 
74 4.730500 
75 4.379500 
76 3.955500 
77 3.478500 
78 2.985500 
79 2.527500 
80 2.186500 
81 2.056500 

1 0.195500 
2 0.216500 
3 0.218500 
4 0.205500 
5 0.179500 
6 0.143500 
7 0.103500 
8 0.063500 
9 0.029500 
10 0.007500 
11 -0.000500 
12 -0.046500 
13 -0.177500 
14 -0.384500 
15 -0.648500 
16 -0.939500 
17 -1.167500 
18 -1.335500 
19 -1.474500 
20 -1.565500 
21 -1.597500 
22 -1.592500 
23 -1.576500 
24 -1.552500 
25 -1.525500 
26 -1.499500 
27 -1.481500 
28 -1.475500 
29 -1.487500 
30 -1.240500 
31 -0.926500 
32 -0.629500 
33 -0.355500 
34 -0.106500 
35 0.113500 
36 0.301500 
37 0.457500 
38 0.579500 
39 0.667500 
40 0.719500 
41 0.737500 
42 0.730500 
43 0.708500 
44 0.673500 
45 0.628500 
46 0.575500 
47 0.518500 
48 0.461500 
49 0.407500 
50 0.359500 
51 0.318500 
52 0.286500 
53 0.261500 
54 0.244500 
55 0.233500 
56 0.226500 
57 0.222500 
58 0.218500 
59 0.214500 
60 0.207500 
61 0.195500 
62 0.149500 
63 0.060500 
64 -0.088500 
65 -0.305500 
66 -0.584500 
67 -0.900500 
68 -1.201500 
69 -1.430500 
70 -1.558500 
71 -1.597500 
72 -1.565500 
73 -1.474500 
74 -1.335500 
75 -1.167500 
76 -0.939500 
77 -0.648500 
78 -0.384500 
79 -0.177500 
80 -0.046500 
81 -0.000500 

1 0.195500 
2 0.156500 
3 0.101500 
4 0.030500 
5 -0.052500 
6 -0.143500 
7 -0.235500 
8 -0.320500 
9 -0.391500 
10 -0.438500 
11 -0.455500 
12 -0.480500 
13 -0.552500 
14 -0.666500 
15 -0.815500 
16 -0.988500 
17 -1.212500 
18 -1.418500 
19 -1.535500 
20 -1.585500 
21 -1.597500 
22 -1.592500 
23 -1.576500 
24 -1.552500 
25 -1.525500 
26 -1.499500 
27 -1.481500 
28 -1.475500 
29 -1.487500 
30 -1.522500 
31 -1.585500 
32 -1.679500 
33 -1.806500 
34 -1.968500 
35 -2.164500 
36 -2.393500 
37 -2.613500 
38 -2.852500 
39 -3.162500 
40 -3.447500 
41 -3.570500 
42 -3.366500 
43 -2.920500 
44 -2.409500 
45 -1.901500 
46 -1.420500 
47 -0.980500 
48 -0.586500 
49 -0.242500 
50 0.050500 
51 0.290500 
52 0.286500 
53 0.261500 
54 0.244500 
55 0.233500 
56 0.226500 
57 0.222500 
58 0.218500 
59 0.214500 
60 0.207500 
61 0.195500 
62 0.149500 
63 0.060500 
64 -0.088500 
65 -0.305500 
66 -0.584500 
67 -0.900500 
68 -1.201500 
69 -1.430500 
70 -1.558500 
71 -1.597500 
72 -1.585500 
73 -1.535500 
74 -1.418500 
75 -1.212500 
76 -0.988500 
77 -0.815500 
78 -0.666500 
79 -0.552500 
80 -0.480500 
81 -0.455500 

1 -1.890500 
2 -2.006500 
3 -2.296500 
4 -2.640500 
5 -2.903500 
6 -2.992500 
7 -2.972500 
8 -2.921500 
9 -2.873500 
10 -2.842500 
11 -2.831500 
12 -2.880500 
13 -2.973500 
14 -3.027500 
15 -3.020500 
16 -2.840500 
17 -2.398500 
18 -2.050500 
19 -1.799500 
20 -1.648500 
21 -1.597500 
22 -1.612500 
23 -1.656500 
24 -1.730500 
25 -1.833500 
26 -1.964500 
27 -2.124500 
28 -1.888500 
29 -1.563500 
30 -1.522500 
31 -1.585500 
32 -1.679500 
33 -1.806500 
34 -1.968500 
35 -2.164500 
36 -2.393500 
37 -2.652500 
38 -2.933500 
39 -3.218500 
40 -3.463500 
41 -3.570500 
42 -3.548500 
43 -3.489500 
44 -3.412500 
45 -3.333500 
46 -3.265500 
47 -3.216500 
48 -3.190500 
49 -3.189500 
50 -3.213500 
51 -3.259500 
52 -3.323500 
53 -3.400500 
54 -3.482500 
55 -3.323500 
56 -3.040500 
57 -2.747500 
58 -2.454500 
59 -2.183500 
60 -1.974500 
61 -1.890500 
62 -2.252500 
63 -3.123500 
64 -3.623500 
65 -3.496500 
66 -3.364500 
67 -2.942500 
68 -2.366500 
69 -1.942500 
70 -1.683500 
71 -1.597500 
72 -1.648500 
73 -1.799500 
74 -2.050500 
75 -2.398500 
76 -2.840500 
77 -3.020500 
78 -3.027500 
79 -2.973500 
80 -2.880500 
81 -2.831500 

1 -3.814500 
2 -3.800500 
3 -3.770500 
4 -3.765500 
5 -3.789500 
6 -3.778500 
7 -3.766500 
8 -3.756500 
9 -3.748500 
10 -3.743500 
11 -3.741500 
12 -3.721500 
13 -3.665500 
14 -3.591500 
15 -3.370500 
16 -2.988500 
17 -2.981500 
18 -3.036500 
19 -3.146500 
20 -3.253500 
21 -3.297500 
22 -3.261500 
23 -3.157500 
24 -2.989500 
25 -2.766500 
26 -2.501500 
27 -2.204500 
28 -2.311500 
29 -2.522500 
30 -2.757500 
31 -3.011500 
32 -3.135500 
33 -2.883500 
34 -2.664500 
35 -2.522500 
36 -2.498500 
37 -2.652500 
38 -2.933500 
39 -3.218500 
40 -3.463500 
41 -3.570500 
42 -3.548500 
43 -3.489500 
44 -3.412500 
45 -3.333500 
46 -3.265500 
47 -3.216500 
48 -3.190500 
49 -3.189500 
50 -3.213500 
51 -3.259500 
52 -3.323500 
53 -3.400500 
54 -3.482500 
55 -3.564500 
56 -3.639500 
57 -3.703500 
58 -3.753500 
59 -3.788500 
60 -3.808500 
61 -3.814500 
62 -3.791500 
63 -3.725500 
64 -3.623500 
65 -3.496500 
66 -3.364500 
67 -3.256500 
68 -3.202500 
69 -3.217500 
70 -3.269500 
71 -3.297500 
72 -3.253500 
73 -3.146500 
74 -3.036500 
75 -2.981500 
76 -2.988500 
77 -3.370500 
78 -3.591500 
79 -3.665500 
80 -3.721500 
81 -3.741500 

1 -3.814500 
2 -3.813500 
3 -3.807500 
4 -3.799500 
5 -3.882500 
6 -4.195500 
7 -4.629500 
8 -5.098500 
9 -5.551500 
10 -5.730500 
11 -5.696500 
12 -5.313500 
13 -4.646500 
14 -3.979500 
15 -3.513500 
16 -3.443500 
17 -3.387500 
18 -3.345500 
19 -3.317500 
20 -3.302500 
21 -3.297500 
22 -3.312500 
23 -3.356500 
24 -3.426500 
25 -3.513500 
26 -3.604500 
27 -3.678500 
28 -3.711500 
29 -3.678500 
30 -3.565500 
31 -3.375500 
32 -3.280500 
33 -3.559500 
34 -3.840500 
35 -4.115500 
36 -4.374500 
37 -4.606500 
38 -4.801500 
39 -4.948500 
40 -5.040500 
41 -5.072500 
42 -5.111500 
43 -5.222500 
44 -5.265500 
45 -5.213500 
46 -5.123500 
47 -5.004500 
48 -4.860500 
49 -4.695500 
50 -4.510500 
51 -4.305500 
52 -4.083500 
53 -3.845500 
54 -3.592500 
55 -3.564500 
56 -3.639500 
57 -3.703500 
58 -3.753500 
59 -3.788500 
60 -3.808500 
61 -3.814500 
62 -3.791500 
63 -3.725500 
64 -4.107500 
65 -4.266500 
66 -3.627500 
67 -3.256500 
68 -3.202500 
69 -3.217500 
70 -3.269500 
71 -3.297500 
72 -3.302500 
73 -3.317500 
74 -3.345500 
75 -3.387500 
76 -3.443500 
77 -3.513500 
78 -3.979500 
79 -4.646500 
80 -5.313500 
81 -5.696500 

1 -7.840500 
2 -7.598500 
3 -7.321500 
4 -7.028500 
5 -6.733500 
6 -6.452500 
7 -6.200500 
8 -5.989500 
9 -5.829500 
10 -5.941500 
11 -6.126500 
12 -6.261500 
13 -6.673500 
14 -7.345500 
15 -8.190500 
16 -8.631500 
17 -8.976500 
18 -9.274500 
19 -9.503500 
20 -9.647500 
21 -9.696500 
22 -9.723500 
23 -9.798500 
24 -9.857500 
25 -9.814500 
26 -9.668500 
27 -9.443500 
28 -9.188500 
29 -8.957500 
30 -8.784500 
31 -8.675500 
32 -8.606500 
33 -8.474500 
34 -7.989500 
35 -7.482500 
36 -6.968500 
37 -6.461500 
38 -5.979500 
39 -5.545500 
40 -5.209500 
41 -5.072500 
42 -5.111500 
43 -5.222500 
44 -5.384500 
45 -5.577500 
46 -5.785500 
47 -5.998500 
48 -6.205500 
49 -6.401500 
50 -6.579500 
51 -6.739500 
52 -6.879500 
53 -7.004500 
54 -7.115500 
55 -7.218500 
56 -7.317500 
57 -7.417500 
58 -7.519500 
59 -7.623500 
60 -7.731500 
61 -7.840500 
62 -7.303500 
63 -6.623500 
64 -6.021500 
65 -6.402500 
66 -7.699500 
67 -9.033500 
68 -9.453500 
69 -9.597500 
70 -9.674500 
71 -9.696500 
72 -9.647500 
73 -9.503500 
74 -9.274500 
75 -8.976500 
76 -8.631500 
77 -8.190500 
78 -7.345500 
79 -6.673500 
80 -6.261500 
81 -6.126500 

1 -7.840500 
2 -7.857500 
3 -7.899500 
4 -7.946500 
5 -7.971500 
6 -7.947500 
7 -7.854500 
8 -7.684500 
9 -7.449500 
10 -7.189500 
11 -7.046500 
12 -7.444500 
13 -7.643500 
14 -7.928500 
15 -8.270500 
16 -9.063500 
17 -9.781500 
18 -9.984500 
19 -9.874500 
20 -9.749500 
21 -9.696500 
22 -9.723500 
23 -9.798500 
24 -9.902500 
25 -10.005500 
26 -10.078500 
27 -10.092500 
28 -10.028500 
29 -9.876500 
30 -9.636500 
31 -9.313500 
32 -8.921500 
33 -8.474500 
34 -7.989500 
35 -7.482500 
36 -6.968500 
37 -6.461500 
38 -5.979500 
39 -5.545500 
40 -5.209500 
41 -5.072500 
42 -5.160500 
43 -5.257500 
44 -5.384500 
45 -5.577500 
46 -5.785500 
47 -5.998500 
48 -6.205500 
49 -6.401500 
50 -6.579500 
51 -6.739500 
52 -6.879500 
53 -7.004500 
54 -7.115500 
55 -7.218500 
56 -7.317500 
57 -7.417500 
58 -7.519500 
59 -7.623500 
60 -7.731500 
61 -7.840500 
62 -8.061500 
63 -8.282500 
64 -8.510500 
65 -8.751500 
66 -9.002500 
67 -9.246500 
68 -9.453500 
69 -9.597500 
70 -9.674500 
71 -9.696500 
72 -9.749500 
73 -9.874500 
74 -9.984500 
75 -9.781500 
76 -9.063500 
77 -8.270500 
78 -7.928500 
79 -7.643500 
80 -7.444500 
81 -7.046500 

1 -7.840500 
2 -8.032500 
3 -8.159500 
4 -8.210500 
5 -8.181500 
6 -8.078500 
7 -7.919500 
8 -7.732500 
9 -7.556500 
10 -7.430500 
11 -7.385500 
12 -7.452500 
13 -8.146500 
14 -8.833500 
15 -9.403500 
16 -9.795500 
17 -9.981500 
18 -10.166500 
19 -10.138500 
20 -9.859500 
21 -9.696500 
22 -9.732500 
23 -9.810500 
24 -9.902500 
25 -10.005500 
26 -10.078500 
27 -10.092500 
28 -10.028500 
29 -9.876500 
30 -9.636500 
31 -9.313500 
32 -8.921500 
33 -8.535500 
34 -8.416500 
35 -8.215500 
36 -7.917500 
37 -7.527500 
38 -7.076500 
39 -6.618500 
40 -6.245500 
41 -6.093500 
42 -6.218500 
43 -6.590500 
44 -7.119500 
45 -7.689500 
46 -8.229500 
47 -8.685500 
48 -9.019500 
49 -9.205500 
50 -9.239500 
51 -9.147500 
52 -8.978500 
53 -8.788500 
54 -8.623500 
55 -8.502500 
56 -8.419500 
57 -8.353500 
58 -8.280500 
59 -8.179500 
60 -8.035500 
61 -7.840500 
62 -8.061500 
63 -8.282500 
64 -8.510500 
65 -8.751500 
66 -9.002500 
67 -9.246500 
68 -10.001500 
69 -10.293500 
70 -9.969500 
71 -9.696500 
72 -9.859500 
73 -10.138500 
74 -10.166500 
75 -9.981500 
76 -9.795500 
77 -9.403500 
78 -8.833500 
79 -8.146500 
80 -7.452500 
81 -7.385500 

