1 -0.365200 
2 0.663800 
3 1.545800 
4 2.297800 
5 2.930800 
6 3.454800 
7 3.875800 
8 4.199800 
9 4.428800 
10 4.565800 
11 4.610800 
12 5.032800 
13 5.973800 
14 7.037800 
15 8.052800 
16 8.950800 
17 9.700800 
18 10.289800 
19 10.711800 
20 10.963800 
21 11.047800 
22 11.005800 
23 10.879800 
24 10.670800 
25 10.377800 
26 10.002800 
27 9.546800 
28 9.012800 
29 8.400800 
30 7.713800 
31 6.951800 
32 6.113800 
33 5.197800 
34 4.199800 
35 3.120800 
36 1.969800 
37 0.777800 
38 -0.385200 
39 -1.401200 
40 -2.111200 
41 -2.369200 
42 -2.296200 
43 -2.086200 
44 -1.763200 
45 -1.360200 
46 -0.913200 
47 -0.457200 
48 -0.019200 
49 0.379800 
50 0.723800 
51 1.003800 
52 1.214800 
53 1.351800 
54 1.413800 
55 1.400800 
56 1.309800 
57 1.140800 
58 0.891800 
59 0.559800 
60 0.141800 
61 -0.365200 
62 1.694800 
63 3.511800 
64 5.150800 
65 6.629800 
66 7.932800 
67 9.034800 
68 9.910800 
69 10.542800 
70 10.921800 
71 11.047800 
72 10.963800 
73 10.711800 
74 10.289800 
75 9.700800 
76 8.950800 
77 8.052800 
78 7.037800 
79 5.973800 
80 5.032800 
81 4.610800 

1 -0.365200 
2 -0.385200 
3 -0.443200 
4 -0.540200 
5 -0.673200 
6 -0.836200 
7 -1.017200 
8 -1.197200 
9 -1.352200 
10 -1.458200 
11 -1.496200 
12 -2.139200 
13 -3.750200 
14 -5.941200 
15 -8.531200 
16 -11.393200 
17 -14.348200 
18 -17.131200 
19 -19.422200 
20 -20.924200 
21 -21.447200 
22 -21.181200 
23 -20.411200 
24 -19.217200 
25 -17.714200 
26 -16.025200 
27 -14.268200 
28 -12.538200 
29 -10.904200 
30 -9.405200 
31 -8.064200 
32 -6.884200 
33 -5.864200 
34 -4.994200 
35 -4.265200 
36 -3.667200 
37 -3.189200 
38 -2.826200 
39 -2.571200 
40 -2.419200 
41 -2.369200 
42 -2.296200 
43 -2.086200 
44 -1.763200 
45 -1.360200 
46 -0.913200 
47 -0.457200 
48 -0.019200 
49 0.379800 
50 0.723800 
51 1.003800 
52 1.214800 
53 1.351800 
54 1.413800 
55 1.400800 
56 1.309800 
57 1.140800 
58 0.891800 
59 0.559800 
60 0.141800 
61 -0.365200 
62 -1.673200 
63 -3.415200 
64 -5.644200 
65 -8.373200 
66 -11.500200 
67 -13.593200 
68 -15.764200 
69 -18.275200 
70 -20.510200 
71 -21.447200 
72 -20.924200 
73 -19.422200 
74 -17.131200 
75 -14.348200 
76 -11.393200 
77 -8.531200 
78 -5.941200 
79 -3.750200 
80 -2.139200 
81 -1.496200 

1 -0.365200 
2 -1.561200 
3 -2.946200 
4 -4.545200 
5 -6.371200 
6 -8.419200 
7 -9.699200 
8 -9.850200 
9 -9.983200 
10 -10.075200 
11 -10.108200 
12 -10.257200 
13 -10.707200 
14 -11.473200 
15 -12.572200 
16 -14.010200 
17 -15.754200 
18 -17.683200 
19 -19.538200 
20 -20.926200 
21 -21.447200 
22 -21.181200 
23 -20.411200 
24 -19.217200 
25 -17.714200 
26 -16.025200 
27 -14.268200 
28 -12.538200 
29 -10.904200 
30 -9.405200 
31 -8.064200 
32 -6.884200 
33 -5.864200 
34 -4.994200 
35 -4.265200 
36 -3.667200 
37 -3.189200 
38 -2.826200 
39 -2.571200 
40 -2.419200 
41 -2.369200 
42 -2.394200 
43 -2.471200 
44 -2.602200 
45 -2.793200 
46 -3.048200 
47 -3.372200 
48 -3.766200 
49 -4.224200 
50 -4.733200 
51 -5.265200 
52 -5.784200 
53 -6.240200 
54 -6.565200 
55 -6.648200 
56 -6.290200 
57 -5.356200 
58 -4.086200 
59 -2.768200 
60 -1.520200 
61 -0.365200 
62 -1.673200 
63 -3.415200 
64 -5.644200 
65 -8.373200 
66 -11.500200 
67 -14.737200 
68 -17.636200 
69 -19.792200 
70 -21.046200 
71 -21.447200 
72 -20.926200 
73 -19.538200 
74 -17.683200 
75 -15.754200 
76 -14.010200 
77 -12.572200 
78 -11.473200 
79 -10.707200 
80 -10.257200 
81 -10.108200 

1 -9.138200 
2 -9.156200 
3 -9.208200 
4 -9.294200 
5 -9.409200 
6 -9.547200 
7 -10.631200 
8 -12.862200 
9 -14.858200 
10 -16.274200 
11 -16.790200 
12 -16.892200 
13 -17.193200 
14 -17.672200 
15 -18.291200 
16 -18.999200 
17 -19.731200 
18 -20.410200 
19 -20.962200 
20 -21.322200 
21 -21.447200 
22 -21.390200 
23 -21.230200 
24 -21.004200 
25 -20.756200 
26 -20.536200 
27 -20.383200 
28 -20.330200 
29 -20.398200 
30 -20.596200 
31 -20.927200 
32 -21.382200 
33 -21.943200 
34 -22.580200 
35 -23.250200 
36 -23.903200 
37 -24.484200 
38 -24.945200 
39 -25.261200 
40 -25.434200 
41 -25.488200 
42 -25.448200 
43 -25.329200 
44 -25.123200 
45 -24.822200 
46 -24.408200 
47 -23.853200 
48 -23.121200 
49 -22.169200 
50 -20.952200 
51 -19.445200 
52 -17.665200 
53 -15.686200 
54 -13.652200 
55 -11.777200 
56 -10.358200 
57 -9.601200 
58 -9.306200 
59 -9.195200 
60 -9.151200 
61 -9.138200 
62 -9.200200 
63 -9.437200 
64 -9.923200 
65 -10.728200 
66 -11.925200 
67 -14.737200 
68 -17.636200 
69 -19.792200 
70 -21.046200 
71 -21.447200 
72 -21.322200 
73 -20.962200 
74 -20.410200 
75 -19.731200 
76 -18.999200 
77 -18.291200 
78 -17.672200 
79 -17.193200 
80 -16.892200 
81 -16.790200 

