1 1.923000 
2 1.902000 
3 1.841000 
4 1.744000 
5 1.620000 
6 1.480000 
7 1.338000 
8 1.207000 
9 1.102000 
10 1.034000 
11 1.011000 
12 1.011000 
13 1.013000 
14 1.018000 
15 1.029000 
16 1.051000 
17 1.097000 
18 1.185000 
19 1.341000 
20 1.593000 
21 1.953000 
22 2.402000 
23 2.898000 
24 3.401000 
25 3.876000 
26 4.299000 
27 4.658000 
28 4.942000 
29 5.146000 
30 5.269000 
31 5.310000 
32 5.256000 
33 5.091000 
34 4.819000 
35 4.449000 
36 3.999000 
37 3.494000 
38 2.974000 
39 2.495000 
40 2.138000 
41 2.003000 
42 1.941000 
43 1.765000 
44 1.504000 
45 1.210000 
46 1.139000 
47 1.406000 
48 1.626000 
49 1.789000 
50 1.890000 
51 1.923000 
52 1.907000 
53 1.859000 
54 1.787000 
55 1.710000 
56 1.660000 
57 1.691000 
58 1.845000 
59 2.113000 
60 2.457000 
61 2.843000 
62 3.243000 
63 3.636000 
64 4.005000 
65 4.339000 
66 4.631000 
67 4.873000 
68 5.064000 
69 5.201000 
70 5.283000 
71 5.310000 
72 5.269000 
73 5.146000 
74 4.942000 
75 4.658000 
76 4.299000 
77 3.876000 
78 3.401000 
79 2.898000 
80 2.402000 
81 1.953000 
82 1.593000 
83 1.341000 
84 1.185000 
85 1.097000 
86 1.051000 
87 1.029000 
88 1.018000 
89 1.013000 
90 1.011000 
91 1.011000 

1 0.277000 
2 0.187000 
3 -0.080000 
4 -0.522000 
5 -0.609000 
6 -0.139000 
7 0.263000 
8 0.585000 
9 0.820000 
10 0.963000 
11 1.011000 
12 0.983000 
13 0.902000 
14 0.769000 
15 0.588000 
16 0.365000 
17 0.109000 
18 -0.164000 
19 -0.420000 
20 -0.587000 
21 -0.556000 
22 -0.347000 
23 -0.077000 
24 0.193000 
25 0.438000 
26 0.649000 
27 0.824000 
28 0.961000 
29 1.059000 
30 1.117000 
31 1.137000 
32 1.123000 
33 1.081000 
34 1.016000 
35 0.932000 
36 0.838000 
37 0.744000 
38 0.657000 
39 0.587000 
40 0.542000 
41 0.526000 
42 0.487000 
43 0.363000 
44 0.519000 
45 0.838000 
46 0.934000 
47 0.703000 
48 0.521000 
49 0.387000 
50 0.305000 
51 0.277000 
52 0.291000 
53 0.332000 
54 0.398000 
55 0.480000 
56 0.557000 
57 0.594000 
58 0.568000 
59 0.510000 
60 0.469000 
61 0.475000 
62 0.528000 
63 0.611000 
64 0.709000 
65 0.808000 
66 0.900000 
67 0.982000 
68 1.048000 
69 1.097000 
70 1.127000 
71 1.137000 
72 1.117000 
73 1.059000 
74 0.961000 
75 0.824000 
76 0.649000 
77 0.438000 
78 0.193000 
79 -0.077000 
80 -0.347000 
81 -0.556000 
82 -0.587000 
83 -0.420000 
84 -0.164000 
85 0.109000 
86 0.365000 
87 0.588000 
88 0.769000 
89 0.902000 
90 0.983000 
91 1.011000 

1 -2.362000 
2 -2.143000 
3 -1.667000 
4 -1.130000 
5 -0.609000 
6 -0.139000 
7 0.263000 
8 0.585000 
9 0.820000 
10 0.963000 
11 1.011000 
12 0.983000 
13 0.902000 
14 0.769000 
15 0.588000 
16 0.365000 
17 0.109000 
18 -0.164000 
19 -0.420000 
20 -0.587000 
21 -0.556000 
22 -0.347000 
23 -0.077000 
24 0.193000 
25 0.438000 
26 0.649000 
27 0.824000 
28 0.961000 
29 1.059000 
30 1.117000 
31 1.137000 
32 1.099000 
33 0.991000 
34 0.820000 
35 0.606000 
36 0.373000 
37 0.154000 
38 -0.016000 
39 -0.111000 
40 -0.137000 
41 -0.135000 
42 -0.034000 
43 0.211000 
44 0.133000 
45 -0.238000 
46 -0.779000 
47 -1.484000 
48 -2.269000 
49 -2.319000 
50 -2.351000 
51 -2.362000 
52 -2.366000 
53 -2.379000 
54 -2.402000 
55 -2.435000 
56 -2.460000 
57 -2.008000 
58 -1.580000 
59 -1.181000 
60 -0.811000 
61 -0.472000 
62 -0.165000 
63 0.109000 
64 0.351000 
65 0.560000 
66 0.737000 
67 0.881000 
68 0.993000 
69 1.073000 
70 1.121000 
71 1.137000 
72 1.117000 
73 1.059000 
74 0.961000 
75 0.824000 
76 0.649000 
77 0.438000 
78 0.193000 
79 -0.077000 
80 -0.347000 
81 -0.556000 
82 -0.587000 
83 -0.420000 
84 -0.164000 
85 0.109000 
86 0.365000 
87 0.588000 
88 0.769000 
89 0.902000 
90 0.983000 
91 1.011000 

1 -2.362000 
2 -2.143000 
3 -1.667000 
4 -1.130000 
5 -1.130000 
6 -1.893000 
7 -2.794000 
8 -3.803000 
9 -4.868000 
10 -5.856000 
11 -6.352000 
12 -6.146000 
13 -5.660000 
14 -5.065000 
15 -4.443000 
16 -3.834000 
17 -3.258000 
18 -2.737000 
19 -2.300000 
20 -2.018000 
21 -1.990000 
22 -2.188000 
23 -2.486000 
24 -2.753000 
25 -2.970000 
26 -3.232000 
27 -3.507000 
28 -3.767000 
29 -3.982000 
30 -4.124000 
31 -4.174000 
32 -4.096000 
33 -3.880000 
34 -3.573000 
35 -3.223000 
36 -2.872000 
37 -2.552000 
38 -2.285000 
39 -2.086000 
40 -1.963000 
41 -1.921000 
42 -1.932000 
43 -1.962000 
44 -2.010000 
45 -2.070000 
46 -2.138000 
47 -2.207000 
48 -2.311000 
49 -2.519000 
50 -2.402000 
51 -2.362000 
52 -2.372000 
53 -2.402000 
54 -2.451000 
55 -2.519000 
56 -2.480000 
57 -2.473000 
58 -2.146000 
59 -1.935000 
60 -1.863000 
61 -1.931000 
62 -2.114000 
63 -2.374000 
64 -2.677000 
65 -2.995000 
66 -3.306000 
67 -3.591000 
68 -3.833000 
69 -4.018000 
70 -4.134000 
71 -4.174000 
72 -4.124000 
73 -3.982000 
74 -3.767000 
75 -3.507000 
76 -3.232000 
77 -2.970000 
78 -2.753000 
79 -2.486000 
80 -2.188000 
81 -1.990000 
82 -2.018000 
83 -2.300000 
84 -2.737000 
85 -3.258000 
86 -3.834000 
87 -4.443000 
88 -5.065000 
89 -5.660000 
90 -6.146000 
91 -6.352000 

1 -4.465000 
2 -4.707000 
3 -5.252000 
4 -5.900000 
5 -6.240000 
6 -6.267000 
7 -6.293000 
8 -6.317000 
9 -6.336000 
10 -6.348000 
11 -6.352000 
12 -6.146000 
13 -5.660000 
14 -5.065000 
15 -4.443000 
16 -3.834000 
17 -3.258000 
18 -2.737000 
19 -2.300000 
20 -2.018000 
21 -1.990000 
22 -2.188000 
23 -2.486000 
24 -2.812000 
25 -3.131000 
26 -3.425000 
27 -3.681000 
28 -3.891000 
29 -4.046000 
30 -4.142000 
31 -4.174000 
32 -4.096000 
33 -3.880000 
34 -3.573000 
35 -3.223000 
36 -2.872000 
37 -2.552000 
38 -2.285000 
39 -2.086000 
40 -1.963000 
41 -1.921000 
42 -2.028000 
43 -2.294000 
44 -2.637000 
45 -3.008000 
46 -3.260000 
47 -2.962000 
48 -2.709000 
49 -3.199000 
50 -4.032000 
51 -4.465000 
52 -4.285000 
53 -3.885000 
54 -3.414000 
55 -2.933000 
56 -2.604000 
57 -2.538000 
58 -2.610000 
59 -2.697000 
60 -2.799000 
61 -2.917000 
62 -3.050000 
63 -3.197000 
64 -3.354000 
65 -3.516000 
66 -3.679000 
67 -3.834000 
68 -3.971000 
69 -4.079000 
70 -4.150000 
71 -4.174000 
72 -4.142000 
73 -4.046000 
74 -3.891000 
75 -3.681000 
76 -3.425000 
77 -3.131000 
78 -2.812000 
79 -2.486000 
80 -2.188000 
81 -1.990000 
82 -2.018000 
83 -2.300000 
84 -2.737000 
85 -3.258000 
86 -3.834000 
87 -4.443000 
88 -5.065000 
89 -5.660000 
90 -6.146000 
91 -6.352000 

1 -4.465000 
2 -4.707000 
3 -5.252000 
4 -5.900000 
5 -6.567000 
6 -7.208000 
7 -7.790000 
8 -8.285000 
9 -8.665000 
10 -8.904000 
11 -8.985000 
12 -8.822000 
13 -8.360000 
14 -7.671000 
15 -6.840000 
16 -5.946000 
17 -5.059000 
18 -4.240000 
19 -3.547000 
20 -3.028000 
21 -2.710000 
22 -2.583000 
23 -2.612000 
24 -2.812000 
25 -3.131000 
26 -3.425000 
27 -3.681000 
28 -3.891000 
29 -4.046000 
30 -4.142000 
31 -4.174000 
32 -4.180000 
33 -4.197000 
34 -4.223000 
35 -4.256000 
36 -4.293000 
37 -4.331000 
38 -4.365000 
39 -4.391000 
40 -4.409000 
41 -4.415000 
42 -4.349000 
43 -4.165000 
44 -3.896000 
45 -3.582000 
46 -3.377000 
47 -3.723000 
48 -4.025000 
49 -4.261000 
50 -4.413000 
51 -4.465000 
52 -4.375000 
53 -4.125000 
54 -3.756000 
55 -3.323000 
56 -2.879000 
57 -2.705000 
58 -2.819000 
59 -2.945000 
60 -3.080000 
61 -3.220000 
62 -3.362000 
63 -3.504000 
64 -3.640000 
65 -3.768000 
66 -3.884000 
67 -3.984000 
68 -4.065000 
69 -4.125000 
70 -4.162000 
71 -4.174000 
72 -4.142000 
73 -4.046000 
74 -3.891000 
75 -3.681000 
76 -3.425000 
77 -3.131000 
78 -2.812000 
79 -2.612000 
80 -2.583000 
81 -2.710000 
82 -3.028000 
83 -3.547000 
84 -4.240000 
85 -5.059000 
86 -5.946000 
87 -6.840000 
88 -7.671000 
89 -8.360000 
90 -8.822000 
91 -8.985000 

1 -6.182000 
2 -6.186000 
3 -6.198000 
4 -6.217000 
5 -6.567000 
6 -7.208000 
7 -7.790000 
8 -8.285000 
9 -8.665000 
10 -8.904000 
11 -8.985000 
12 -9.188000 
13 -9.664000 
14 -10.235000 
15 -10.807000 
16 -11.332000 
17 -11.778000 
18 -12.123000 
19 -12.352000 
20 -12.380000 
21 -11.897000 
22 -11.468000 
23 -11.094000 
24 -10.773000 
25 -10.500000 
26 -10.273000 
27 -10.087000 
28 -9.941000 
29 -9.835000 
30 -9.771000 
31 -9.749000 
32 -9.802000 
33 -9.940000 
34 -10.085000 
35 -10.003000 
36 -9.724000 
37 -9.300000 
38 -8.823000 
39 -8.392000 
40 -8.094000 
41 -7.988000 
42 -7.984000 
43 -7.979000 
44 -7.970000 
45 -7.944000 
46 -7.875000 
47 -7.727000 
48 -7.459000 
49 -7.040000 
50 -6.511000 
51 -6.182000 
52 -6.374000 
53 -6.810000 
54 -7.335000 
55 -7.887000 
56 -8.437000 
57 -8.964000 
58 -9.454000 
59 -9.890000 
60 -10.259000 
61 -10.531000 
62 -10.582000 
63 -10.570000 
64 -10.503000 
65 -10.394000 
66 -10.258000 
67 -10.092000 
68 -9.943000 
69 -9.835000 
70 -9.771000 
71 -9.749000 
72 -9.771000 
73 -9.835000 
74 -9.941000 
75 -10.087000 
76 -10.273000 
77 -10.500000 
78 -10.773000 
79 -11.094000 
80 -11.468000 
81 -11.897000 
82 -12.380000 
83 -12.352000 
84 -12.123000 
85 -11.778000 
86 -11.332000 
87 -10.807000 
88 -10.235000 
89 -9.664000 
90 -9.188000 
91 -8.985000 

1 -8.493000 
2 -8.919000 
3 -10.042000 
4 -11.481000 
5 -11.903000 
6 -11.774000 
7 -11.467000 
8 -10.944000 
9 -10.218000 
10 -9.421000 
11 -8.985000 
12 -9.188000 
13 -9.664000 
14 -10.235000 
15 -10.807000 
16 -11.332000 
17 -11.778000 
18 -12.123000 
19 -12.352000 
20 -12.458000 
21 -12.441000 
22 -12.308000 
23 -12.075000 
24 -11.761000 
25 -11.392000 
26 -10.999000 
27 -10.612000 
28 -10.264000 
29 -9.988000 
30 -9.811000 
31 -9.749000 
32 -9.802000 
33 -9.940000 
34 -10.118000 
35 -10.285000 
36 -10.407000 
37 -10.468000 
38 -10.474000 
39 -10.445000 
40 -10.412000 
41 -10.398000 
42 -10.395000 
43 -10.375000 
44 -10.305000 
45 -10.151000 
46 -9.899000 
47 -9.561000 
48 -9.183000 
49 -8.832000 
50 -8.583000 
51 -8.493000 
52 -8.538000 
53 -8.671000 
54 -8.878000 
55 -9.138000 
56 -9.429000 
57 -9.724000 
58 -10.000000 
59 -10.235000 
60 -10.415000 
61 -10.545000 
62 -10.739000 
63 -10.833000 
64 -10.763000 
65 -10.507000 
66 -10.282000 
67 -10.110000 
68 -9.970000 
69 -9.853000 
70 -9.776000 
71 -9.749000 
72 -9.811000 
73 -9.988000 
74 -10.264000 
75 -10.612000 
76 -10.999000 
77 -11.392000 
78 -11.761000 
79 -12.075000 
80 -12.308000 
81 -12.441000 
82 -12.458000 
83 -12.352000 
84 -12.123000 
85 -11.778000 
86 -11.332000 
87 -10.807000 
88 -10.235000 
89 -9.664000 
90 -9.188000 
91 -8.985000 

1 -11.869000 
2 -11.883000 
3 -11.918000 
4 -11.960000 
5 -12.911000 
6 -14.008000 
7 -14.748000 
8 -15.190000 
9 -15.432000 
10 -15.551000 
11 -15.587000 
12 -15.560000 
13 -15.462000 
14 -15.264000 
15 -14.949000 
16 -14.523000 
17 -14.015000 
18 -13.464000 
19 -12.909000 
20 -12.458000 
21 -12.441000 
22 -12.308000 
23 -12.075000 
24 -11.761000 
25 -11.392000 
26 -10.999000 
27 -10.612000 
28 -10.264000 
29 -9.988000 
30 -9.811000 
31 -9.749000 
32 -9.827000 
33 -9.989000 
34 -10.118000 
35 -10.285000 
36 -10.407000 
37 -10.468000 
38 -10.474000 
39 -10.445000 
40 -10.412000 
41 -10.398000 
42 -10.662000 
43 -11.314000 
44 -12.045000 
45 -12.587000 
46 -12.814000 
47 -12.744000 
48 -12.485000 
49 -12.180000 
50 -11.951000 
51 -11.869000 
52 -11.909000 
53 -12.015000 
54 -12.149000 
55 -12.266000 
56 -12.331000 
57 -12.324000 
58 -12.239000 
59 -12.082000 
60 -11.865000 
61 -11.607000 
62 -11.326000 
63 -11.040000 
64 -10.829000 
65 -10.733000 
66 -10.565000 
67 -10.351000 
68 -10.127000 
69 -9.931000 
70 -9.797000 
71 -9.749000 
72 -9.811000 
73 -9.988000 
74 -10.264000 
75 -10.612000 
76 -10.999000 
77 -11.392000 
78 -11.761000 
79 -12.075000 
80 -12.308000 
81 -12.441000 
82 -12.458000 
83 -12.909000 
84 -13.464000 
85 -14.015000 
86 -14.523000 
87 -14.949000 
88 -15.264000 
89 -15.462000 
90 -15.560000 
91 -15.587000 

