1 11.614700 
2 11.632700 
3 11.683700 
4 11.759700 
5 11.852700 
6 11.951700 
7 12.045700 
8 12.128700 
9 12.191700 
10 12.231700 
11 12.245700 
12 12.385700 
13 12.749700 
14 13.225700 
15 13.725700 
16 14.194700 
17 14.602700 
18 14.931700 
19 15.171700 
20 15.317700 
21 15.366700 
22 15.342700 
23 15.268700 
24 15.147700 
25 14.977700 
26 14.761700 
27 14.501700 
28 14.197700 
29 13.855700 
30 13.478700 
31 13.071700 
32 12.643700 
33 12.203700 
34 11.762700 
35 11.334700 
36 10.937700 
37 10.588700 
38 10.302700 
39 10.091700 
40 9.963700 
41 9.920700 
42 9.952700 
43 10.043700 
44 10.182700 
45 10.353700 
46 10.543700 
47 10.737700 
48 10.926700 
49 11.102700 
50 11.260700 
51 11.396700 
52 11.508700 
53 11.594700 
54 11.655700 
55 11.690700 
56 11.704700 
57 11.698700 
58 11.678700 
59 11.651700 
60 11.626700 
61 11.614700 
62 11.686700 
63 11.956700 
64 12.433700 
65 13.037700 
66 13.664700 
67 14.240700 
68 14.719700 
69 15.075700 
70 15.293700 
71 15.366700 
72 15.317700 
73 15.171700 
74 14.931700 
75 14.602700 
76 14.194700 
77 13.725700 
78 13.225700 
79 12.749700 
80 12.385700 
81 12.245700 

1 3.332700 
2 3.830700 
3 4.277700 
4 4.672700 
5 5.015700 
6 5.306700 
7 5.543700 
8 5.728700 
9 5.859700 
10 5.938700 
11 5.965700 
12 5.729700 
13 5.083700 
14 4.144700 
15 3.018700 
16 1.783700 
17 0.516700 
18 -0.695300 
19 -1.738300 
20 -2.464300 
21 -2.727300 
22 -2.642300 
23 -2.398300 
24 -2.021300 
25 -1.548300 
26 -1.015300 
27 -0.451300 
28 0.117700 
29 0.673700 
30 1.199700 
31 1.684700 
32 2.117700 
33 2.488700 
34 2.789700 
35 3.013700 
36 3.152700 
37 3.209700 
38 3.196700 
39 3.138700 
40 3.076700 
41 3.049700 
42 3.076700 
43 3.152700 
44 3.267700 
45 3.409700 
46 3.565700 
47 3.723700 
48 3.873700 
49 4.008700 
50 4.122700 
51 4.211700 
52 4.273700 
53 4.304700 
54 4.303700 
55 4.269700 
56 4.200700 
57 4.097700 
58 3.958700 
59 3.785700 
60 3.576700 
61 3.332700 
62 4.159700 
63 4.481700 
64 4.277700 
65 3.629700 
66 2.649700 
67 1.438700 
68 0.096700 
69 -1.233300 
70 -2.298300 
71 -2.727300 
72 -2.464300 
73 -1.738300 
74 -0.695300 
75 0.516700 
76 1.783700 
77 3.018700 
78 4.144700 
79 5.083700 
80 5.729700 
81 5.965700 

1 3.332700 
2 3.271700 
3 3.091700 
4 2.803700 
5 2.423700 
6 1.975700 
7 1.488700 
8 1.003700 
9 0.574700 
10 0.272700 
11 0.162700 
12 0.112700 
13 -0.033300 
14 -0.273300 
15 -0.598300 
16 -0.994300 
17 -1.440300 
18 -1.899300 
19 -2.315300 
20 -2.616300 
21 -2.727300 
22 -2.670300 
23 -2.505300 
24 -2.243300 
25 -1.902300 
26 -1.502300 
27 -1.063300 
28 -0.604300 
29 -0.139300 
30 0.317700 
31 0.756700 
32 1.169700 
33 1.549700 
34 1.891700 
35 2.193700 
36 2.452700 
37 2.666700 
38 2.833700 
39 2.953700 
40 3.025700 
41 3.049700 
42 3.076700 
43 3.152700 
44 3.267700 
45 3.409700 
46 3.565700 
47 3.723700 
48 3.873700 
49 4.008700 
50 4.122700 
51 4.211700 
52 4.273700 
53 4.304700 
54 4.303700 
55 4.269700 
56 4.200700 
57 4.097700 
58 3.958700 
59 3.785700 
60 3.576700 
61 3.332700 
62 2.743700 
63 2.029700 
64 1.211700 
65 0.331700 
66 -0.550300 
67 -1.348300 
68 -1.982300 
69 -2.414300 
70 -2.652300 
71 -2.727300 
72 -2.616300 
73 -2.315300 
74 -1.899300 
75 -1.440300 
76 -0.994300 
77 -0.598300 
78 -0.273300 
79 -0.033300 
80 0.112700 
81 0.162700 

1 3.332700 
2 2.786700 
3 2.196700 
4 1.567700 
5 0.909700 
6 0.235700 
7 -0.432300 
8 -1.059300 
9 -1.595300 
10 -1.967300 
11 -2.102300 
12 -2.117300 
13 -2.159300 
14 -2.226300 
15 -2.311300 
16 -2.406300 
17 -2.504300 
18 -2.593300 
19 -2.664300 
20 -2.711300 
21 -2.727300 
22 -2.670300 
23 -2.505300 
24 -2.243300 
25 -1.902300 
26 -1.502300 
27 -1.063300 
28 -0.604300 
29 -0.139300 
30 0.317700 
31 0.756700 
32 1.169700 
33 1.549700 
34 1.891700 
35 2.193700 
36 2.452700 
37 2.666700 
38 2.833700 
39 2.953700 
40 3.025700 
41 3.049700 
42 2.981700 
43 2.782700 
44 2.465700 
45 2.049700 
46 1.557700 
47 1.011700 
48 0.438700 
49 -0.130300 
50 -0.651300 
51 -1.066300 
52 -1.305300 
53 -1.307300 
54 -1.054300 
55 -0.584300 
56 0.031700 
57 0.722700 
58 1.433700 
59 2.124700 
60 2.765700 
61 3.332700 
62 2.743700 
63 2.029700 
64 1.211700 
65 0.331700 
66 -0.550300 
67 -1.348300 
68 -1.982300 
69 -2.414300 
70 -2.652300 
71 -2.727300 
72 -2.711300 
73 -2.664300 
74 -2.593300 
75 -2.504300 
76 -2.406300 
77 -2.311300 
78 -2.226300 
79 -2.159300 
80 -2.117300 
81 -2.102300 

1 -18.197300 
2 -17.009300 
3 -15.859300 
4 -14.752300 
5 -13.691300 
6 -12.685300 
7 -11.752300 
8 -10.923300 
9 -10.245300 
10 -9.788300 
11 -9.625300 
12 -9.695300 
13 -9.905300 
14 -10.240300 
15 -10.681300 
16 -11.195300 
17 -11.739300 
18 -12.256300 
19 -12.686300 
20 -12.972300 
21 -13.072300 
22 -13.109300 
23 -13.222300 
24 -13.410300 
25 -13.674300 
26 -14.018300 
27 -13.813300 
28 -12.803300 
29 -11.802300 
30 -10.839300 
31 -9.936300 
32 -9.106300 
33 -8.358300 
34 -7.697300 
35 -7.126300 
36 -6.644300 
37 -6.252300 
38 -5.948300 
39 -5.732300 
40 -5.603300 
41 -5.560300 
42 -5.650300 
43 -5.914300 
44 -6.345300 
45 -6.926300 
46 -7.645300 
47 -8.483300 
48 -9.426300 
49 -10.454300 
50 -11.545300 
51 -12.340300 
52 -11.650300 
53 -11.342300 
54 -11.431300 
55 -11.874300 
56 -12.597300 
57 -13.523300 
58 -14.594300 
59 -15.760300 
60 -16.976300 
61 -18.197300 
62 -16.849300 
63 -15.472300 
64 -14.273300 
65 -13.360300 
66 -12.793300 
67 -12.582300 
68 -12.658300 
69 -12.859300 
70 -13.018300 
71 -13.072300 
72 -12.972300 
73 -12.686300 
74 -12.256300 
75 -11.739300 
76 -11.195300 
77 -10.681300 
78 -10.240300 
79 -9.905300 
80 -9.695300 
81 -9.625300 

1 -18.197300 
2 -17.967300 
3 -17.325300 
4 -16.373300 
5 -15.219300 
6 -13.970300 
7 -12.731300 
8 -11.605300 
9 -10.690300 
10 -10.085300 
11 -9.872300 
12 -9.980300 
13 -10.299300 
14 -10.816300 
15 -11.497300 
16 -12.266300 
17 -12.965300 
18 -13.351300 
19 -13.338300 
20 -13.161300 
21 -13.072300 
22 -13.120300 
23 -13.263300 
24 -13.495300 
25 -13.809300 
26 -14.199300 
27 -14.442300 
28 -14.948300 
29 -15.538300 
30 -16.212300 
31 -16.969300 
32 -15.733300 
33 -14.294300 
34 -12.751300 
35 -11.194300 
36 -9.705300 
37 -8.354300 
38 -7.206300 
39 -6.320300 
40 -5.755300 
41 -5.560300 
42 -5.650300 
43 -5.914300 
44 -6.345300 
45 -6.926300 
46 -7.645300 
47 -8.483300 
48 -9.426300 
49 -10.454300 
50 -11.545300 
51 -12.673300 
52 -13.806300 
53 -14.909300 
54 -15.945300 
55 -16.881300 
56 -17.684300 
57 -18.327300 
58 -18.770300 
59 -18.931300 
60 -18.712300 
61 -18.197300 
62 -16.849300 
63 -15.472300 
64 -14.273300 
65 -13.360300 
66 -12.793300 
67 -12.582300 
68 -12.658300 
69 -12.859300 
70 -13.018300 
71 -13.072300 
72 -13.161300 
73 -13.338300 
74 -13.351300 
75 -12.965300 
76 -12.266300 
77 -11.497300 
78 -10.816300 
79 -10.299300 
80 -9.980300 
81 -9.872300 

1 -18.197300 
2 -19.420300 
3 -20.336300 
4 -20.304300 
5 -20.238300 
6 -20.129300 
7 -20.011300 
8 -19.901300 
9 -19.812300 
10 -19.754300 
11 -19.734300 
12 -19.600300 
13 -19.221300 
14 -18.660300 
15 -18.005300 
16 -17.371300 
17 -16.909300 
18 -15.355300 
19 -14.124300 
20 -13.342300 
21 -13.072300 
22 -13.120300 
23 -13.263300 
24 -13.495300 
25 -13.809300 
26 -14.199300 
27 -14.663300 
28 -15.199300 
29 -15.806300 
30 -16.487300 
31 -16.979300 
32 -17.802300 
33 -18.704300 
34 -19.655300 
35 -20.631300 
36 -21.595300 
37 -22.501300 
38 -23.292300 
39 -23.912300 
40 -24.308300 
41 -24.444300 
42 -24.181300 
43 -23.424300 
44 -22.267300 
45 -20.835300 
46 -19.254300 
47 -17.634300 
48 -16.065300 
49 -14.616300 
50 -13.352300 
51 -12.673300 
52 -13.806300 
53 -14.909300 
54 -15.945300 
55 -16.881300 
56 -17.684300 
57 -18.327300 
58 -18.770300 
59 -18.931300 
60 -18.712300 
61 -18.197300 
62 -20.300300 
63 -20.024300 
64 -19.560300 
65 -18.982300 
66 -18.386300 
67 -17.873300 
68 -16.502300 
69 -14.812300 
70 -13.558300 
71 -13.072300 
72 -13.342300 
73 -14.124300 
74 -15.355300 
75 -16.909300 
76 -17.371300 
77 -18.005300 
78 -18.660300 
79 -19.221300 
80 -19.600300 
81 -19.734300 

1 -20.364300 
2 -20.357300 
3 -20.365300 
4 -20.321300 
5 -20.263300 
6 -20.217300 
7 -20.172300 
8 -20.131300 
9 -20.099300 
10 -20.078300 
11 -20.071300 
12 -20.008300 
13 -19.826300 
14 -19.544300 
15 -19.193300 
16 -18.809300 
17 -16.973300 
18 -16.814300 
19 -17.096300 
20 -17.451300 
21 -17.601300 
22 -17.469300 
23 -17.087300 
24 -16.482300 
25 -15.702300 
26 -14.795300 
27 -14.663300 
28 -15.199300 
29 -15.806300 
30 -16.487300 
31 -17.239300 
32 -18.060300 
33 -18.942300 
34 -19.867300 
35 -20.811300 
36 -21.739300 
37 -22.605300 
38 -23.357300 
39 -23.943300 
40 -24.316300 
41 -24.444300 
42 -24.429300 
43 -24.385300 
44 -24.312300 
45 -24.214300 
46 -24.092300 
47 -23.950300 
48 -23.790300 
49 -23.613300 
50 -23.420300 
51 -23.210300 
52 -22.980300 
53 -22.724300 
54 -22.435300 
55 -22.106300 
56 -21.732300 
57 -21.317300 
58 -20.891300 
59 -20.541300 
60 -20.384300 
61 -20.364300 
62 -20.300300 
63 -20.024300 
64 -19.560300 
65 -18.982300 
66 -18.386300 
67 -17.873300 
68 -17.544300 
69 -17.456300 
70 -17.538300 
71 -17.601300 
72 -17.451300 
73 -17.096300 
74 -16.814300 
75 -16.973300 
76 -18.809300 
77 -19.193300 
78 -19.544300 
79 -19.826300 
80 -20.008300 
81 -20.071300 

1 -20.364300 
2 -20.370300 
3 -20.668300 
4 -21.925300 
5 -23.164300 
6 -24.350300 
7 -25.434300 
8 -26.362300 
9 -27.077300 
10 -27.530300 
11 -27.684300 
12 -27.109300 
13 -25.556300 
14 -23.426300 
15 -21.122300 
16 -18.921300 
17 -18.430300 
18 -18.093300 
19 -17.828300 
20 -17.659300 
21 -17.601300 
22 -17.682300 
23 -17.910300 
24 -18.235300 
25 -18.589300 
26 -18.888300 
27 -19.045300 
28 -18.979300 
29 -18.628300 
30 -17.959300 
31 -17.239300 
32 -18.060300 
33 -18.942300 
34 -19.867300 
35 -20.811300 
36 -21.739300 
37 -22.605300 
38 -23.357300 
39 -23.943300 
40 -24.316300 
41 -24.444300 
42 -24.429300 
43 -24.385300 
44 -24.313300 
45 -24.214300 
46 -24.092300 
47 -23.950300 
48 -23.790300 
49 -23.613300 
50 -23.420300 
51 -23.210300 
52 -22.980300 
53 -22.724300 
54 -22.435300 
55 -22.106300 
56 -21.732300 
57 -21.317300 
58 -20.891300 
59 -20.541300 
60 -20.384300 
61 -20.364300 
62 -20.437300 
63 -21.990300 
64 -22.449300 
65 -21.760300 
66 -20.256300 
67 -18.391300 
68 -17.544300 
69 -17.456300 
70 -17.538300 
71 -17.601300 
72 -17.659300 
73 -17.828300 
74 -18.093300 
75 -18.430300 
76 -18.921300 
77 -21.122300 
78 -23.426300 
79 -25.556300 
80 -27.109300 
81 -27.684300 

