1 4.624300 
2 4.657300 
3 4.761300 
4 4.934300 
5 5.163300 
6 5.430300 
7 5.717300 
8 6.010300 
9 6.299300 
10 6.578300 
11 6.842300 
12 7.086300 
13 7.308300 
14 7.506300 
15 7.678300 
16 7.823300 
17 7.941300 
18 8.032300 
19 8.096300 
20 8.134300 
21 8.147300 
22 8.260300 
23 8.368300 
24 8.471300 
25 8.568300 
26 8.660300 
27 8.746300 
28 8.826300 
29 8.901300 
30 8.969300 
31 9.032300 
32 9.089300 
33 9.139300 
34 9.184300 
35 9.223300 
36 9.256300 
37 9.283300 
38 9.304300 
39 9.319300 
40 9.328300 
41 9.331300 
42 9.317300 
43 9.276300 
44 9.207300 
45 9.111300 
46 8.988300 
47 8.838300 
48 8.661300 
49 8.460300 
50 8.233300 
51 7.983300 
52 7.710300 
53 7.416300 
54 7.102300 
55 6.772300 
56 6.429300 
57 6.081300 
58 5.738300 
59 5.411300 
60 5.119300 
61 4.880300 
62 4.981300 
63 5.081300 
64 5.179300 
65 5.273300 
66 5.363300 
67 5.449300 
68 5.529300 
69 5.604300 
70 5.674300 
71 5.738300 
72 5.795300 
73 5.847300 
74 5.892300 
75 5.932300 
76 5.965300 
77 5.992300 
78 6.012300 
79 6.027300 
80 6.036300 
81 6.039300 
82 6.115300 
83 6.306300 
84 6.554300 
85 6.824300 
86 7.098300 
87 7.366300 
88 7.624300 
89 7.868300 
90 8.096300 
91 8.306300 
92 8.499300 
93 8.672300 
94 8.825300 
95 8.959300 
96 9.073300 
97 9.166300 
98 9.238300 
99 9.290300 
100 9.321300 
101 9.331300 
102 9.318300 
103 9.278300 
104 9.211300 
105 9.118300 
106 8.998300 
107 8.852300 
108 8.681300 
109 8.483300 
110 8.261300 
111 8.014300 
112 7.743300 
113 7.452300 
114 7.141300 
115 6.815300 
116 6.480300 
117 6.144300 
118 5.824300 
119 5.543300 
120 5.333300 
121 5.220300 

1 4.624300 
2 4.657300 
3 4.761300 
4 4.934300 
5 5.163300 
6 5.430300 
7 5.717300 
8 6.010300 
9 6.299300 
10 6.578300 
11 6.842300 
12 7.086300 
13 7.308300 
14 7.506300 
15 7.678300 
16 7.823300 
17 7.941300 
18 8.032300 
19 8.096300 
20 8.134300 
21 8.147300 
22 8.028300 
23 7.904300 
24 7.776300 
25 7.644300 
26 7.507300 
27 7.367300 
28 7.224300 
29 7.079300 
30 6.932300 
31 6.784300 
32 6.638300 
33 6.494300 
34 6.354300 
35 6.221300 
36 6.098300 
37 5.989300 
38 5.897300 
39 5.827300 
40 5.784300 
41 5.769300 
42 5.757300 
43 5.720300 
44 5.660300 
45 5.575300 
46 5.468300 
47 5.339300 
48 5.190300 
49 5.023300 
50 4.844300 
51 4.658300 
52 4.475300 
53 4.309300 
54 4.177300 
55 4.101300 
56 4.095300 
57 4.163300 
58 4.294300 
59 4.468300 
60 4.666300 
61 4.872300 
62 4.780300 
63 4.704300 
64 4.645300 
65 4.604300 
66 4.577300 
67 4.564300 
68 4.560300 
69 4.566300 
70 4.577300 
71 4.592300 
72 4.609300 
73 4.627300 
74 4.645300 
75 4.662300 
76 4.677300 
77 4.689300 
78 4.700300 
79 4.707300 
80 4.711300 
81 4.713300 
82 4.655300 
83 4.524300 
84 4.393300 
85 4.311300 
86 4.301300 
87 4.358300 
88 4.465300 
89 4.602300 
90 4.754300 
91 4.909300 
92 5.059300 
93 5.201300 
94 5.330300 
95 5.444300 
96 5.542300 
97 5.623300 
98 5.687300 
99 5.732300 
100 5.760300 
101 5.769300 
102 5.775300 
103 5.791300 
104 5.815300 
105 5.844300 
106 5.872300 
107 5.894300 
108 5.907300 
109 5.907300 
110 5.892300 
111 5.861300 
112 5.814300 
113 5.751300 
114 5.674300 
115 5.586300 
116 5.490300 
117 5.393300 
118 5.304300 
119 5.233300 
120 5.197300 
121 5.220300 

1 0.821300 
2 0.852300 
3 0.862300 
4 0.785300 
5 0.609300 
6 0.343300 
7 0.002300 
8 -0.401700 
9 -0.857700 
10 -1.353700 
11 -1.872700 
12 -2.382700 
13 -2.798700 
14 -3.007700 
15 -3.036700 
16 -2.992700 
17 -2.928700 
18 -2.869700 
19 -2.824700 
20 -2.796700 
21 -2.786700 
22 -2.413700 
23 -2.049700 
24 -1.694700 
25 -1.349700 
26 -1.014700 
27 -0.689700 
28 -0.374700 
29 -0.071700 
30 0.219300 
31 0.498300 
32 0.763300 
33 1.012300 
34 1.245300 
35 1.457300 
36 1.648300 
37 1.812300 
38 1.946300 
39 2.046300 
40 2.108300 
41 2.129300 
42 2.120300 
43 2.094300 
44 2.044300 
45 1.967300 
46 1.860300 
47 1.723300 
48 1.555300 
49 1.357300 
50 1.131300 
51 0.878300 
52 0.600300 
53 0.298300 
54 -0.024700 
55 -0.067700 
56 0.056300 
57 0.390300 
58 0.669300 
59 0.882300 
60 1.017300 
61 1.065300 
62 1.053300 
63 1.020300 
64 0.970300 
65 0.907300 
66 0.838300 
67 0.771300 
68 0.713300 
69 0.670300 
70 0.644300 
71 0.634300 
72 0.636300 
73 0.647300 
74 0.664300 
75 0.682300 
76 0.701300 
77 0.718300 
78 0.732300 
79 0.742300 
80 0.749300 
81 0.751300 
82 0.812300 
83 0.917300 
84 0.970300 
85 0.920300 
86 0.747300 
87 0.459300 
88 0.526300 
89 0.769300 
90 0.997300 
91 1.206300 
92 1.395300 
93 1.564300 
94 1.710300 
95 1.834300 
96 1.934300 
97 2.011300 
98 2.067300 
99 2.103300 
100 2.122300 
101 2.129300 
102 2.101300 
103 2.020300 
104 1.883300 
105 1.693300 
106 1.451300 
107 1.163300 
108 0.836300 
109 0.480300 
110 0.115300 
111 -0.208700 
112 -0.353700 
113 -0.189700 
114 0.145300 
115 0.511300 
116 0.860300 
117 1.170300 
118 1.428300 
119 1.622300 
120 1.736300 
121 1.745300 

1 0.821300 
2 0.852300 
3 0.862300 
4 0.785300 
5 0.609300 
6 0.343300 
7 0.002300 
8 -0.401700 
9 -0.857700 
10 -1.353700 
11 -1.872700 
12 -2.382700 
13 -2.798700 
14 -3.007700 
15 -3.036700 
16 -2.992700 
17 -2.928700 
18 -2.869700 
19 -2.824700 
20 -2.796700 
21 -2.786700 
22 -3.169700 
23 -3.559700 
24 -3.958700 
25 -4.365700 
26 -4.780700 
27 -5.201700 
28 -5.629700 
29 -6.062700 
30 -6.499700 
31 -6.938700 
32 -7.377700 
33 -7.408700 
34 -7.357700 
35 -7.311700 
36 -7.272700 
37 -7.239700 
38 -7.213700 
39 -7.194700 
40 -7.183700 
41 -7.179700 
42 -6.982700 
43 -6.502700 
44 -5.884700 
45 -5.206700 
46 -4.508700 
47 -3.817700 
48 -3.148700 
49 -2.514700 
50 -1.923700 
51 -1.386700 
52 -0.916700 
53 -0.526700 
54 -0.236700 
55 -0.325700 
56 -0.036700 
57 -0.146700 
58 -0.384700 
59 -0.728700 
60 -1.147700 
61 -1.542700 
62 -1.431700 
63 -1.334700 
64 -1.256700 
65 -1.201700 
66 -1.152700 
67 -1.041700 
68 -0.935700 
69 -0.836700 
70 -0.745700 
71 -0.660700 
72 -0.584700 
73 -0.515700 
74 -0.455700 
75 -0.402700 
76 -0.358700 
77 -0.321700 
78 -0.293700 
79 -0.273700 
80 -0.261700 
81 -0.257700 
82 -0.382700 
83 -0.689700 
84 -0.525700 
85 -0.265700 
86 0.003300 
87 0.269300 
88 0.073300 
89 -0.389700 
90 -0.911700 
91 -1.481700 
92 -2.091700 
93 -2.732700 
94 -3.397700 
95 -4.079700 
96 -4.765700 
97 -5.438700 
98 -6.073700 
99 -6.626700 
100 -7.027700 
101 -7.179700 
102 -7.030700 
103 -6.640700 
104 -6.104700 
105 -5.493700 
106 -4.849700 
107 -4.201700 
108 -3.566700 
109 -2.963700 
110 -2.414700 
111 -1.970700 
112 -1.765700 
113 -1.886700 
114 -1.486700 
115 -0.815700 
116 -0.179700 
117 0.401300 
118 0.912300 
119 1.327300 
120 1.613300 
121 1.745300 

1 -0.093700 
2 -0.200700 
3 -0.441700 
4 -0.747700 
5 -1.093700 
6 -1.469700 
7 -1.866700 
8 -2.278700 
9 -2.696700 
10 -3.101700 
11 -3.460700 
12 -3.738700 
13 -3.995700 
14 -4.402700 
15 -4.983700 
16 -5.656700 
17 -6.362700 
18 -7.056700 
19 -7.679700 
20 -8.139700 
21 -8.314700 
22 -8.230700 
23 -8.145700 
24 -8.060700 
25 -7.976700 
26 -7.894700 
27 -7.815700 
28 -7.738700 
29 -7.664700 
30 -7.593700 
31 -7.527700 
32 -7.465700 
33 -7.408700 
34 -7.357700 
35 -7.311700 
36 -7.272700 
37 -7.239700 
38 -7.213700 
39 -7.194700 
40 -7.183700 
41 -7.179700 
42 -7.063700 
43 -6.747700 
44 -6.295700 
45 -5.761700 
46 -5.181700 
47 -4.582700 
48 -3.979700 
49 -3.383700 
50 -2.803700 
51 -2.246700 
52 -1.715700 
53 -1.215700 
54 -0.751700 
55 -0.365700 
56 -0.721700 
57 -1.086700 
58 -1.454700 
59 -1.816700 
60 -1.814700 
61 -1.551700 
62 -1.583700 
63 -1.502700 
64 -1.390700 
65 -1.271700 
66 -1.175700 
67 -1.181700 
68 -1.227700 
69 -1.315700 
70 -1.443700 
71 -1.368700 
72 -1.297700 
73 -1.233700 
74 -1.176700 
75 -1.127700 
76 -1.085700 
77 -1.051700 
78 -1.024700 
79 -1.005700 
80 -0.994700 
81 -0.990700 
82 -0.926700 
83 -0.757700 
84 -1.092700 
85 -1.557700 
86 -2.066700 
87 -2.614700 
88 -3.194700 
89 -3.802700 
90 -4.316700 
91 -4.538700 
92 -4.783700 
93 -5.050700 
94 -5.336700 
95 -5.639700 
96 -5.954700 
97 -6.275700 
98 -6.589700 
99 -6.876700 
100 -7.094700 
101 -7.179700 
102 -7.098700 
103 -6.891700 
104 -6.622700 
105 -6.331700 
106 -6.041700 
107 -5.762700 
108 -5.501700 
109 -5.262700 
110 -4.670700 
111 -3.840700 
112 -3.044700 
113 -2.330700 
114 -2.409700 
115 -2.895700 
116 -3.431700 
117 -3.974700 
118 -4.429700 
119 -4.492700 
120 -4.584700 
121 -4.703700 

1 -0.093700 
2 -0.200700 
3 -0.441700 
4 -0.747700 
5 -1.093700 
6 -1.469700 
7 -1.866700 
8 -2.278700 
9 -2.696700 
10 -3.101700 
11 -3.460700 
12 -3.738700 
13 -3.995700 
14 -4.402700 
15 -4.983700 
16 -5.656700 
17 -6.362700 
18 -7.056700 
19 -7.679700 
20 -8.139700 
21 -8.314700 
22 -8.230700 
23 -8.145700 
24 -8.060700 
25 -7.976700 
26 -7.894700 
27 -7.815700 
28 -7.738700 
29 -7.664700 
30 -7.593700 
31 -7.527700 
32 -7.465700 
33 -7.812700 
34 -8.239700 
35 -8.653700 
36 -8.895700 
37 -8.892700 
38 -8.889700 
39 -8.887700 
40 -8.885700 
41 -8.884700 
42 -8.893700 
43 -8.894700 
44 -8.835700 
45 -8.668700 
46 -8.359700 
47 -7.913700 
48 -7.372700 
49 -6.788700 
50 -6.199700 
51 -5.625700 
52 -5.077700 
53 -4.560700 
54 -4.076700 
55 -3.623700 
56 -3.202700 
57 -2.810700 
58 -2.448700 
59 -2.115700 
60 -2.161700 
61 -2.077700 
62 -2.174700 
63 -2.199700 
64 -2.071700 
65 -1.949700 
66 -1.835700 
67 -1.727700 
68 -1.627700 
69 -1.533700 
70 -1.447700 
71 -1.608700 
72 -1.803700 
73 -2.020700 
74 -2.252700 
75 -2.490700 
76 -2.725700 
77 -2.945700 
78 -3.139700 
79 -3.264700 
80 -3.263700 
81 -3.263700 
82 -3.345700 
83 -3.463700 
84 -3.512700 
85 -3.583700 
86 -3.679700 
87 -3.800700 
88 -3.946700 
89 -4.119700 
90 -4.434700 
91 -5.083700 
92 -5.740700 
93 -6.391700 
94 -7.017700 
95 -7.590700 
96 -8.081700 
97 -8.464700 
98 -8.722700 
99 -8.855700 
100 -8.888700 
101 -8.884700 
102 -8.888700 
103 -8.850700 
104 -8.695700 
105 -8.376700 
106 -7.862700 
107 -7.165700 
108 -6.362700 
109 -5.517700 
110 -5.049700 
111 -4.863700 
112 -4.707700 
113 -4.581700 
114 -4.487700 
115 -4.425700 
116 -4.394700 
117 -4.396700 
118 -4.490700 
119 -4.939700 
120 -4.849700 
121 -4.703700 

1 -6.768700 
2 -6.734700 
3 -6.631700 
4 -6.463700 
5 -6.246700 
6 -5.997700 
7 -5.737700 
8 -5.483700 
9 -5.255700 
10 -5.081700 
11 -5.010700 
12 -5.108700 
13 -5.393700 
14 -5.804700 
15 -6.272700 
16 -6.756700 
17 -7.224700 
18 -7.649700 
19 -7.998700 
20 -8.231700 
21 -8.314700 
22 -8.397700 
23 -8.477700 
24 -8.553700 
25 -8.623700 
26 -8.686700 
27 -8.740700 
28 -8.786700 
29 -8.823700 
30 -8.851700 
31 -8.871700 
32 -8.885700 
33 -8.893700 
34 -8.896700 
35 -8.896700 
36 -8.895700 
37 -8.892700 
38 -8.889700 
39 -8.887700 
40 -8.885700 
41 -8.884700 
42 -8.972700 
43 -9.129700 
44 -9.219700 
45 -9.168700 
46 -8.938700 
47 -8.541700 
48 -8.032700 
49 -7.470700 
50 -6.893700 
51 -6.323700 
52 -5.769700 
53 -5.237700 
54 -4.731700 
55 -4.252700 
56 -3.799700 
57 -3.374700 
58 -2.976700 
59 -2.608700 
60 -2.279700 
61 -2.474700 
62 -2.335700 
63 -2.406700 
64 -2.690700 
65 -2.954700 
66 -3.035700 
67 -3.100700 
68 -3.152700 
69 -3.191700 
70 -3.221700 
71 -3.241700 
72 -3.255700 
73 -3.263700 
74 -3.267700 
75 -3.269700 
76 -3.268700 
77 -3.267700 
78 -3.266700 
79 -3.293700 
80 -3.392700 
81 -3.427700 
82 -3.436700 
83 -3.569700 
84 -3.890700 
85 -4.276700 
86 -4.706700 
87 -5.168700 
88 -5.655700 
89 -6.159700 
90 -6.676700 
91 -7.199700 
92 -7.718700 
93 -8.223700 
94 -8.696700 
95 -9.121700 
96 -9.480700 
97 -9.456700 
98 -9.315700 
99 -9.126700 
100 -8.956700 
101 -8.884700 
102 -8.956700 
103 -9.123700 
104 -9.288700 
105 -9.148700 
106 -8.708700 
107 -8.297700 
108 -7.920700 
109 -7.571700 
110 -7.248700 
111 -6.953700 
112 -6.688700 
113 -6.453700 
114 -6.249700 
115 -5.958700 
116 -5.684700 
117 -5.436700 
118 -5.215700 
119 -5.020700 
120 -5.275700 
121 -5.475700 

1 -6.768700 
2 -6.734700 
3 -6.631700 
4 -6.463700 
5 -6.246700 
6 -5.997700 
7 -5.737700 
8 -5.483700 
9 -5.255700 
10 -5.081700 
11 -5.010700 
12 -5.108700 
13 -5.393700 
14 -5.804700 
15 -6.272700 
16 -6.756700 
17 -7.224700 
18 -7.649700 
19 -7.998700 
20 -8.231700 
21 -8.314700 
22 -8.397700 
23 -8.477700 
24 -8.553700 
25 -8.623700 
26 -8.686700 
27 -8.740700 
28 -8.786700 
29 -8.823700 
30 -8.851700 
31 -8.871700 
32 -8.885700 
33 -8.893700 
34 -8.896700 
35 -8.896700 
36 -9.046700 
37 -9.408700 
38 -9.724700 
39 -9.975700 
40 -10.139700 
41 -10.197700 
42 -10.166700 
43 -10.065700 
44 -9.881700 
45 -9.599700 
46 -9.223700 
47 -8.770700 
48 -8.266700 
49 -7.737700 
50 -7.200700 
51 -6.668700 
52 -6.149700 
53 -5.647700 
54 -5.166700 
55 -4.708700 
56 -4.274700 
57 -3.864700 
58 -3.481700 
59 -3.122700 
60 -2.791700 
61 -2.485700 
62 -2.622700 
63 -2.748700 
64 -2.859700 
65 -3.000700 
66 -3.326700 
67 -3.663700 
68 -4.011700 
69 -4.365700 
70 -4.725700 
71 -5.087700 
72 -5.448700 
73 -5.805700 
74 -6.152700 
75 -6.483700 
76 -6.790700 
77 -7.065700 
78 -7.296700 
79 -7.472700 
80 -7.583700 
81 -7.621700 
82 -7.621700 
83 -7.623700 
84 -7.633700 
85 -7.658700 
86 -7.708700 
87 -7.790700 
88 -7.911700 
89 -8.072700 
90 -8.271700 
91 -8.503700 
92 -8.757700 
93 -9.015700 
94 -9.250700 
95 -9.424700 
96 -9.499700 
97 -9.762700 
98 -9.966700 
99 -10.099700 
100 -10.174700 
101 -10.197700 
102 -10.117700 
103 -9.896700 
104 -9.563700 
105 -9.358700 
106 -9.261700 
107 -8.995700 
108 -8.620700 
109 -8.198700 
110 -7.767700 
111 -7.350700 
112 -6.958700 
113 -6.594700 
114 -6.261700 
115 -6.075700 
116 -5.932700 
117 -5.815700 
118 -5.722700 
119 -5.648700 
120 -5.578700 
121 -5.475700 

1 -11.585700 
2 -11.592700 
3 -11.647700 
4 -11.781700 
5 -11.998700 
6 -12.281700 
7 -12.603700 
8 -12.928700 
9 -13.208700 
10 -13.387700 
11 -13.443700 
12 -13.403700 
13 -13.306700 
14 -13.176700 
15 -13.039700 
16 -12.909700 
17 -12.792700 
18 -12.684700 
19 -12.585700 
20 -12.507700 
21 -12.476700 
22 -12.385700 
23 -12.314700 
24 -12.264700 
25 -12.236700 
26 -12.232700 
27 -12.254700 
28 -12.302700 
29 -12.375700 
30 -12.473700 
31 -12.594700 
32 -12.736700 
33 -12.896700 
34 -13.072700 
35 -13.260700 
36 -13.454700 
37 -13.650700 
38 -13.837700 
39 -13.778700 
40 -13.665700 
41 -13.624700 
42 -13.673700 
43 -13.408700 
44 -12.841700 
45 -12.345700 
46 -11.999700 
47 -11.836700 
48 -11.836700 
49 -11.897700 
50 -11.276700 
51 -10.667700 
52 -10.084700 
53 -9.535700 
54 -9.027700 
55 -8.565700 
56 -8.154700 
57 -7.798700 
58 -7.503700 
59 -7.276700 
60 -7.129700 
61 -7.075700 
62 -7.090700 
63 -7.133700 
64 -7.208700 
65 -7.313700 
66 -7.451700 
67 -7.620700 
68 -7.820700 
69 -8.049700 
70 -8.307700 
71 -8.592700 
72 -8.903700 
73 -9.236700 
74 -9.590700 
75 -9.962700 
76 -9.920700 
77 -9.540700 
78 -9.223700 
79 -8.983700 
80 -8.832700 
81 -8.781700 
82 -8.793700 
83 -8.831700 
84 -8.891700 
85 -8.972700 
86 -9.072700 
87 -9.189700 
88 -9.324700 
89 -9.479700 
90 -9.657700 
91 -9.864700 
92 -10.109700 
93 -10.402700 
94 -10.757700 
95 -11.189700 
96 -11.703700 
97 -12.290700 
98 -12.912700 
99 -13.506700 
100 -13.661700 
101 -13.624700 
102 -13.697700 
103 -13.365700 
104 -12.711700 
105 -12.109700 
106 -11.627700 
107 -11.262700 
108 -10.979700 
109 -10.751700 
110 -10.561700 
111 -10.403700 
112 -10.275700 
113 -10.171700 
114 -10.086700 
115 -10.011700 
116 -9.941700 
117 -9.878700 
118 -9.833700 
119 -9.824700 
120 -9.871700 
121 -9.990700 

1 -11.585700 
2 -11.592700 
3 -11.647700 
4 -11.781700 
5 -11.998700 
6 -12.281700 
7 -12.603700 
8 -12.928700 
9 -13.208700 
10 -13.387700 
11 -13.443700 
12 -13.403700 
13 -13.306700 
14 -13.176700 
15 -13.039700 
16 -12.909700 
17 -12.792700 
18 -12.684700 
19 -12.585700 
20 -12.507700 
21 -12.476700 
22 -12.385700 
23 -12.314700 
24 -12.264700 
25 -12.236700 
26 -12.232700 
27 -12.254700 
28 -12.302700 
29 -12.375700 
30 -12.473700 
31 -12.594700 
32 -12.736700 
33 -12.896700 
34 -13.072700 
35 -13.260700 
36 -13.454700 
37 -13.650700 
38 -13.837700 
39 -14.000700 
40 -14.118700 
41 -14.161700 
42 -13.924700 
43 -13.528700 
44 -13.007700 
45 -12.545700 
46 -12.237700 
47 -12.113700 
48 -12.148700 
49 -11.965700 
50 -12.189700 
51 -12.488700 
52 -12.845700 
53 -13.245700 
54 -13.669700 
55 -14.086700 
56 -14.463700 
57 -14.787700 
58 -15.081700 
59 -15.377700 
60 -15.698700 
61 -16.050700 
62 -15.902700 
63 -15.801700 
64 -15.744700 
65 -15.721700 
66 -15.723700 
67 -15.162700 
68 -14.463700 
69 -13.780700 
70 -13.125700 
71 -12.501700 
72 -11.910700 
73 -11.353700 
74 -10.833700 
75 -10.354700 
76 -10.347700 
77 -10.735700 
78 -11.114700 
79 -11.454700 
80 -11.708700 
81 -11.805700 
82 -11.816700 
83 -11.849700 
84 -11.903700 
85 -11.979700 
86 -12.075700 
87 -12.192700 
88 -12.329700 
89 -12.485700 
90 -12.660700 
91 -12.853700 
92 -13.062700 
93 -13.289700 
94 -13.201700 
95 -13.034700 
96 -13.008700 
97 -13.136700 
98 -13.391700 
99 -13.717700 
100 -13.973700 
101 -14.161700 
102 -13.932700 
103 -13.570700 
104 -13.146700 
105 -12.854700 
106 -12.783700 
107 -12.944700 
108 -13.066700 
109 -12.733700 
110 -12.416700 
111 -12.120700 
112 -11.848700 
113 -11.604700 
114 -11.389700 
115 -11.199700 
116 -11.022700 
117 -10.839700 
118 -10.633700 
119 -10.404700 
120 -10.177700 
121 -9.990700 

1 -13.149700 
2 -13.227700 
3 -13.426700 
4 -13.706700 
5 -14.028700 
6 -14.345700 
7 -14.591700 
8 -14.695700 
9 -14.641700 
10 -14.497700 
11 -14.328700 
12 -14.169700 
13 -14.045700 
14 -13.953700 
15 -13.851700 
16 -13.697700 
17 -13.470700 
18 -13.178700 
19 -12.857700 
20 -12.586700 
21 -12.476700 
22 -12.583700 
23 -12.704700 
24 -12.839700 
25 -12.985700 
26 -13.140700 
27 -13.302700 
28 -13.471700 
29 -13.645700 
30 -13.824700 
31 -14.006700 
32 -14.190700 
33 -14.377700 
34 -14.566700 
35 -14.608700 
36 -14.374700 
37 -14.150700 
38 -13.947700 
39 -14.000700 
40 -14.118700 
41 -14.161700 
42 -13.973700 
43 -13.809700 
44 -14.005700 
45 -14.177700 
46 -13.674700 
47 -13.114700 
48 -12.516700 
49 -12.305700 
50 -12.563700 
51 -12.917700 
52 -13.371700 
53 -13.935700 
54 -14.618700 
55 -15.429700 
56 -16.168700 
57 -16.319700 
58 -16.422700 
59 -16.482700 
60 -16.509700 
61 -16.065700 
62 -16.243700 
63 -16.411700 
64 -16.512700 
65 -16.365700 
66 -15.840700 
67 -15.741700 
68 -15.765700 
69 -15.786700 
70 -15.794700 
71 -15.783700 
72 -15.746700 
73 -15.680700 
74 -15.584700 
75 -15.463700 
76 -15.325700 
77 -15.181700 
78 -15.045700 
79 -14.932700 
80 -14.638700 
81 -14.526700 
82 -14.514700 
83 -14.477700 
84 -14.416700 
85 -14.335700 
86 -14.237700 
87 -14.127700 
88 -14.012700 
89 -13.899700 
90 -13.799700 
91 -13.720700 
92 -13.677700 
93 -13.477700 
94 -13.532700 
95 -13.791700 
96 -14.068700 
97 -14.096700 
98 -13.918700 
99 -13.766700 
100 -14.023700 
101 -14.161700 
102 -13.980700 
103 -13.888700 
104 -14.037700 
105 -13.978700 
106 -13.727700 
107 -13.405700 
108 -13.279700 
109 -13.726700 
110 -14.142700 
111 -14.158700 
112 -14.179700 
113 -14.270700 
114 -14.166700 
115 -13.951700 
116 -13.745700 
117 -13.549700 
118 -13.377700 
119 -13.263700 
120 -13.249700 
121 -13.379700 

1 -13.149700 
2 -13.227700 
3 -13.426700 
4 -13.706700 
5 -14.028700 
6 -14.345700 
7 -14.591700 
8 -14.695700 
9 -14.641700 
10 -14.497700 
11 -14.328700 
12 -14.169700 
13 -14.045700 
14 -13.953700 
15 -13.851700 
16 -13.697700 
17 -13.470700 
18 -13.178700 
19 -12.857700 
20 -12.586700 
21 -12.476700 
22 -12.583700 
23 -12.704700 
24 -12.839700 
25 -12.985700 
26 -13.140700 
27 -13.302700 
28 -13.471700 
29 -13.645700 
30 -13.824700 
31 -14.006700 
32 -14.190700 
33 -14.377700 
34 -14.566700 
35 -14.756700 
36 -14.946700 
37 -15.135700 
38 -15.323700 
39 -15.506700 
40 -15.684700 
41 -15.691700 
42 -15.289700 
43 -14.857700 
44 -14.498700 
45 -14.234700 
46 -14.138700 
47 -14.147700 
48 -14.255700 
49 -14.436700 
50 -14.667700 
51 -14.927700 
52 -15.201700 
53 -15.454700 
54 -15.602700 
55 -15.839700 
56 -16.209700 
57 -16.730700 
58 -17.382700 
59 -17.335700 
60 -16.561700 
61 -16.514700 
62 -16.514700 
63 -16.514700 
64 -16.516700 
65 -16.521700 
66 -16.533700 
67 -16.552700 
68 -16.581700 
69 -16.621700 
70 -16.675700 
71 -16.745700 
72 -16.832700 
73 -16.940700 
74 -17.069700 
75 -16.827700 
76 -16.311700 
77 -15.809700 
78 -15.340700 
79 -14.933700 
80 -14.859700 
81 -14.834700 
82 -14.819700 
83 -14.777700 
84 -14.717700 
85 -14.652700 
86 -14.593700 
87 -14.551700 
88 -14.530700 
89 -14.532700 
90 -14.551700 
91 -14.253700 
92 -13.833700 
93 -13.680700 
94 -13.745700 
95 -13.881700 
96 -14.093700 
97 -14.362700 
98 -14.676700 
99 -15.010700 
100 -15.366700 
101 -15.691700 
102 -15.401700 
103 -15.165700 
104 -14.983700 
105 -14.823700 
106 -14.675700 
107 -14.537700 
108 -14.412700 
109 -14.311700 
110 -14.340700 
111 -14.851700 
112 -14.623700 
113 -14.392700 
114 -14.451700 
115 -14.736700 
116 -15.123700 
117 -15.597700 
118 -14.907700 
119 -14.204700 
120 -13.691700 
121 -13.379700 

1 -19.431700 
2 -19.346700 
3 -19.188700 
4 -18.999700 
5 -18.502700 
6 -17.869700 
7 -17.337700 
8 -16.908700 
9 -16.539700 
10 -16.244700 
11 -16.107700 
12 -16.145700 
13 -16.295700 
14 -16.502700 
15 -16.743700 
16 -17.007700 
17 -17.277700 
18 -17.526700 
19 -17.585700 
20 -17.604700 
21 -17.729700 
22 -17.538700 
23 -17.339700 
24 -17.133700 
25 -16.921700 
26 -16.703700 
27 -16.480700 
28 -16.254700 
29 -16.024700 
30 -15.793700 
31 -15.558700 
32 -15.322700 
33 -15.084700 
34 -14.846700 
35 -14.756700 
36 -14.946700 
37 -15.135700 
38 -15.323700 
39 -15.506700 
40 -15.684700 
41 -15.691700 
42 -15.345700 
43 -14.994700 
44 -14.615700 
45 -14.252700 
46 -14.469700 
47 -14.692700 
48 -14.887700 
49 -15.046700 
50 -15.168700 
51 -15.264700 
52 -15.351700 
53 -15.474700 
54 -15.735700 
55 -15.970700 
56 -16.369700 
57 -17.426700 
58 -18.293700 
59 -18.112700 
60 -18.831700 
61 -19.252700 
62 -19.074700 
63 -18.584700 
64 -17.983700 
65 -17.582700 
66 -17.571700 
67 -17.746700 
68 -17.982700 
69 -18.246700 
70 -18.525700 
71 -18.814700 
72 -18.368700 
73 -17.862700 
74 -17.347700 
75 -17.221700 
76 -17.394700 
77 -17.585700 
78 -17.784700 
79 -17.971700 
80 -18.114700 
81 -18.168700 
82 -18.200700 
83 -18.293700 
84 -18.438700 
85 -18.387700 
86 -17.471700 
87 -16.641700 
88 -15.915700 
89 -15.285700 
90 -14.735700 
91 -14.577700 
92 -14.594700 
93 -14.583700 
94 -14.529700 
95 -14.423700 
96 -14.272700 
97 -14.372700 
98 -14.693700 
99 -15.032700 
100 -15.375700 
101 -15.691700 
102 -15.413700 
103 -15.204700 
104 -15.092700 
105 -15.163700 
106 -15.333700 
107 -15.418700 
108 -15.375700 
109 -15.245700 
110 -15.063700 
111 -14.853700 
112 -15.404700 
113 -15.748700 
114 -15.845700 
115 -16.010700 
116 -16.336700 
117 -15.761700 
118 -16.126700 
119 -16.667700 
120 -17.168700 
121 -17.560700 

1 -19.431700 
2 -19.346700 
3 -19.188700 
4 -18.999700 
5 -18.502700 
6 -17.869700 
7 -17.337700 
8 -16.908700 
9 -16.539700 
10 -16.244700 
11 -16.107700 
12 -16.145700 
13 -16.295700 
14 -16.502700 
15 -16.743700 
16 -17.007700 
17 -17.277700 
18 -17.526700 
19 -17.585700 
20 -17.604700 
21 -17.729700 
22 -17.855700 
23 -17.788700 
24 -17.713700 
25 -17.634700 
26 -17.552700 
27 -17.470700 
28 -17.387700 
29 -17.304700 
30 -17.220700 
31 -17.135700 
32 -17.045700 
33 -16.950700 
34 -16.848700 
35 -16.652700 
36 -16.440700 
37 -16.230700 
38 -16.031700 
39 -15.859700 
40 -15.736700 
41 -15.817700 
42 -16.027700 
43 -16.281700 
44 -16.568700 
45 -16.847700 
46 -17.107700 
47 -17.360700 
48 -17.626700 
49 -17.931700 
50 -18.251700 
51 -18.459700 
52 -18.691700 
53 -18.952700 
54 -19.249700 
55 -19.590700 
56 -19.984700 
57 -19.609700 
58 -18.719700 
59 -19.871700 
60 -21.133700 
61 -22.360700 
62 -21.983700 
63 -21.972700 
64 -21.746700 
65 -21.399700 
66 -21.030700 
67 -20.638700 
68 -20.225700 
69 -19.790700 
70 -19.335700 
71 -18.860700 
72 -19.108700 
73 -19.404700 
74 -19.701700 
75 -19.995700 
76 -20.281700 
77 -20.451700 
78 -20.168700 
79 -19.949700 
80 -19.812700 
81 -19.765700 
82 -19.724700 
83 -19.606700 
84 -19.270700 
85 -18.623700 
86 -18.830700 
87 -19.036700 
88 -19.073700 
89 -18.997700 
90 -18.917700 
91 -18.358700 
92 -17.846700 
93 -17.420700 
94 -17.088700 
95 -16.845700 
96 -16.664700 
97 -16.511700 
98 -16.352700 
99 -16.174700 
100 -15.998700 
101 -15.817700 
102 -15.899700 
103 -15.974700 
104 -16.072700 
105 -16.174700 
106 -16.314700 
107 -16.557700 
108 -16.899700 
109 -17.291700 
110 -17.089700 
111 -16.724700 
112 -16.472700 
113 -16.590700 
114 -17.156700 
115 -17.654700 
116 -16.704700 
117 -16.803700 
118 -17.309700 
119 -17.678700 
120 -17.761700 
121 -17.560700 

1 -21.456700 
2 -20.879700 
3 -20.065700 
4 -19.286700 
5 -18.883700 
6 -18.724700 
7 -18.615700 
8 -18.601700 
9 -18.740700 
10 -18.979700 
11 -19.045700 
12 -18.888700 
13 -18.708700 
14 -18.528700 
15 -18.332700 
16 -18.115700 
17 -17.892700 
18 -17.701700 
19 -17.734700 
20 -17.865700 
21 -17.911700 
22 -17.855700 
23 -17.788700 
24 -17.713700 
25 -17.634700 
26 -17.552700 
27 -17.470700 
28 -17.387700 
29 -17.304700 
30 -17.220700 
31 -17.135700 
32 -17.045700 
33 -16.950700 
34 -16.848700 
35 -16.652700 
36 -16.440700 
37 -16.230700 
38 -16.031700 
39 -15.859700 
40 -15.736700 
41 -15.817700 
42 -16.105700 
43 -16.501700 
44 -16.931700 
45 -17.239700 
46 -17.480700 
47 -17.687700 
48 -17.875700 
49 -18.059700 
50 -18.296700 
51 -18.737700 
52 -19.256700 
53 -19.834700 
54 -20.405700 
55 -20.792700 
56 -20.573700 
57 -20.437700 
58 -20.949700 
59 -21.506700 
60 -22.087700 
61 -22.407700 
62 -22.377700 
63 -22.072700 
64 -22.191700 
65 -22.508700 
66 -22.857700 
67 -23.206700 
68 -23.534700 
69 -23.429700 
70 -23.070700 
71 -22.695700 
72 -22.309700 
73 -21.918700 
74 -21.528700 
75 -21.146700 
76 -20.782700 
77 -20.552700 
78 -20.799700 
79 -20.946700 
80 -20.715700 
81 -20.630700 
82 -20.634700 
83 -20.324700 
84 -19.630700 
85 -19.402700 
86 -19.265700 
87 -19.158700 
88 -19.216700 
89 -19.347700 
90 -18.940700 
91 -18.816700 
92 -18.682700 
93 -18.502700 
94 -18.270700 
95 -17.981700 
96 -17.639700 
97 -17.251700 
98 -16.833700 
99 -16.416700 
100 -16.065700 
101 -15.817700 
102 -15.944700 
103 -16.144700 
104 -16.424700 
105 -16.764700 
106 -17.144700 
107 -17.511700 
108 -17.646700 
109 -17.439700 
110 -17.695700 
111 -18.088700 
112 -18.443700 
113 -18.681700 
114 -18.450700 
115 -17.880700 
116 -18.662700 
117 -19.462700 
118 -20.223700 
119 -20.849700 
120 -21.210700 
121 -21.381700 

1 -21.456700 
2 -20.879700 
3 -20.065700 
4 -19.286700 
5 -18.883700 
6 -18.724700 
7 -18.615700 
8 -18.601700 
9 -18.740700 
10 -18.979700 
11 -19.045700 
12 -18.888700 
13 -18.708700 
14 -18.528700 
15 -18.332700 
16 -18.115700 
17 -17.892700 
18 -17.701700 
19 -17.734700 
20 -17.865700 
21 -17.911700 
22 -17.910700 
23 -17.981700 
24 -17.988700 
25 -17.974700 
26 -17.938700 
27 -17.879700 
28 -17.795700 
29 -17.689700 
30 -17.560700 
31 -17.410700 
32 -17.242700 
33 -17.057700 
34 -16.859700 
35 -16.737700 
36 -16.617700 
37 -16.486700 
38 -16.346700 
39 -16.196700 
40 -16.040700 
41 -15.913700 
42 -16.204700 
43 -16.604700 
44 -16.950700 
45 -17.361700 
46 -17.816700 
47 -18.347700 
48 -19.018700 
49 -19.889700 
50 -20.997700 
51 -22.344700 
52 -23.888700 
53 -24.509700 
54 -24.607700 
55 -24.247700 
56 -23.794700 
57 -23.958700 
58 -23.983700 
59 -23.622700 
60 -23.187700 
61 -22.656700 
62 -22.939700 
63 -23.185700 
64 -23.403700 
65 -23.587700 
66 -23.729700 
67 -23.823700 
68 -23.760700 
69 -23.828700 
70 -23.758700 
71 -23.609700 
72 -23.397700 
73 -23.126700 
74 -22.802700 
75 -22.438700 
76 -22.048700 
77 -21.652700 
78 -21.273700 
79 -21.003700 
80 -21.143700 
81 -21.193700 
82 -20.956700 
83 -20.649700 
84 -20.673700 
85 -20.705700 
86 -20.741700 
87 -20.777700 
88 -20.235700 
89 -19.573700 
90 -19.405700 
91 -19.375700 
92 -19.248700 
93 -19.027700 
94 -18.721700 
95 -18.349700 
96 -17.931700 
97 -17.487700 
98 -17.036700 
99 -16.592700 
100 -16.166700 
101 -15.913700 
102 -16.290700 
103 -16.836700 
104 -17.342700 
105 -17.741700 
106 -17.992700 
107 -18.113700 
108 -18.311700 
109 -18.713700 
110 -19.163700 
111 -19.594700 
112 -19.975700 
113 -19.853700 
114 -19.564700 
115 -19.679700 
116 -19.879700 
117 -20.129700 
118 -20.468700 
119 -20.898700 
120 -21.294700 
121 -21.381700 

1 -22.184700 
2 -22.826700 
3 -23.673700 
4 -24.255700 
5 -24.322700 
6 -23.761700 
7 -22.712700 
8 -21.529700 
9 -20.558700 
10 -19.972700 
11 -19.899700 
12 -20.188700 
13 -20.477700 
14 -20.634700 
15 -20.604700 
16 -20.372700 
17 -19.949700 
18 -19.386700 
19 -18.774700 
20 -18.229700 
21 -17.911700 
22 -17.954700 
23 -17.981700 
24 -17.988700 
25 -17.974700 
26 -17.938700 
27 -17.879700 
28 -17.795700 
29 -17.689700 
30 -17.560700 
31 -17.410700 
32 -17.242700 
33 -17.057700 
34 -16.859700 
35 -16.737700 
36 -16.617700 
37 -16.486700 
38 -16.346700 
39 -16.196700 
40 -16.040700 
41 -15.913700 
42 -16.314700 
43 -17.078700 
44 -18.026700 
45 -19.072700 
46 -20.126700 
47 -21.122700 
48 -22.019700 
49 -22.793700 
50 -23.431700 
51 -23.928700 
52 -24.286700 
53 -25.524700 
54 -25.011700 
55 -24.592700 
56 -24.476700 
57 -24.270700 
58 -24.383700 
59 -24.797700 
60 -24.065700 
61 -22.678700 
62 -22.969700 
63 -23.498700 
64 -23.955700 
65 -24.259700 
66 -24.259700 
67 -24.050700 
68 -23.862700 
69 -23.842700 
70 -24.079700 
71 -24.276700 
72 -24.415700 
73 -24.492700 
74 -24.506700 
75 -24.462700 
76 -24.366700 
77 -24.233700 
78 -24.081700 
79 -23.935700 
80 -23.827700 
81 -23.787700 
82 -23.625700 
83 -23.239700 
84 -22.742700 
85 -22.175700 
86 -21.557700 
87 -20.904700 
88 -20.804700 
89 -20.810700 
90 -20.780700 
91 -20.696700 
92 -20.537700 
93 -20.282700 
94 -19.916700 
95 -19.429700 
96 -18.831700 
97 -18.150700 
98 -17.443700 
99 -16.777700 
100 -16.212700 
101 -15.913700 
102 -16.311700 
103 -16.956700 
104 -17.687700 
105 -18.459700 
106 -19.213700 
107 -19.887700 
108 -20.425700 
109 -20.778700 
110 -20.901700 
111 -20.766700 
112 -20.384700 
113 -20.287700 
114 -20.519700 
115 -20.670700 
116 -20.750700 
117 -20.790700 
118 -20.852700 
119 -21.016700 
120 -21.358700 
121 -21.770700 

1 -22.184700 
2 -22.826700 
3 -23.673700 
4 -24.255700 
5 -24.322700 
6 -23.761700 
7 -22.712700 
8 -21.529700 
9 -20.558700 
10 -19.972700 
11 -19.899700 
12 -20.188700 
13 -20.477700 
14 -20.634700 
15 -20.604700 
16 -20.372700 
17 -19.949700 
18 -19.386700 
19 -18.774700 
20 -18.229700 
21 -17.911700 
22 -17.954700 
23 -18.083700 
24 -18.245700 
25 -18.396700 
26 -18.538700 
27 -18.668700 
28 -18.788700 
29 -18.897700 
30 -18.996700 
31 -19.085700 
32 -19.164700 
33 -19.234700 
34 -19.294700 
35 -19.346700 
36 -19.389700 
37 -19.424700 
38 -19.451700 
39 -19.470700 
40 -19.482700 
41 -19.485700 
42 -19.626700 
43 -20.024700 
44 -20.624700 
45 -21.369700 
46 -22.202700 
47 -23.067700 
48 -23.906700 
49 -24.661700 
50 -25.274700 
51 -25.677700 
52 -25.802700 
53 -25.583700 
54 -27.072700 
55 -28.283700 
56 -28.883700 
57 -28.676700 
58 -27.647700 
59 -25.993700 
60 -25.084700 
61 -25.189700 
62 -25.163700 
63 -25.092700 
64 -24.995700 
65 -24.948700 
66 -25.101700 
67 -25.355700 
68 -25.584700 
69 -25.754700 
70 -25.856700 
71 -25.893700 
72 -25.872700 
73 -25.804700 
74 -25.705700 
75 -25.591700 
76 -25.476700 
77 -25.372700 
78 -25.286700 
79 -25.223700 
80 -25.185700 
81 -25.173700 
82 -25.294700 
83 -25.548700 
84 -25.803700 
85 -25.999700 
86 -26.102700 
87 -26.098700 
88 -25.976700 
89 -25.738700 
90 -25.386700 
91 -24.927700 
92 -24.373700 
93 -23.741700 
94 -23.053700 
95 -22.336700 
96 -21.624700 
97 -20.953700 
98 -20.363700 
99 -19.896700 
100 -19.592700 
101 -19.485700 
102 -19.588700 
103 -19.880700 
104 -20.327700 
105 -20.892700 
106 -21.530700 
107 -22.186700 
108 -22.793700 
109 -23.285700 
110 -23.615700 
111 -23.756700 
112 -23.707700 
113 -23.497700 
114 -23.190700 
115 -22.873700 
116 -22.627700 
117 -22.479700 
118 -22.384700 
119 -22.271700 
120 -22.078700 
121 -21.770700 

