1 4.511400 
2 4.583900 
3 4.735000 
4 4.895900 
5 5.040400 
6 5.160300 
7 5.255800 
8 5.332700 
9 5.402200 
10 5.481700 
11 5.592400 
12 5.752500 
13 5.966200 
14 6.220600 
15 6.493600 
16 6.762200 
17 7.006900 
18 7.212300 
19 7.366900 
20 7.462800 
21 7.495300 
22 7.655900 
23 7.823200 
24 7.994500 
25 8.167300 
26 8.339300 
27 8.508400 
28 8.672600 
29 8.830400 
30 8.980100 
31 9.120600 
32 9.250700 
33 9.369400 
34 9.476000 
35 9.569700 
36 9.650000 
37 9.716300 
38 9.768200 
39 9.805600 
40 9.828000 
41 9.835500 
42 9.801000 
43 9.698000 
44 9.529100 
45 9.298100 
46 9.010300 
47 8.671800 
48 8.290000 
49 7.873100 
50 7.429800 
51 6.969800 
52 6.504100 
53 6.046000 
54 5.612600 
55 5.226100 
56 4.909100 
57 5.003500 
58 5.084100 
59 5.133900 
60 5.158800 
61 5.165500 
62 5.164300 
63 5.161300 
64 5.157500 
65 5.153500 
66 5.150300 
67 5.148100 
68 5.147400 
69 5.148300 
70 5.151100 
71 5.155200 
72 5.211100 
73 5.351000 
74 5.479200 
75 5.593700 
76 5.693100 
77 5.776000 
78 5.841500 
79 5.888800 
80 5.917400 
81 5.927000 
82 5.930100 
83 5.950100 
84 6.004100 
85 6.100300 
86 6.244800 
87 6.441500 
88 6.689600 
89 6.982100 
90 7.306700 
91 7.649600 
92 7.996900 
93 8.336200 
94 8.657000 
95 8.950700 
96 9.210100 
97 9.429600 
98 9.604800 
99 9.732200 
100 9.809600 
101 9.835500 
102 9.802100 
103 9.702500 
104 9.538800 
105 9.314600 
106 9.035500 
107 8.708900 
108 8.345300 
109 7.958800 
110 7.568500 
111 7.199400 
112 6.880800 
113 6.639100 
114 6.485600 
115 6.408000 
116 6.379200 
117 6.371200 
118 6.363100 
119 6.342300 
120 6.301800 
121 6.239200 

1 4.511400 
2 4.583900 
3 4.735000 
4 4.895900 
5 5.040400 
6 5.160300 
7 5.255800 
8 5.332700 
9 5.402200 
10 5.481700 
11 5.592400 
12 5.752500 
13 5.966200 
14 6.220600 
15 6.493600 
16 6.762200 
17 7.006900 
18 7.212300 
19 7.366900 
20 7.462800 
21 7.495300 
22 7.343800 
23 7.204000 
24 7.077900 
25 6.966900 
26 6.872000 
27 6.793000 
28 6.729400 
29 6.679900 
30 6.642800 
31 6.616200 
32 6.598300 
33 6.587300 
34 6.581300 
35 6.579100 
36 6.579400 
37 6.580900 
38 6.582900 
39 6.584800 
40 6.586100 
41 6.586500 
42 6.553900 
43 6.457300 
44 6.301400 
45 6.093400 
46 5.843600 
47 5.564800 
48 5.272200 
49 4.983000 
50 4.715500 
51 4.486600 
52 4.307000 
53 4.302200 
54 4.538800 
55 4.733600 
56 4.887700 
57 4.666200 
58 4.473500 
59 4.302000 
60 4.141400 
61 4.014800 
62 4.065500 
63 4.130100 
64 4.208900 
65 4.301500 
66 4.406800 
67 4.522700 
68 4.646900 
69 4.776500 
70 4.908400 
71 5.061700 
72 5.167400 
73 5.288800 
74 5.401400 
75 5.503100 
76 5.592100 
77 5.666900 
78 5.726500 
79 5.769500 
80 5.795600 
81 5.804400 
82 5.800000 
83 5.778800 
84 5.730300 
85 5.656200 
86 5.562600 
87 5.456800 
88 5.348300 
89 5.251500 
90 5.187000 
91 5.180100 
92 5.250200 
93 5.394800 
94 5.590300 
95 5.807100 
96 6.020200 
97 6.212100 
98 6.371000 
99 6.489300 
100 6.562000 
101 6.586500 
102 6.561500 
103 6.487200 
104 6.365700 
105 6.201000 
106 5.999700 
107 5.771500 
108 5.532000 
109 5.304600 
110 5.121500 
111 5.018700 
112 5.022400 
113 5.126200 
114 5.285200 
115 5.458000 
116 5.625600 
117 5.781500 
118 5.923100 
119 6.048000 
120 6.154100 
121 6.239200 

1 3.703100 
2 3.636100 
3 3.499300 
4 3.366100 
5 3.266600 
6 3.205400 
7 3.176200 
8 3.179100 
9 3.223900 
10 3.310500 
11 3.404900 
12 3.461300 
13 3.452800 
14 3.377700 
15 3.248500 
16 3.082700 
17 2.898200 
18 2.712900 
19 2.547300 
20 2.426800 
21 2.381400 
22 2.391300 
23 2.383600 
24 2.360700 
25 2.324900 
26 2.279000 
27 2.224900 
28 2.165300 
29 2.101900 
30 2.036500 
31 1.971100 
32 1.907100 
33 1.845900 
34 1.788800 
35 1.737000 
36 1.691400 
37 1.652900 
38 1.622100 
39 1.599800 
40 1.586100 
41 1.581500 
42 1.749500 
43 1.947200 
44 2.165800 
45 2.402000 
46 2.649500 
47 2.899400 
48 3.143100 
49 3.371100 
50 3.575600 
51 3.749100 
52 4.023300 
53 4.177700 
54 4.089400 
55 4.028900 
56 3.985200 
57 3.952500 
58 3.931200 
59 3.927200 
60 3.950800 
61 4.014800 
62 3.987200 
63 4.001400 
64 4.061600 
65 4.160500 
66 4.286700 
67 4.431100 
68 4.586000 
69 4.745700 
70 4.905500 
71 5.039700 
72 5.160500 
73 5.166700 
74 5.173400 
75 5.180300 
76 5.186800 
77 5.192600 
78 5.197400 
79 5.201000 
80 5.203300 
81 5.204100 
82 5.184700 
83 5.126300 
84 5.029200 
85 4.893900 
86 4.721200 
87 4.511900 
88 4.267000 
89 3.988100 
90 3.676200 
91 3.333400 
92 3.004200 
93 2.945000 
94 2.821500 
95 2.654600 
96 2.464200 
97 2.266800 
98 2.073700 
99 1.891900 
100 1.724600 
101 1.581500 
102 1.727300 
103 1.897400 
104 2.076500 
105 2.259000 
106 2.437200 
107 2.600200 
108 2.766200 
109 3.201100 
110 3.584900 
111 3.894400 
112 4.101400 
113 4.196000 
114 4.213700 
115 4.202500 
116 4.190600 
117 4.183800 
118 4.175200 
119 4.155700 
120 4.119200 
121 4.062900 

1 3.703100 
2 3.636100 
3 3.499300 
4 3.366100 
5 3.266600 
6 3.205400 
7 3.176200 
8 3.179100 
9 3.223900 
10 3.310500 
11 3.404900 
12 3.461300 
13 3.452800 
14 3.377700 
15 3.248500 
16 3.082700 
17 2.898200 
18 2.712900 
19 2.547300 
20 2.426800 
21 2.381400 
22 2.351000 
23 2.298200 
24 2.221400 
25 2.119800 
26 1.993300 
27 1.842900 
28 1.804900 
29 1.799600 
30 1.788900 
31 1.773200 
32 1.753100 
33 1.729200 
34 1.702500 
35 1.674100 
36 1.645500 
37 1.618100 
38 1.594000 
39 1.575000 
40 1.562800 
41 1.558600 
42 1.527600 
43 1.434200 
44 1.277400 
45 1.105000 
46 1.544400 
47 2.037500 
48 2.505200 
49 2.941100 
50 3.341200 
51 3.702700 
52 3.884900 
53 3.975200 
54 4.011200 
55 3.982000 
56 3.879800 
57 3.718800 
58 3.545700 
59 3.413000 
60 3.350400 
61 3.344600 
62 3.338400 
63 3.309800 
64 3.251800 
65 3.168400 
66 3.067800 
67 2.956000 
68 2.837600 
69 2.715900 
70 2.593200 
71 2.471900 
72 2.353900 
73 2.241200 
74 2.135700 
75 2.039400 
76 1.991900 
77 1.960400 
78 1.934400 
79 1.914900 
80 1.902800 
81 1.898800 
82 1.889500 
83 1.903100 
84 2.066200 
85 2.247900 
86 2.423400 
87 2.577500 
88 2.707000 
89 2.818900 
90 2.918200 
91 2.989900 
92 2.962100 
93 2.564400 
94 2.143900 
95 1.705200 
96 1.254500 
97 1.189900 
98 1.350400 
99 1.465900 
100 1.535400 
101 1.558600 
102 1.539700 
103 1.484100 
104 1.395200 
105 1.360800 
106 1.811000 
107 2.293500 
108 2.731400 
109 2.818200 
110 2.843500 
111 2.841900 
112 2.920000 
113 3.073500 
114 3.239100 
115 3.394200 
116 3.535500 
117 3.665300 
118 3.784800 
119 3.893000 
120 3.986700 
121 4.062900 

1 2.148700 
2 2.161700 
3 2.186300 
4 2.203400 
5 2.211300 
6 2.229600 
7 2.281400 
8 2.361400 
9 2.428400 
10 2.440900 
11 2.392500 
12 2.300500 
13 2.182900 
14 2.054800 
15 1.929500 
16 1.819600 
17 1.736000 
18 1.686000 
19 1.669400 
20 1.675000 
21 1.681200 
22 1.715900 
23 1.745200 
24 1.768700 
25 1.786500 
26 1.798500 
27 1.804600 
28 1.804900 
29 1.799600 
30 1.788900 
31 1.773200 
32 1.753100 
33 1.729200 
34 1.702500 
35 1.674100 
36 1.645500 
37 1.618100 
38 1.594000 
39 1.575000 
40 1.562800 
41 1.558600 
42 1.402900 
43 1.240500 
44 1.076100 
45 1.052700 
46 1.265600 
47 1.428000 
48 1.574100 
49 1.686400 
50 1.748100 
51 1.847400 
52 2.023000 
53 2.165200 
54 2.272300 
55 2.343500 
56 2.379400 
57 2.381400 
58 2.352400 
59 2.295400 
60 2.215600 
61 2.118300 
62 2.165800 
63 2.204300 
64 2.233100 
65 2.252000 
66 2.261200 
67 2.260700 
68 2.250900 
69 2.233100 
70 2.208100 
71 2.177300 
72 2.142000 
73 2.104200 
74 2.065400 
75 2.027400 
76 1.954000 
77 1.881300 
78 1.823200 
79 1.780500 
80 1.754400 
81 1.745700 
82 1.787600 
83 1.861600 
84 1.815400 
85 1.751300 
86 1.670000 
87 1.572200 
88 1.478900 
89 1.655100 
90 1.761700 
91 1.784700 
92 1.734900 
93 1.633100 
94 1.499500 
95 1.351300 
96 1.204500 
97 1.092700 
98 1.147600 
99 1.284100 
100 1.424800 
101 1.558600 
102 1.431300 
103 1.320900 
104 1.256400 
105 1.280400 
106 1.364300 
107 1.533400 
108 1.741800 
109 1.963500 
110 2.167700 
111 2.285900 
112 2.201000 
113 1.935500 
114 1.588800 
115 1.217800 
116 0.841900 
117 0.461800 
118 0.191200 
119 0.011500 
120 -0.185200 
121 -0.394800 

1 2.148700 
2 2.161700 
3 2.186300 
4 2.203400 
5 2.211300 
6 2.229600 
7 2.281400 
8 2.361400 
9 2.428400 
10 2.440900 
11 2.392500 
12 2.300500 
13 2.182900 
14 2.054800 
15 1.929500 
16 1.819600 
17 1.736000 
18 1.686000 
19 1.669400 
20 1.675000 
21 1.681200 
22 1.715900 
23 1.745200 
24 1.768700 
25 1.786500 
26 1.798500 
27 1.804600 
28 1.671000 
29 1.479500 
30 1.272500 
31 1.126200 
32 1.064100 
33 1.004200 
34 0.947800 
35 0.895900 
36 0.849600 
37 0.809900 
38 0.778000 
39 0.754500 
40 0.740100 
41 0.735300 
42 0.761500 
43 0.837300 
44 0.954800 
45 1.036200 
46 0.767000 
47 0.894400 
48 1.158300 
49 1.410000 
50 1.641600 
51 1.744100 
52 1.665800 
53 1.516300 
54 1.310100 
55 1.103700 
56 1.299900 
57 1.493700 
58 1.679100 
59 1.849300 
60 1.998000 
61 2.118300 
62 2.065000 
63 2.009700 
64 1.953300 
65 1.896700 
66 1.840600 
67 1.785800 
68 1.732900 
69 1.682600 
70 1.635500 
71 1.591800 
72 1.552000 
73 1.516200 
74 1.484700 
75 1.457400 
76 1.434400 
77 1.415600 
78 1.400900 
79 1.390600 
80 1.384500 
81 1.382400 
82 1.374500 
83 1.350400 
84 1.310300 
85 1.254800 
86 1.184600 
87 1.268000 
88 1.459000 
89 1.331700 
90 1.191900 
91 1.041600 
92 0.883100 
93 0.719200 
94 0.553600 
95 0.738900 
96 0.985600 
97 0.907900 
98 0.892800 
99 0.811400 
100 0.754900 
101 0.735300 
102 0.760500 
103 0.844600 
104 1.025000 
105 1.265100 
106 1.153200 
107 1.034600 
108 0.946400 
109 0.894400 
110 0.898100 
111 0.923800 
112 0.905400 
113 0.815800 
114 0.692200 
115 0.601700 
116 0.487700 
117 0.350600 
118 0.082100 
119 -0.283200 
120 -0.611200 
121 -0.394800 

1 -0.057700 
2 -0.055400 
3 -0.020200 
4 0.060400 
5 0.161300 
6 0.240500 
7 0.264000 
8 0.226300 
9 0.153000 
10 0.086400 
11 0.072300 
12 0.147800 
13 0.319900 
14 0.557800 
15 0.817600 
16 1.065200 
17 1.280900 
18 1.454200 
19 1.579900 
20 1.655900 
21 1.681200 
22 1.641300 
23 1.596600 
24 1.547400 
25 1.494300 
26 1.437700 
27 1.378100 
28 1.316400 
29 1.253300 
30 1.189700 
31 1.126200 
32 1.064100 
33 1.004200 
34 0.947800 
35 0.895900 
36 0.849600 
37 0.809900 
38 0.778000 
39 0.754500 
40 0.740100 
41 0.735300 
42 0.705900 
43 0.616800 
44 0.532300 
45 0.907000 
46 0.731500 
47 0.546800 
48 0.349800 
49 0.138600 
50 0.254800 
51 0.395200 
52 0.552900 
53 0.725800 
54 0.910800 
55 1.068800 
56 0.815000 
57 0.570800 
58 0.356300 
59 0.189300 
60 0.085100 
61 0.050700 
62 0.058600 
63 0.080900 
64 0.114400 
65 0.156000 
66 0.202300 
67 0.250300 
68 0.297700 
69 0.343100 
70 0.385700 
71 0.424600 
72 0.459800 
73 0.491200 
74 0.518800 
75 0.542700 
76 0.563000 
77 0.579500 
78 0.592400 
79 0.601600 
80 0.607100 
81 0.609000 
82 0.620600 
83 0.662100 
84 0.746000 
85 0.879500 
86 1.058800 
87 1.100700 
88 1.004000 
89 0.896000 
90 0.778600 
91 0.653800 
92 0.524200 
93 0.392700 
94 0.451800 
95 0.557800 
96 0.757300 
97 0.802800 
98 0.538400 
99 0.647500 
100 0.713300 
101 0.735300 
102 0.718200 
103 0.667800 
104 0.587200 
105 0.546000 
106 0.659700 
107 0.728300 
108 0.789400 
109 0.848600 
110 0.865100 
111 0.840600 
112 0.808300 
113 0.760300 
114 0.625600 
115 0.321100 
116 -0.069800 
117 -0.479000 
118 -0.820400 
119 -0.826000 
120 -0.612600 
121 -0.874500 

1 -0.057700 
2 -0.055400 
3 -0.020200 
4 0.060400 
5 0.161300 
6 0.240500 
7 0.264000 
8 0.226300 
9 0.153000 
10 0.086400 
11 0.072300 
12 0.147800 
13 0.319900 
14 0.557800 
15 0.817600 
16 1.065200 
17 1.280900 
18 1.454200 
19 1.579900 
20 1.655900 
21 1.681200 
22 1.641300 
23 1.596600 
24 1.547400 
25 1.494300 
26 1.437700 
27 1.378100 
28 1.316400 
29 1.253300 
30 1.189700 
31 1.054000 
32 0.828900 
33 0.602100 
34 0.379500 
35 0.166800 
36 -0.028800 
37 -0.201800 
38 -0.301400 
39 -0.248500 
40 -0.215900 
41 -0.205000 
42 -0.162400 
43 0.080000 
44 0.464800 
45 0.373100 
46 0.628500 
47 0.412400 
48 0.029400 
49 0.132800 
50 -0.087600 
51 -0.328500 
52 -0.583100 
53 -0.849400 
54 -1.125100 
55 -1.407100 
56 -1.691900 
57 -1.975300 
58 -2.252600 
59 -2.518600 
60 -2.768000 
61 -2.996100 
62 -2.897700 
63 -2.822400 
64 -2.773900 
65 -2.753800 
66 -2.762100 
67 -2.797500 
68 -2.858400 
69 -2.942600 
70 -3.047800 
71 -3.171800 
72 -3.311700 
73 -3.464600 
74 -3.626800 
75 -3.794100 
76 -3.914100 
77 -3.929900 
78 -3.941700 
79 -3.949800 
80 -3.954500 
81 -3.956000 
82 -3.903700 
83 -3.749300 
84 -3.501500 
85 -3.174000 
86 -2.786600 
87 -2.361200 
88 -1.860100 
89 -1.384700 
90 -0.957800 
91 -0.576800 
92 -0.232600 
93 0.126900 
94 0.326100 
95 0.390400 
96 0.234400 
97 0.387000 
98 0.370800 
99 0.010600 
100 -0.167800 
101 -0.205000 
102 -0.179000 
103 -0.005800 
104 0.315700 
105 0.482700 
106 0.363100 
107 0.230800 
108 0.069000 
109 -0.138900 
110 -0.386500 
111 -0.653100 
112 -0.913000 
113 -1.136700 
114 -1.292100 
115 -1.353400 
116 -1.316000 
117 -1.198500 
118 -1.027500 
119 -1.014400 
120 -1.025000 
121 -0.874500 

1 -3.330500 
2 -3.370900 
3 -3.489800 
4 -3.657200 
5 -3.822500 
6 -3.941400 
7 -3.991000 
8 -3.969000 
9 -3.880100 
10 -3.395000 
11 -2.906400 
12 -2.571200 
13 -2.390600 
14 -2.328900 
15 -2.337000 
16 -2.376700 
17 -2.424900 
18 -2.468900 
19 -2.502600 
20 -2.523500 
21 -2.530400 
22 -2.398100 
23 -2.259400 
24 -2.115500 
25 -1.967700 
26 -1.817300 
27 -1.665500 
28 -1.513600 
29 -1.363000 
30 -1.214700 
31 -1.070500 
32 -0.931600 
33 -0.799400 
34 -0.675700 
35 -0.562000 
36 -0.460300 
37 -0.372700 
38 -0.301400 
39 -0.248500 
40 -0.215900 
41 -0.205000 
42 -0.167500 
43 -0.041100 
44 0.143900 
45 0.245100 
46 -0.045500 
47 -0.056400 
48 -0.007400 
49 -0.487200 
50 -1.016300 
51 -1.575900 
52 -2.137900 
53 -2.664200 
54 -3.111500 
55 -3.443000 
56 -3.639900 
57 -3.604900 
58 -3.549700 
59 -3.474700 
60 -3.236300 
61 -2.996100 
62 -3.101300 
63 -3.200200 
64 -3.292800 
65 -3.378800 
66 -3.458500 
67 -3.531700 
68 -3.598400 
69 -3.658800 
70 -3.712800 
71 -3.760600 
72 -3.802300 
73 -3.838400 
74 -3.868700 
75 -3.893800 
76 -3.960900 
77 -4.120200 
78 -4.263200 
79 -4.304800 
80 -4.326700 
81 -4.334000 
82 -4.331800 
83 -4.237000 
84 -3.965500 
85 -3.576300 
86 -2.958200 
87 -2.384900 
88 -1.918200 
89 -1.473200 
90 -1.038500 
91 -0.622800 
92 -0.238000 
93 0.061800 
94 0.262400 
95 0.137100 
96 0.194600 
97 0.092100 
98 -0.029900 
99 -0.124200 
100 -0.184300 
101 -0.205000 
102 -0.195500 
103 -0.171100 
104 -0.143400 
105 -0.131800 
106 -0.163800 
107 -0.266000 
108 -0.443900 
109 -0.683200 
110 -0.969200 
111 -1.292300 
112 -1.645400 
113 -2.002800 
114 -2.364300 
115 -2.744100 
116 -3.133500 
117 -3.519300 
118 -3.821100 
119 -4.052000 
120 -4.201100 
121 -4.261900 

1 -3.330500 
2 -3.370900 
3 -3.489800 
4 -3.657200 
5 -3.822500 
6 -3.941400 
7 -3.991000 
8 -3.969000 
9 -3.880100 
10 -3.395000 
11 -2.906400 
12 -2.571200 
13 -2.390600 
14 -2.328900 
15 -2.337000 
16 -2.376700 
17 -2.424900 
18 -2.468900 
19 -2.502600 
20 -2.523500 
21 -2.530400 
22 -2.398100 
23 -2.259400 
24 -2.115500 
25 -1.967700 
26 -1.817300 
27 -1.665500 
28 -1.513600 
29 -1.363000 
30 -1.214700 
31 -1.070500 
32 -0.931600 
33 -0.799400 
34 -0.675700 
35 -0.562000 
36 -0.460300 
37 -0.372700 
38 -0.345200 
39 -0.452700 
40 -0.519600 
41 -0.542300 
42 -0.422800 
43 -0.279600 
44 -0.227400 
45 -0.181500 
46 -0.125900 
47 -0.407100 
48 -0.836200 
49 -1.328500 
50 -1.877500 
51 -2.475200 
52 -3.110000 
53 -3.766500 
54 -3.769800 
55 -3.719700 
56 -3.663300 
57 -3.703500 
58 -3.643300 
59 -3.503100 
60 -3.471100 
61 -3.459100 
62 -3.462400 
63 -3.472600 
64 -3.490100 
65 -3.515300 
66 -3.548200 
67 -3.588800 
68 -3.637000 
69 -3.692100 
70 -3.753200 
71 -3.819500 
72 -3.889300 
73 -3.960900 
74 -4.032400 
75 -4.101300 
76 -4.165400 
77 -4.222200 
78 -4.269400 
79 -4.378700 
80 -4.454700 
81 -4.481300 
82 -4.417700 
83 -4.325200 
84 -4.232400 
85 -3.633100 
86 -3.263700 
87 -2.873000 
88 -2.472400 
89 -2.071000 
90 -1.677100 
91 -1.297900 
92 -0.939600 
93 -0.607000 
94 -0.304900 
95 -0.036700 
96 0.019900 
97 -0.086200 
98 -0.182000 
99 -0.286200 
100 -0.448600 
101 -0.542300 
102 -0.428800 
103 -0.265800 
104 -0.224300 
105 -0.232500 
106 -0.292700 
107 -0.412100 
108 -0.586400 
109 -0.806100 
110 -1.062300 
111 -1.349300 
112 -1.663600 
113 -2.021200 
114 -2.410200 
115 -2.800500 
116 -3.177200 
117 -3.523400 
118 -3.884800 
119 -4.151200 
120 -4.240300 
121 -4.261900 

1 -9.443300 
2 -9.181600 
3 -8.595900 
4 -7.875800 
5 -7.094100 
6 -6.289300 
7 -5.490100 
8 -4.723700 
9 -4.024100 
10 -3.767300 
11 -3.611000 
12 -3.440700 
13 -3.267000 
14 -3.099200 
15 -2.945600 
16 -2.812500 
17 -2.704600 
18 -2.624000 
19 -2.570200 
20 -2.540100 
21 -2.530400 
22 -2.655200 
23 -2.771200 
24 -2.877800 
25 -2.973800 
26 -3.058800 
27 -3.132500 
28 -3.194600 
29 -3.245400 
30 -3.285200 
31 -3.315100 
32 -3.335600 
33 -3.348400 
34 -3.354500 
35 -3.355700 
36 -3.353300 
37 -3.348900 
38 -3.343800 
39 -3.339300 
40 -3.336200 
41 -3.335200 
42 -3.354000 
43 -3.406100 
44 -3.480000 
45 -3.563100 
46 -3.644400 
47 -3.716700 
48 -3.775000 
49 -3.816800 
50 -3.841000 
51 -3.847100 
52 -3.836200 
53 -3.809600 
54 -4.423900 
55 -5.055000 
56 -5.623600 
57 -6.084000 
58 -6.383000 
59 -6.491700 
60 -6.470700 
61 -6.437500 
62 -6.439500 
63 -6.455500 
64 -6.481500 
65 -6.510500 
66 -6.535000 
67 -6.548000 
68 -6.545200 
69 -6.525800 
70 -6.491100 
71 -6.444400 
72 -6.389100 
73 -6.329200 
74 -6.267800 
75 -6.208100 
76 -6.152900 
77 -6.104500 
78 -6.064800 
79 -6.035300 
80 -6.017100 
81 -6.010900 
82 -5.590000 
83 -4.915200 
84 -4.313600 
85 -4.296600 
86 -4.273800 
87 -4.244400 
88 -4.207400 
89 -4.162300 
90 -4.108500 
91 -4.045600 
92 -3.973800 
93 -3.893700 
94 -3.806700 
95 -3.715000 
96 -3.622600 
97 -3.533600 
98 -3.454200 
99 -3.390700 
100 -3.349500 
101 -3.335200 
102 -3.350500 
103 -3.393500 
104 -3.456300 
105 -3.528000 
106 -3.596300 
107 -3.650700 
108 -3.682600 
109 -3.687300 
110 -3.664300 
111 -3.619200 
112 -3.564900 
113 -3.522300 
114 -3.518400 
115 -3.575200 
116 -3.693900 
117 -3.850800 
118 -4.013400 
119 -4.218700 
120 -4.511000 
121 -4.725500 

1 -10.251300 
2 -9.181600 
3 -8.595900 
4 -7.875800 
5 -7.094100 
6 -6.289300 
7 -5.490100 
8 -4.723700 
9 -4.024100 
10 -3.767300 
11 -3.611000 
12 -3.440700 
13 -3.267000 
14 -3.099200 
15 -2.945600 
16 -2.812500 
17 -2.704600 
18 -2.624000 
19 -2.570200 
20 -2.540100 
21 -2.530400 
22 -2.655200 
23 -2.771200 
24 -2.877800 
25 -2.973800 
26 -3.058800 
27 -3.132500 
28 -3.194600 
29 -3.245400 
30 -3.285200 
31 -3.315100 
32 -3.335600 
33 -3.348400 
34 -3.354500 
35 -3.355700 
36 -3.353300 
37 -3.348900 
38 -3.343800 
39 -3.339300 
40 -3.336200 
41 -3.335200 
42 -3.508800 
43 -3.949300 
44 -4.535800 
45 -5.198900 
46 -5.905200 
47 -6.638000 
48 -7.387200 
49 -8.146600 
50 -8.911300 
51 -9.206700 
52 -9.170300 
53 -9.213100 
54 -9.320600 
55 -9.248700 
56 -8.645500 
57 -7.889900 
58 -7.233100 
59 -6.762700 
60 -6.505500 
61 -6.437500 
62 -6.459400 
63 -6.509700 
64 -6.582600 
65 -6.672200 
66 -6.773300 
67 -6.880800 
68 -6.990000 
69 -7.095400 
70 -7.191900 
71 -7.274000 
72 -7.335900 
73 -7.372300 
74 -7.378900 
75 -7.354100 
76 -7.300200 
77 -7.224800 
78 -7.139900 
79 -7.061300 
80 -7.005300 
81 -6.985000 
82 -7.429000 
83 -8.168000 
84 -8.895000 
85 -9.072900 
86 -8.993200 
87 -8.962200 
88 -8.990100 
89 -9.064300 
90 -9.074000 
91 -8.480600 
92 -7.871500 
93 -7.253300 
94 -6.632200 
95 -6.015100 
96 -5.410000 
97 -4.827300 
98 -4.284300 
99 -3.811800 
100 -3.466900 
101 -3.335200 
102 -3.466000 
103 -3.791100 
104 -4.198500 
105 -4.611700 
106 -4.987100 
107 -5.300400 
108 -5.539200 
109 -5.700200 
110 -5.785400 
111 -5.800400 
112 -5.750800 
113 -5.644000 
114 -5.490100 
115 -5.305500 
116 -5.115800 
117 -4.956700 
118 -4.864600 
119 -4.842500 
120 -4.826100 
121 -4.725500 

1 -10.251300 
2 -10.373800 
3 -10.626400 
4 -10.953300 
5 -11.377200 
6 -11.907300 
33 -11.620900 
34 -11.244300 
35 -10.900300 
36 -10.594400 
37 -10.332600 
38 -10.120800 
39 -9.964600 
40 -9.868900 
41 -9.836600 
42 -9.837000 
43 -9.835200 
44 -9.823100 
45 -9.791800 
46 -9.734000 
47 -9.648000 
48 -9.538400 
49 -9.415900 
50 -9.297800 
51 -9.677600 
52 -10.442200 
53 -11.201800 
54 -11.237200 
55 -10.672900 
56 -10.031900 
57 -9.306300 
58 -8.762700 
59 -8.447200 
60 -8.322700 
61 -8.295900 
62 -8.301400 
63 -8.319000 
64 -8.352500 
65 -8.407900 
66 -8.491600 
67 -8.608600 
68 -8.761500 
69 -8.949300 
70 -9.169100 
71 -9.416200 
72 -9.685500 
73 -9.971700 
74 -10.269900 
75 -10.382800 
76 -10.241900 
77 -10.138600 
78 -10.067700 
79 -10.022700 
80 -9.998300 
81 -9.990600 
82 -9.880400 
83 -9.645300 
84 -9.476200 
85 -9.941900 
86 -10.759100 
87 -10.684200 
88 -10.184000 
89 -9.644400 
90 -9.169800 
91 -9.291300 
92 -9.416100 
93 -9.533500 
94 -9.635500 
95 -9.716500 
96 -9.774900 
97 -9.811300 
98 -9.829800 
99 -9.836200 
100 -9.836900 
101 -9.836600 
102 -9.869400 
103 -9.966500 
104 -10.124200 
105 -10.334900 
106 -10.586600 
107 -10.860300 
108 -11.129200 
109 -11.360000 
110 -11.521100 
111 -11.596200 
112 -11.593000 
113 -11.535100 
114 -11.442600 
115 -11.319500 
116 -11.154400 
117 -10.935700 
118 -10.673000 
119 -10.407700 
120 -10.206800 
121 -10.150700 

