1 0.557200 
2 0.614200 
3 0.728200 
4 0.859200 
5 0.997200 
6 1.141200 
7 1.293200 
8 1.451200 
9 1.616200 
10 1.785200 
11 1.957200 
12 2.127200 
13 2.292200 
14 2.448200 
15 2.593200 
16 2.721200 
17 2.831200 
18 2.919200 
19 2.984200 
20 3.024200 
21 3.037200 
22 3.133200 
23 3.228200 
24 3.320200 
25 3.410200 
26 3.497200 
27 3.579200 
28 3.658200 
29 3.732200 
30 3.801200 
31 3.866200 
32 3.925200 
33 3.978200 
34 4.026200 
35 4.068200 
36 4.103200 
37 4.132200 
38 4.155200 
39 4.172200 
40 4.181200 
41 4.185200 
42 4.170200 
43 4.125200 
44 4.050200 
45 3.948200 
46 3.820200 
47 3.668200 
48 3.494200 
49 3.301200 
50 3.091200 
51 2.867200 
52 2.631200 
53 2.386200 
54 2.136200 
55 1.883200 
56 1.633200 
57 1.392200 
58 1.165200 
59 0.962200 
60 0.790200 
61 0.651200 
62 0.713200 
63 0.779200 
64 0.847200 
65 0.917200 
66 0.988200 
67 1.059200 
68 1.129200 
69 1.197200 
70 1.262200 
71 1.325200 
72 1.383200 
73 1.437200 
74 1.486200 
75 1.530200 
76 1.567200 
77 1.598200 
78 1.623200 
79 1.640200 
80 1.651200 
81 1.654200 
82 1.685200 
83 1.771200 
84 1.898200 
85 2.054200 
86 2.228200 
87 2.413200 
88 2.605200 
89 2.797200 
90 2.987200 
91 3.170200 
92 3.345200 
93 3.508200 
94 3.658200 
95 3.792200 
96 3.909200 
97 4.006200 
98 4.083200 
99 4.139200 
100 4.173200 
101 4.185200 
102 4.170200 
103 4.126200 
104 4.054200 
105 3.955200 
106 3.830200 
107 3.682200 
108 3.512200 
109 3.325200 
110 3.122200 
111 2.909200 
112 2.690200 
113 2.471200 
114 2.260200 
115 2.063200 
116 1.889200 
117 1.744200 
118 1.632200 
119 1.550200 
120 1.493200 
121 1.452200 

1 0.557200 
2 0.614200 
3 0.728200 
4 0.859200 
5 0.997200 
6 1.141200 
7 1.293200 
8 1.451200 
9 1.616200 
10 1.785200 
11 1.957200 
12 2.127200 
13 2.292200 
14 2.448200 
15 2.593200 
16 2.721200 
17 2.831200 
18 2.919200 
19 2.984200 
20 3.024200 
21 3.037200 
22 2.939200 
23 2.841200 
24 2.743200 
25 2.646200 
26 2.551200 
27 2.458200 
28 2.369200 
29 2.283200 
30 2.203200 
31 2.129200 
32 2.061200 
33 2.000200 
34 1.946200 
35 1.900200 
36 1.861200 
37 1.829200 
38 1.805200 
39 1.788200 
40 1.777200 
41 1.774200 
42 1.759200 
43 1.716200 
44 1.645200 
45 1.547200 
46 1.426200 
47 1.284200 
48 1.125200 
49 0.953200 
50 0.776200 
51 0.601200 
52 0.443200 
53 0.318200 
54 0.318200 
55 0.354200 
56 0.376200 
57 0.387200 
58 0.388200 
59 0.432200 
60 0.531200 
61 0.646200 
62 0.589200 
63 0.538200 
64 0.491200 
65 0.449200 
66 0.412200 
67 0.431200 
68 0.474200 
69 0.522200 
70 0.571200 
71 0.620200 
72 0.669200 
73 0.715200 
74 0.758200 
75 0.797200 
76 0.831200 
77 0.860200 
78 0.883200 
79 0.899200 
80 0.909200 
81 0.912200 
82 0.899200 
83 0.864200 
84 0.819200 
85 0.772200 
86 0.730200 
87 0.701200 
88 0.696200 
89 0.725200 
90 0.793200 
91 0.894200 
92 1.017200 
93 1.149200 
94 1.279200 
95 1.401200 
96 1.510200 
97 1.602200 
98 1.676200 
99 1.730200 
100 1.763200 
101 1.774200 
102 1.766200 
103 1.744200 
104 1.708200 
105 1.659200 
106 1.600200 
107 1.534200 
108 1.465200 
109 1.399200 
110 1.343200 
111 1.302200 
112 1.280200 
113 1.276200 
114 1.287200 
115 1.307200 
116 1.330200 
117 1.353200 
118 1.376200 
119 1.398200 
120 1.423200 
121 1.452200 

1 0.219200 
2 0.168200 
3 0.082200 
4 0.015200 
5 -0.022800 
6 -0.043800 
7 -0.060800 
8 -0.081800 
9 -0.109800 
10 -0.145800 
11 -0.188800 
12 -0.237800 
13 -0.290800 
14 -0.346800 
15 -0.401800 
16 -0.453800 
17 -0.500800 
18 -0.539800 
19 -0.569800 
20 -0.587800 
21 -0.594800 
22 -0.561800 
23 -0.531800 
24 -0.506800 
25 -0.485800 
26 -0.469800 
27 -0.458800 
28 -0.454800 
29 -0.455800 
30 -0.462800 
31 -0.475800 
32 -0.494800 
33 -0.517800 
34 -0.543800 
35 -0.571800 
36 -0.600800 
37 -0.628800 
38 -0.651800 
39 -0.670800 
40 -0.681800 
41 -0.685800 
42 -0.671800 
43 -0.628800 
44 -0.560800 
45 -0.473800 
46 -0.374800 
47 -0.267800 
48 -0.159800 
49 -0.055800 
50 0.042200 
51 0.130200 
52 0.206200 
53 0.269200 
54 0.243200 
55 0.252200 
56 0.293200 
57 0.318200 
58 0.350200 
59 0.384200 
60 0.378200 
61 0.375200 
62 0.376200 
63 0.379200 
64 0.384200 
65 0.392200 
66 0.401200 
67 0.413200 
68 0.425200 
69 0.439200 
70 0.453200 
71 0.467200 
72 0.481200 
73 0.494200 
74 0.507200 
75 0.518200 
76 0.527200 
77 0.536200 
78 0.542200 
79 0.547200 
80 0.550200 
81 0.551200 
82 0.545200 
83 0.528200 
84 0.500200 
85 0.462200 
86 0.412200 
87 0.354200 
88 0.285200 
89 0.209200 
90 0.125200 
91 0.035200 
92 -0.059800 
93 -0.156800 
94 -0.254800 
95 -0.350800 
96 -0.440800 
97 -0.521800 
98 -0.590800 
99 -0.642800 
100 -0.674800 
101 -0.685800 
102 -0.670800 
103 -0.626800 
104 -0.554800 
105 -0.461800 
106 -0.354800 
107 -0.241800 
108 -0.133800 
109 -0.036800 
110 0.041200 
111 0.097200 
112 0.130200 
113 0.145200 
114 0.149200 
115 0.143200 
116 0.128200 
117 0.103200 
118 0.072200 
119 0.041200 
120 0.018200 
121 0.003200 

1 0.219200 
2 0.168200 
3 0.082200 
4 0.015200 
5 -0.022800 
6 -0.043800 
7 -0.060800 
8 -0.081800 
9 -0.109800 
10 -0.145800 
11 -0.188800 
12 -0.237800 
13 -0.290800 
14 -0.346800 
15 -0.401800 
16 -0.453800 
17 -0.500800 
18 -0.539800 
19 -0.569800 
20 -0.587800 
21 -0.594800 
22 -0.629800 
23 -0.668800 
24 -0.708800 
25 -0.749800 
26 -0.791800 
27 -0.834800 
28 -0.876800 
29 -0.918800 
30 -0.958800 
31 -0.997800 
32 -1.033800 
33 -1.045800 
34 -1.057800 
35 -1.069800 
36 -1.082800 
37 -1.094800 
38 -1.105800 
39 -1.114800 
40 -1.119800 
41 -1.121800 
42 -1.068800 
43 -0.980800 
44 -0.881800 
45 -0.772800 
46 -0.656800 
47 -0.535800 
48 -0.412800 
49 -0.290800 
50 -0.172800 
51 -0.063800 
52 0.036200 
53 0.123200 
54 0.195200 
55 0.221200 
56 0.239200 
57 0.285200 
58 0.327200 
59 0.324200 
60 0.313200 
61 0.306200 
62 0.308200 
63 0.318200 
64 0.334200 
65 0.359200 
66 0.388200 
67 0.371200 
68 0.337200 
69 0.304200 
70 0.273200 
71 0.243200 
72 0.216200 
73 0.190200 
74 0.167200 
75 0.147200 
76 0.129200 
77 0.114200 
78 0.102200 
79 0.093200 
80 0.088200 
81 0.086200 
82 0.080200 
83 0.062200 
84 0.033200 
85 -0.003800 
86 -0.045800 
87 -0.088800 
88 -0.129800 
89 -0.169800 
90 -0.216800 
91 -0.278800 
92 -0.354800 
93 -0.443800 
94 -0.540800 
95 -0.639800 
96 -0.737800 
97 -0.832800 
98 -0.922800 
99 -1.005800 
100 -1.078800 
101 -1.121800 
102 -1.077800 
103 -1.001800 
104 -0.918800 
105 -0.832800 
106 -0.743800 
107 -0.655800 
108 -0.570800 
109 -0.490800 
110 -0.418800 
111 -0.357800 
112 -0.307800 
113 -0.266800 
114 -0.225800 
115 -0.180800 
116 -0.133800 
117 -0.090800 
118 -0.054800 
119 -0.027800 
120 -0.009800 
121 0.003200 

1 -0.278800 
2 -0.279800 
3 -0.290800 
4 -0.323800 
5 -0.378800 
6 -0.438800 
7 -0.489800 
8 -0.531800 
9 -0.567800 
10 -0.603800 
11 -0.645800 
12 -0.693800 
13 -0.749800 
14 -0.808800 
15 -0.869800 
16 -0.927800 
17 -0.979800 
18 -1.023800 
19 -1.055800 
20 -1.075800 
21 -1.081800 
22 -1.063800 
23 -1.048800 
24 -1.036800 
25 -1.026800 
26 -1.019800 
27 -1.015800 
28 -1.014800 
29 -1.016800 
30 -1.020800 
31 -1.026800 
32 -1.035800 
33 -1.045800 
34 -1.057800 
35 -1.069800 
36 -1.082800 
37 -1.094800 
38 -1.105800 
39 -1.114800 
40 -1.119800 
41 -1.121800 
42 -1.135800 
43 -1.176800 
44 -1.245800 
45 -1.315800 
46 -1.243800 
47 -1.138800 
48 -1.027800 
49 -0.920800 
50 -0.822800 
51 -0.743800 
52 -0.694800 
53 -0.690800 
54 -0.744800 
55 -0.691800 
56 -0.650800 
57 -0.623800 
58 -0.609800 
59 -0.607800 
60 -0.615800 
61 -0.632800 
62 -0.625800 
63 -0.624800 
64 -0.629800 
65 -0.639800 
66 -0.654800 
67 -0.673800 
68 -0.696800 
69 -0.722800 
70 -0.748800 
71 -0.759800 
72 -0.771800 
73 -0.781800 
74 -0.790800 
75 -0.797800 
76 -0.804800 
77 -0.810800 
78 -0.814800 
79 -0.817800 
80 -0.819800 
81 -0.819800 
82 -0.825800 
83 -0.840800 
84 -0.866800 
85 -0.902800 
86 -0.943800 
87 -0.856800 
88 -0.793800 
89 -0.771800 
90 -0.792800 
91 -0.848800 
92 -0.926800 
93 -1.018800 
94 -1.114800 
95 -1.210800 
96 -1.299800 
97 -1.287800 
98 -1.215800 
99 -1.163800 
100 -1.131800 
101 -1.121800 
102 -1.130800 
103 -1.155800 
104 -1.195800 
105 -1.248800 
106 -1.277800 
107 -1.202800 
108 -1.112800 
109 -1.015800 
110 -0.914800 
111 -0.819800 
112 -0.738800 
113 -0.685800 
114 -0.671800 
115 -0.698800 
116 -0.752800 
117 -0.815800 
118 -0.867800 
119 -0.906800 
120 -0.940800 
121 -0.965800 

1 -0.278800 
2 -0.279800 
3 -0.290800 
4 -0.323800 
5 -0.378800 
6 -0.438800 
7 -0.489800 
8 -0.531800 
9 -0.567800 
10 -0.603800 
11 -0.645800 
12 -0.693800 
13 -0.749800 
14 -0.808800 
15 -0.869800 
16 -0.927800 
17 -0.979800 
18 -1.023800 
19 -1.055800 
20 -1.075800 
21 -1.081800 
22 -1.063800 
23 -1.048800 
24 -1.036800 
25 -1.026800 
26 -1.019800 
27 -1.015800 
28 -1.014800 
29 -1.016800 
30 -1.020800 
31 -1.026800 
32 -1.035800 
33 -1.067800 
34 -1.098800 
35 -1.126800 
36 -1.150800 
37 -1.170800 
38 -1.186800 
39 -1.197800 
40 -1.204800 
41 -1.207800 
42 -1.256800 
43 -1.332800 
44 -1.411800 
45 -1.382800 
46 -1.483800 
47 -1.480800 
48 -1.352800 
49 -1.227800 
50 -1.108800 
51 -0.999800 
52 -0.901800 
53 -0.817800 
54 -0.746800 
55 -0.851800 
56 -0.948800 
57 -0.862800 
58 -0.783800 
59 -0.715800 
60 -0.664800 
61 -0.632800 
62 -0.643800 
63 -0.655800 
64 -0.667800 
65 -0.681800 
66 -0.694800 
67 -0.708800 
68 -0.722800 
69 -0.735800 
70 -0.750800 
71 -0.778800 
72 -0.806800 
73 -0.834800 
74 -0.860800 
75 -0.885800 
76 -0.906800 
77 -0.925800 
78 -0.939800 
79 -0.950800 
80 -0.957800 
81 -0.959800 
82 -0.963800 
83 -0.977800 
84 -1.000800 
85 -1.031800 
86 -0.947800 
87 -1.001800 
88 -1.064800 
89 -1.133800 
90 -1.208800 
91 -1.288800 
92 -1.372800 
93 -1.459800 
94 -1.547800 
95 -1.494800 
96 -1.380800 
97 -1.371800 
98 -1.373800 
99 -1.311800 
100 -1.247800 
101 -1.207800 
102 -1.244800 
103 -1.295800 
104 -1.328800 
105 -1.325800 
106 -1.307800 
107 -1.311800 
108 -1.253800 
109 -1.193800 
110 -1.136800 
111 -1.082800 
112 -1.032800 
113 -0.988800 
114 -0.950800 
115 -0.922800 
116 -0.905800 
117 -0.906800 
118 -0.927800 
119 -0.958800 
120 -0.973800 
121 -0.965800 

1 -1.916800 
2 -1.905800 
3 -1.871800 
4 -1.824800 
5 -1.781800 
6 -1.755800 
7 -1.752800 
8 -1.768800 
9 -1.789800 
10 -1.799800 
11 -1.781800 
12 -1.729800 
13 -1.645800 
14 -1.543800 
15 -1.437800 
16 -1.336800 
17 -1.248800 
18 -1.176800 
19 -1.124800 
20 -1.092800 
21 -1.081800 
22 -1.101800 
23 -1.124800 
24 -1.149800 
25 -1.176800 
26 -1.204800 
27 -1.234800 
28 -1.265800 
29 -1.296800 
30 -1.328800 
31 -1.359800 
32 -1.390800 
33 -1.420800 
34 -1.448800 
35 -1.473800 
36 -1.496800 
37 -1.515800 
38 -1.531800 
39 -1.542800 
40 -1.549800 
41 -1.552800 
42 -1.538800 
43 -1.499800 
44 -1.437800 
45 -1.493800 
46 -1.577800 
47 -1.639800 
48 -1.629800 
49 -1.556800 
50 -1.479800 
51 -1.398800 
52 -1.312800 
53 -1.223800 
54 -1.131800 
55 -1.039800 
56 -0.991800 
57 -1.136800 
58 -1.265800 
59 -1.360800 
60 -1.413800 
61 -1.429800 
62 -1.426800 
63 -1.418800 
64 -1.407800 
65 -1.393800 
66 -1.378800 
67 -1.361800 
68 -1.345800 
69 -1.328800 
70 -1.311800 
71 -1.295800 
72 -1.279800 
73 -1.265800 
74 -1.251800 
75 -1.239800 
76 -1.228800 
77 -1.219800 
78 -1.212800 
79 -1.207800 
80 -1.204800 
81 -1.203800 
82 -1.193800 
83 -1.162800 
84 -1.108800 
85 -1.033800 
86 -1.071800 
87 -1.119800 
88 -1.175800 
89 -1.238800 
90 -1.306800 
91 -1.380800 
92 -1.458800 
93 -1.538800 
94 -1.619800 
95 -1.634800 
96 -1.562800 
97 -1.485800 
98 -1.472800 
99 -1.512800 
100 -1.542800 
101 -1.552800 
102 -1.539800 
103 -1.505800 
104 -1.456800 
105 -1.406800 
106 -1.362800 
107 -1.364800 
108 -1.407800 
109 -1.430800 
110 -1.439800 
111 -1.444800 
112 -1.452800 
113 -1.468800 
114 -1.494800 
115 -1.530800 
116 -1.579800 
117 -1.639800 
118 -1.710800 
119 -1.792800 
120 -1.883800 
121 -1.981800 

1 -1.916800 
2 -1.905800 
3 -1.871800 
4 -1.824800 
5 -1.781800 
6 -1.755800 
7 -1.752800 
8 -1.768800 
9 -1.789800 
10 -1.799800 
11 -1.781800 
12 -1.729800 
13 -1.645800 
14 -1.543800 
15 -1.437800 
16 -1.336800 
17 -1.248800 
18 -1.176800 
19 -1.124800 
20 -1.092800 
21 -1.081800 
22 -1.101800 
23 -1.124800 
24 -1.149800 
25 -1.176800 
26 -1.204800 
27 -1.234800 
28 -1.265800 
29 -1.296800 
30 -1.328800 
31 -1.359800 
32 -1.390800 
33 -1.420800 
34 -1.448800 
35 -1.473800 
36 -1.496800 
37 -1.515800 
38 -1.531800 
39 -1.542800 
40 -1.549800 
41 -1.552800 
42 -1.565800 
43 -1.606800 
44 -1.675800 
45 -1.725800 
46 -1.606800 
47 -1.667800 
48 -1.763800 
49 -1.868800 
50 -1.981800 
51 -2.102800 
52 -2.231800 
53 -2.367800 
54 -2.510800 
55 -2.657800 
56 -2.808800 
57 -2.959800 
58 -3.108800 
59 -3.211800 
60 -3.274800 
61 -3.359800 
62 -3.325800 
63 -3.302800 
64 -3.297800 
65 -3.311800 
66 -3.319800 
67 -3.319800 
68 -3.329800 
69 -3.351800 
70 -3.383800 
71 -3.426800 
72 -3.479800 
73 -3.541800 
74 -3.612800 
75 -3.691800 
76 -3.777800 
77 -3.868800 
78 -3.883800 
79 -3.890800 
80 -3.893800 
81 -3.894800 
82 -3.870800 
83 -3.797800 
84 -3.536800 
85 -3.278800 
86 -3.043800 
87 -2.829800 
88 -2.634800 
89 -2.455800 
90 -2.290800 
91 -2.139800 
92 -1.951800 
93 -1.779800 
94 -1.627800 
95 -1.655800 
96 -1.719800 
97 -1.710800 
98 -1.641800 
99 -1.591800 
100 -1.562800 
101 -1.552800 
102 -1.559800 
103 -1.581800 
104 -1.615800 
105 -1.656800 
106 -1.696800 
107 -1.737800 
108 -1.793800 
109 -1.875800 
110 -1.980800 
111 -2.097800 
112 -2.213800 
113 -2.314800 
114 -2.385800 
115 -2.416800 
116 -2.403800 
117 -2.353800 
118 -2.275800 
119 -2.182800 
120 -2.082800 
121 -1.981800 

1 -3.493800 
2 -3.523800 
3 -3.603800 
4 -3.698800 
5 -3.755800 
6 -3.735800 
7 -3.638800 
8 -3.496800 
9 -3.341800 
10 -3.202800 
11 -3.097800 
12 -3.035800 
13 -3.014800 
14 -3.020800 
15 -3.040800 
16 -3.065800 
17 -3.088800 
18 -3.108800 
19 -3.121800 
20 -3.129800 
21 -3.132800 
22 -3.063800 
23 -2.992800 
24 -2.920800 
25 -2.845800 
26 -2.770800 
27 -2.695800 
28 -2.620800 
29 -2.545800 
30 -2.473800 
31 -2.402800 
32 -2.334800 
33 -2.270800 
34 -2.210800 
35 -2.155800 
36 -2.106800 
37 -2.064800 
38 -2.030800 
39 -2.005800 
40 -1.989800 
41 -1.984800 
42 -1.965800 
43 -1.912800 
44 -1.829800 
45 -1.776800 
46 -1.765800 
47 -1.699800 
48 -1.825800 
49 -2.040800 
50 -2.278800 
51 -2.533800 
52 -2.789800 
53 -3.018800 
54 -3.181800 
55 -3.251800 
56 -3.248800 
57 -3.217800 
58 -3.196800 
59 -3.249800 
60 -3.363800 
61 -3.362800 
62 -3.380800 
63 -3.370800 
64 -3.349800 
65 -3.330800 
66 -3.344800 
67 -3.391800 
68 -3.451800 
69 -3.518800 
70 -3.588800 
71 -3.655800 
72 -3.716800 
73 -3.766800 
74 -3.806800 
75 -3.836800 
76 -3.858800 
77 -3.873800 
78 -3.964800 
79 -4.064800 
80 -4.164800 
81 -4.211800 
82 -4.092800 
83 -3.814800 
84 -3.677800 
85 -3.504800 
86 -3.281800 
87 -3.040800 
88 -2.798800 
89 -2.565800 
90 -2.345800 
91 -2.140800 
92 -2.000800 
93 -1.873800 
94 -1.758800 
95 -1.698800 
96 -1.774800 
97 -1.799800 
98 -1.872800 
99 -1.931800 
100 -1.970800 
101 -1.984800 
102 -1.975800 
103 -1.956800 
104 -1.938800 
105 -1.940800 
106 -1.973800 
107 -2.037800 
108 -2.127800 
109 -2.235800 
110 -2.357800 
111 -2.491800 
112 -2.635800 
113 -2.790800 
114 -2.954800 
115 -3.129800 
116 -3.312800 
117 -3.502800 
118 -3.693800 
119 -3.871800 
120 -4.009800 
121 -4.066800 

1 -3.493800 
2 -3.523800 
3 -3.603800 
4 -3.698800 
5 -3.755800 
6 -3.735800 
7 -3.638800 
8 -3.496800 
9 -3.341800 
10 -3.202800 
11 -3.097800 
12 -3.035800 
13 -3.014800 
14 -3.020800 
15 -3.040800 
16 -3.065800 
17 -3.088800 
18 -3.108800 
19 -3.121800 
20 -3.129800 
21 -3.132800 
22 -3.063800 
23 -2.992800 
24 -2.920800 
25 -2.845800 
26 -2.770800 
27 -2.695800 
28 -2.620800 
29 -2.545800 
30 -2.473800 
31 -2.402800 
32 -2.334800 
33 -2.270800 
34 -2.210800 
35 -2.155800 
36 -2.106800 
37 -2.064800 
38 -2.030800 
39 -2.005800 
40 -1.989800 
41 -1.984800 
42 -1.971800 
43 -1.936800 
44 -1.886800 
45 -1.828800 
46 -1.908800 
47 -2.070800 
48 -2.260800 
49 -2.476800 
50 -2.714800 
51 -2.971800 
52 -3.239800 
53 -3.513800 
54 -3.780800 
55 -3.887800 
56 -3.861800 
57 -3.832800 
58 -3.805800 
59 -3.783800 
60 -3.669800 
61 -3.627800 
62 -3.621800 
63 -3.662800 
64 -3.733800 
65 -3.788800 
66 -3.805800 
67 -3.825800 
68 -3.848800 
69 -3.876800 
70 -3.906800 
71 -3.940800 
72 -3.975800 
73 -4.012800 
74 -4.049800 
75 -4.085800 
76 -4.119800 
77 -4.150800 
78 -4.176800 
79 -4.195800 
80 -4.207800 
81 -4.263800 
82 -4.205800 
83 -4.050800 
84 -3.846800 
85 -3.635800 
86 -3.441800 
87 -3.251800 
88 -3.059800 
89 -2.867800 
90 -2.678800 
91 -2.498800 
92 -2.328800 
93 -2.171800 
94 -2.030800 
95 -1.905800 
96 -1.799800 
97 -1.842800 
98 -1.901800 
99 -1.946800 
100 -1.974800 
101 -1.984800 
102 -1.979800 
103 -1.968800 
104 -1.957800 
105 -1.956800 
106 -1.981800 
107 -2.042800 
108 -2.139800 
109 -2.264800 
110 -2.410800 
111 -2.575800 
112 -2.754800 
113 -2.944800 
114 -3.141800 
115 -3.338800 
116 -3.531800 
117 -3.709800 
118 -3.864800 
119 -3.985800 
120 -4.050800 
121 -4.066800 

1 -5.121800 
2 -5.055800 
3 -4.917800 
4 -4.755800 
5 -4.588800 
6 -4.423800 
7 -4.262800 
8 -4.103800 
9 -3.948800 
10 -3.800800 
11 -3.664800 
12 -3.541800 
13 -3.435800 
14 -3.346800 
15 -3.274800 
16 -3.219800 
17 -3.180800 
18 -3.155800 
19 -3.141800 
20 -3.134800 
21 -3.132800 
22 -3.197800 
23 -3.259800 
24 -3.316800 
25 -3.370800 
26 -3.419800 
27 -3.462800 
28 -3.501800 
29 -3.535800 
30 -3.563800 
31 -3.587800 
32 -3.607800 
33 -3.622800 
34 -3.634800 
35 -3.643800 
36 -3.649800 
37 -3.653800 
38 -3.655800 
39 -3.657800 
40 -3.658800 
41 -3.658800 
42 -3.667800 
43 -3.692800 
44 -3.729800 
45 -3.772800 
46 -3.816800 
47 -3.856800 
48 -3.890800 
49 -3.916800 
50 -3.933800 
51 -3.940800 
52 -3.939800 
53 -3.928800 
54 -3.911800 
55 -4.027800 
56 -4.225800 
57 -4.302800 
58 -4.154800 
59 -3.890800 
60 -3.760800 
61 -3.630800 
62 -3.673800 
63 -3.728800 
64 -3.776800 
65 -3.817800 
66 -3.899800 
67 -3.955800 
68 -4.012800 
69 -4.070800 
70 -4.131800 
71 -4.197800 
72 -4.270800 
73 -4.347800 
74 -4.425800 
75 -4.497800 
76 -4.557800 
77 -4.545800 
78 -4.504800 
79 -4.439800 
80 -4.357800 
81 -4.264800 
82 -4.210800 
83 -4.205800 
84 -4.196800 
85 -4.184800 
86 -4.169800 
87 -4.149800 
88 -4.125800 
89 -4.097800 
90 -4.064800 
91 -4.027800 
92 -3.986800 
93 -3.942800 
94 -3.895800 
95 -3.847800 
96 -3.800800 
97 -3.755800 
98 -3.716800 
99 -3.685800 
100 -3.665800 
101 -3.658800 
102 -3.664800 
103 -3.683800 
104 -3.710800 
105 -3.741800 
106 -3.770800 
107 -3.792800 
108 -3.804800 
109 -3.803800 
110 -3.791800 
111 -3.769800 
112 -3.744800 
113 -3.727800 
114 -3.728800 
115 -3.758800 
116 -3.817800 
117 -3.895800 
118 -3.978800 
119 -4.025800 
120 -4.066800 
121 -4.101800 

1 -5.121800 
2 -5.055800 
3 -4.917800 
4 -4.755800 
5 -4.588800 
6 -4.423800 
7 -4.262800 
8 -4.103800 
9 -3.948800 
10 -3.800800 
11 -3.664800 
12 -3.541800 
13 -3.435800 
14 -3.346800 
15 -3.274800 
16 -3.219800 
17 -3.180800 
18 -3.155800 
19 -3.141800 
20 -3.134800 
21 -3.132800 
22 -3.197800 
23 -3.259800 
24 -3.316800 
25 -3.370800 
26 -3.419800 
27 -3.462800 
28 -3.501800 
29 -3.535800 
30 -3.563800 
31 -3.587800 
32 -3.607800 
33 -3.622800 
34 -3.634800 
35 -3.643800 
36 -3.649800 
37 -3.653800 
38 -3.655800 
39 -3.657800 
40 -3.658800 
41 -3.658800 
42 -3.693800 
43 -3.793800 
44 -3.947800 
45 -4.143800 
46 -4.371800 
47 -4.624800 
48 -4.895800 
49 -4.906800 
50 -4.795800 
51 -4.686800 
52 -4.597800 
53 -4.549800 
54 -4.568800 
55 -4.632800 
56 -4.616800 
57 -4.443800 
58 -4.200800 
59 -3.961800 
60 -3.767800 
61 -3.761800 
62 -3.762800 
63 -3.767800 
64 -3.785800 
65 -3.842800 
66 -3.908800 
67 -4.000800 
68 -4.092800 
69 -4.181800 
70 -4.265800 
71 -4.344800 
72 -4.414800 
73 -4.474800 
74 -4.520800 
75 -4.551800 
76 -4.560800 
77 -4.601800 
78 -4.631800 
79 -4.649800 
80 -4.659800 
81 -4.662800 
82 -4.817800 
83 -4.781800 
84 -4.639800 
85 -4.554800 
86 -4.523800 
87 -4.538800 
88 -4.589800 
89 -4.664800 
90 -4.753800 
91 -4.848800 
92 -4.942800 
93 -4.828800 
94 -4.610800 
95 -4.401800 
96 -4.205800 
97 -4.029800 
98 -3.878800 
99 -3.760800 
100 -3.684800 
101 -3.658800 
102 -3.684800 
103 -3.754800 
104 -3.854800 
105 -3.966800 
106 -4.073800 
107 -4.165800 
108 -4.236800 
109 -4.285800 
110 -4.312800 
111 -4.318800 
112 -4.305800 
113 -4.273800 
114 -4.226800 
115 -4.167800 
116 -4.105800 
117 -4.053800 
118 -4.023800 
119 -4.048800 
120 -4.093800 
121 -4.101800 

1 -5.320800 
2 -5.353800 
3 -5.407800 
4 -5.476800 
5 -5.595800 
6 -5.801800 
7 -6.096800 
8 -6.454800 
9 -6.842800 
10 -7.229800 
11 -7.588800 
12 -7.894800 
13 -8.138800 
14 -8.323800 
15 -8.459800 
16 -8.553800 
17 -8.605800 
18 -8.587800 
19 -8.521800 
20 -8.477800 
21 -8.462800 
22 -8.393800 
23 -8.321800 
24 -8.247800 
25 -8.053800 
26 -7.811800 
27 -7.567800 
28 -7.325800 
29 -7.087800 
30 -6.855800 
31 -6.631800 
32 -6.419800 
33 -6.219800 
34 -6.035800 
35 -5.869800 
36 -5.723800 
37 -5.600800 
38 -5.502800 
39 -5.430800 
40 -5.386800 
41 -5.371800 
42 -5.364800 
43 -5.344800 
44 -5.308800 
45 -5.257800 
46 -5.190800 
47 -5.108800 
48 -5.012800 
49 -5.180800 
50 -5.476800 
51 -5.781800 
52 -6.092800 
53 -6.407800 
54 -6.142800 
55 -5.839800 
56 -5.400800 
57 -5.078800 
58 -4.984800 
59 -5.021800 
60 -5.064800 
61 -5.080800 
62 -5.077800 
63 -5.067800 
64 -5.052800 
65 -5.034800 
66 -5.014800 
67 -4.994800 
68 -4.975800 
69 -4.958800 
70 -4.945800 
71 -4.938800 
72 -4.938800 
73 -4.947800 
74 -4.971800 
75 -5.012800 
76 -5.073800 
77 -5.155800 
78 -5.250800 
79 -5.233800 
80 -5.214800 
81 -5.208800 
82 -5.036800 
83 -5.152800 
84 -5.455800 
85 -5.775800 
86 -6.108800 
87 -6.138800 
88 -5.938800 
89 -5.725800 
90 -5.504800 
91 -5.279800 
92 -5.053800 
93 -5.030800 
94 -5.110800 
95 -5.180800 
96 -5.239800 
97 -5.288800 
98 -5.325800 
99 -5.351800 
100 -5.366800 
101 -5.371800 
102 -5.381800 
103 -5.410800 
104 -5.460800 
105 -5.530800 
106 -5.619800 
107 -5.723800 
108 -5.834800 
109 -5.939800 
110 -6.025800 
111 -6.078800 
112 -6.089800 
113 -6.055800 
114 -5.980800 
115 -5.873800 
116 -5.742800 
117 -5.593800 
118 -5.432800 
119 -5.272800 
120 -5.142800 
121 -5.088800 

1 -5.320800 
2 -5.353800 
3 -5.407800 
4 -5.476800 
5 -5.595800 
6 -5.801800 
7 -6.096800 
8 -6.454800 
9 -6.842800 
10 -7.229800 
11 -7.588800 
12 -7.894800 
13 -8.138800 
14 -8.323800 
15 -8.459800 
16 -8.553800 
17 -8.605800 
18 -8.587800 
19 -8.521800 
20 -8.477800 
21 -8.462800 
22 -8.393800 
23 -8.321800 
24 -8.247800 
25 -8.170800 
26 -8.091800 
27 -8.012800 
28 -7.932800 
29 -7.853800 
30 -7.775800 
31 -7.700800 
32 -7.628800 
33 -7.560800 
34 -7.498800 
35 -7.442800 
36 -7.392800 
37 -7.351800 
38 -7.318800 
39 -7.294800 
40 -7.280800 
41 -7.275800 
42 -7.301800 
43 -7.379800 
44 -7.510800 
45 -7.687800 
46 -7.899800 
47 -8.118800 
48 -8.248800 
49 -8.065800 
50 -7.726800 
51 -7.336800 
52 -6.925800 
53 -6.517800 
54 -6.312800 
55 -5.863800 
56 -5.800800 
57 -6.001800 
58 -6.351800 
59 -6.758800 
60 -7.170800 
61 -7.485800 
62 -7.436800 
63 -7.305800 
64 -7.154800 
65 -6.997800 
66 -6.837800 
67 -6.677800 
68 -6.517800 
69 -6.358800 
70 -6.202800 
71 -6.049800 
72 -5.902800 
73 -5.761800 
74 -5.629800 
75 -5.510800 
76 -5.408800 
77 -5.327800 
78 -5.269800 
79 -5.346800 
80 -5.426800 
81 -5.459800 
82 -5.719800 
83 -6.135800 
84 -6.434800 
85 -6.484800 
86 -6.322800 
87 -6.451800 
88 -6.800800 
89 -7.151800 
90 -7.497800 
91 -7.831800 
92 -8.142800 
93 -8.188800 
94 -8.044800 
95 -7.878800 
96 -7.716800 
97 -7.568800 
98 -7.445800 
99 -7.352800 
100 -7.294800 
101 -7.275800 
102 -7.299800 
103 -7.371800 
104 -7.487800 
105 -7.641800 
106 -7.825800 
107 -8.026800 
108 -8.230800 
109 -8.412800 
110 -8.435800 
111 -8.279800 
112 -8.130800 
113 -7.964800 
114 -7.681800 
115 -7.234800 
116 -6.732800 
117 -6.244800 
118 -5.802800 
119 -5.436800 
120 -5.182800 
121 -5.088800 

1 -7.031800 
2 -7.060800 
3 -7.142800 
4 -7.266800 
5 -7.419800 
6 -7.591800 
7 -7.770800 
8 -7.952800 
9 -8.134800 
10 -8.315800 
11 -8.498800 
12 -8.680800 
13 -8.850800 
14 -8.902800 
15 -8.835800 
16 -8.754800 
17 -8.668800 
18 -8.604800 
19 -8.552800 
20 -8.489800 
21 -8.462800 
22 -8.528800 
23 -8.522800 
24 -8.291800 
25 -8.170800 
26 -8.091800 
27 -8.012800 
28 -7.932800 
29 -7.853800 
30 -7.775800 
31 -7.700800 
32 -7.628800 
33 -7.560800 
34 -7.498800 
35 -7.442800 
36 -7.392800 
37 -7.351800 
38 -7.318800 
39 -7.294800 
40 -7.280800 
41 -7.275800 
42 -7.415800 
43 -7.802800 
44 -8.344800 
45 -8.545800 
46 -8.719800 
47 -8.716800 
48 -8.520800 
49 -8.276800 
50 -7.980800 
51 -7.630800 
52 -7.228800 
53 -6.783800 
54 -6.723800 
55 -7.038800 
56 -7.350800 
57 -7.655800 
58 -7.851800 
59 -7.702800 
60 -7.584800 
61 -7.489800 
62 -7.446800 
63 -7.402800 
64 -7.358800 
65 -7.313800 
66 -7.264800 
67 -7.210800 
68 -7.150800 
69 -7.084800 
70 -7.010800 
71 -6.930800 
72 -6.842800 
73 -6.747800 
74 -6.646800 
75 -6.539800 
76 -6.427800 
77 -6.313800 
78 -6.199800 
79 -6.093800 
80 -6.009800 
81 -5.975800 
82 -6.038800 
83 -6.205800 
84 -6.607800 
85 -6.693800 
86 -6.963800 
87 -7.233800 
88 -7.494800 
89 -7.740800 
90 -7.962800 
91 -8.148800 
92 -8.247800 
93 -8.421800 
94 -8.658800 
95 -8.756800 
96 -8.601800 
97 -8.463800 
98 -8.122800 
99 -7.681800 
100 -7.381800 
101 -7.275800 
102 -7.384800 
103 -7.663800 
104 -7.981800 
105 -8.234800 
106 -8.439800 
107 -8.616800 
108 -8.715800 
109 -8.593800 
110 -8.514800 
111 -8.503800 
112 -8.451800 
113 -8.394800 
114 -8.306800 
115 -8.163800 
116 -8.111800 
117 -8.100800 
118 -8.119800 
119 -8.162800 
120 -8.228800 
121 -8.313800 

1 -7.031800 
2 -7.060800 
3 -7.142800 
4 -7.266800 
5 -7.419800 
6 -7.591800 
7 -7.770800 
8 -7.952800 
9 -8.134800 
10 -8.315800 
11 -8.498800 
12 -8.680800 
13 -8.850800 
14 -8.902800 
15 -8.835800 
16 -8.754800 
17 -8.668800 
18 -8.604800 
19 -8.552800 
20 -8.489800 
21 -8.462800 
22 -8.528800 
23 -8.591800 
24 -8.651800 
25 -8.707800 
26 -8.760800 
27 -8.810800 
28 -8.857800 
29 -8.901800 
30 -8.941800 
31 -8.979800 
32 -9.014800 
33 -9.046800 
34 -9.070800 
35 -8.887800 
36 -8.707800 
37 -8.539800 
38 -8.394800 
39 -8.283800 
40 -8.212800 
41 -8.188800 
42 -8.213800 
43 -8.284800 
44 -8.397800 
45 -8.888800 
46 -8.866800 
47 -8.768800 
48 -8.624800 
49 -8.721800 
50 -8.897800 
51 -9.044800 
52 -9.139800 
53 -9.084800 
54 -8.785800 
55 -8.505800 
56 -8.254800 
57 -8.034800 
58 -7.950800 
59 -8.231800 
60 -7.995800 
61 -7.790800 
62 -7.878800 
63 -8.035800 
64 -8.195800 
65 -8.253800 
66 -8.127800 
67 -8.000800 
68 -7.873800 
69 -7.748800 
70 -7.626800 
71 -7.507800 
72 -7.392800 
73 -7.284800 
74 -7.182800 
75 -7.090800 
76 -7.007800 
77 -6.937800 
78 -6.880800 
79 -6.838800 
80 -6.813800 
81 -6.804800 
82 -6.783800 
83 -6.720800 
84 -6.618800 
85 -7.115800 
86 -7.641800 
87 -8.168800 
88 -8.675800 
89 -8.849800 
90 -8.763800 
91 -8.666800 
92 -8.607800 
93 -8.665800 
94 -8.775800 
95 -8.843800 
96 -8.944800 
97 -8.624800 
98 -8.347800 
99 -8.260800 
100 -8.207800 
101 -8.188800 
102 -8.232800 
103 -8.379800 
104 -8.675800 
105 -9.034800 
106 -8.967800 
107 -8.894800 
108 -8.824800 
109 -8.769800 
110 -8.776800 
111 -8.869800 
112 -8.964800 
113 -8.622800 
114 -8.337800 
115 -8.287800 
116 -8.244800 
117 -8.216800 
118 -8.206800 
119 -8.221800 
120 -8.266800 
121 -8.313800 

1 -8.463800 
2 -8.470800 
3 -8.494800 
4 -8.535800 
5 -8.591800 
6 -8.659800 
7 -8.734800 
8 -8.808800 
9 -8.875800 
10 -8.928800 
11 -8.961800 
12 -8.968800 
13 -8.949800 
14 -8.987800 
15 -9.067800 
16 -9.081800 
17 -9.043800 
18 -8.990800 
19 -8.959800 
20 -8.950800 
21 -8.949800 
22 -8.742800 
23 -8.591800 
24 -8.651800 
25 -8.707800 
26 -8.760800 
27 -8.810800 
28 -8.857800 
29 -8.901800 
30 -8.941800 
31 -8.979800 
32 -9.014800 
33 -9.046800 
34 -9.075800 
35 -9.100800 
36 -9.122800 
37 -9.140800 
38 -9.154800 
39 -9.164800 
40 -9.171800 
41 -9.173800 
42 -9.163800 
43 -9.133800 
44 -9.080800 
45 -9.039800 
46 -8.941800 
47 -8.906800 
48 -9.095800 
49 -9.273800 
50 -9.431800 
51 -9.560800 
52 -9.388800 
53 -9.176800 
54 -9.151800 
55 -9.067800 
56 -8.929800 
57 -8.745800 
58 -8.521800 
59 -8.267800 
60 -8.495800 
61 -8.738800 
62 -8.623800 
63 -8.502800 
64 -8.379800 
65 -8.346800 
66 -8.483800 
67 -8.603800 
68 -8.705800 
69 -8.788800 
70 -8.853800 
71 -8.899800 
72 -8.929800 
73 -8.943800 
74 -8.945800 
75 -8.936800 
76 -8.922800 
77 -8.903800 
78 -8.885800 
79 -8.870800 
80 -8.860800 
81 -8.857800 
82 -8.864800 
83 -8.884800 
84 -8.910800 
85 -8.934800 
86 -8.947800 
87 -8.941800 
88 -8.909800 
89 -9.140800 
90 -9.508800 
91 -9.383800 
92 -9.239800 
93 -9.082800 
94 -8.919800 
95 -8.883800 
96 -8.975800 
97 -9.049800 
98 -9.105800 
99 -9.143800 
100 -9.165800 
101 -9.173800 
102 -9.163800 
103 -9.136800 
104 -9.092800 
105 -9.041800 
106 -9.004800 
107 -8.903800 
108 -8.827800 
109 -8.922800 
110 -9.007800 
111 -9.044800 
112 -8.970800 
113 -9.024800 
114 -9.025800 
115 -8.941800 
116 -8.844800 
117 -8.738800 
118 -8.628800 
119 -8.517800 
120 -8.411800 
121 -8.343800 

1 -8.463800 
2 -8.470800 
3 -8.494800 
4 -8.535800 
5 -8.591800 
6 -8.659800 
7 -8.734800 
8 -8.808800 
9 -8.875800 
10 -8.928800 
11 -8.961800 
12 -8.968800 
13 -8.949800 
14 -8.987800 
15 -9.067800 
16 -9.081800 
17 -9.043800 
18 -8.990800 
19 -8.959800 
20 -8.950800 
21 -8.949800 
22 -9.138800 
23 -9.306800 
24 -9.449800 
25 -9.564800 
26 -9.648800 
27 -9.697800 
28 -9.709800 
29 -9.685800 
30 -9.623800 
31 -9.526800 
32 -9.397800 
33 -9.242800 
34 -9.075800 
35 -9.100800 
36 -9.122800 
37 -9.140800 
38 -9.154800 
39 -9.164800 
40 -9.171800 
41 -9.173800 
42 -9.172800 
43 -9.165800 
44 -9.135800 
45 -9.064800 
46 -9.461800 
47 -9.828800 
48 -10.017800 
49 -10.032800 
50 -9.902800 
51 -9.673800 
52 -9.652800 
53 -9.703800 
54 -9.712800 
55 -9.679800 
56 -9.605800 
57 -9.494800 
58 -9.348800 
59 -9.172800 
60 -8.970800 
61 -8.748800 
62 -8.858800 
63 -8.964800 
64 -9.064800 
65 -9.157800 
66 -9.243800 
67 -9.322800 
68 -9.394800 
69 -9.458800 
70 -9.517800 
71 -9.568800 
72 -9.613800 
73 -9.652800 
74 -9.685800 
75 -9.713800 
76 -9.736800 
77 -9.754800 
78 -9.768800 
79 -9.778800 
80 -9.783800 
81 -9.785800 
82 -9.787800 
83 -9.792800 
84 -9.795800 
85 -9.792800 
86 -9.777800 
87 -9.743800 
88 -9.689800 
89 -9.610800 
90 -9.536800 
91 -9.835800 
92 -10.008800 
93 -10.031800 
94 -9.893800 
95 -9.601800 
96 -9.211800 
97 -9.114800 
98 -9.151800 
99 -9.168800 
100 -9.173800 
101 -9.173800 
102 -9.171800 
103 -9.162800 
104 -9.141800 
105 -9.169800 
106 -9.579800 
107 -9.914800 
108 -10.079800 
109 -10.058800 
110 -9.868800 
111 -9.549800 
112 -9.213800 
113 -9.095800 
114 -9.037800 
115 -9.004800 
116 -8.930800 
117 -8.825800 
118 -8.700800 
119 -8.570800 
120 -8.446800 
121 -8.343800 

