1 13.155700 
2 13.136700 
3 13.078700 
4 12.987700 
5 12.866700 
6 12.726700 
7 12.578700 
8 12.436700 
9 12.317700 
10 12.238700 
11 12.210700 
12 12.231700 
13 12.294700 
14 12.396700 
15 12.533700 
16 12.701700 
17 12.893700 
18 13.104700 
19 13.325700 
20 13.552700 
21 13.778700 
22 13.998700 
23 14.205700 
24 14.397700 
25 14.570700 
26 14.720700 
27 14.846700 
28 14.946700 
29 15.019700 
30 15.062700 
31 15.077700 
32 15.058700 
33 15.000700 
34 14.908700 
35 14.787700 
36 14.647700 
37 14.498700 
38 14.355700 
39 14.235700 
40 14.155700 
41 14.127700 
42 14.107700 
43 14.048700 
44 13.954700 
45 13.830700 
46 13.686700 
47 13.534700 
48 13.388700 
49 13.266700 
50 13.184700 
51 13.155700 
52 13.170700 
53 13.213700 
54 13.282700 
55 13.376700 
56 13.490700 
57 13.620700 
58 13.761700 
59 13.910700 
60 14.062700 
61 14.213700 
62 14.358700 
63 14.497700 
64 14.624700 
65 14.739700 
66 14.839700 
67 14.923700 
68 14.990700 
69 15.038700 
70 15.067700 
71 15.077700 
72 15.062700 
73 15.019700 
74 14.946700 
75 14.846700 
76 14.720700 
77 14.570700 
78 14.397700 
79 14.205700 
80 13.998700 
81 13.778700 
82 13.552700 
83 13.325700 
84 13.104700 
85 12.893700 
86 12.701700 
87 12.533700 
88 12.396700 
89 12.294700 
90 12.231700 
91 12.210700 

1 3.429700 
2 3.417700 
3 3.378700 
4 3.315700 
5 3.229700 
6 3.124700 
7 3.009700 
8 2.897700 
9 2.802700 
10 2.738700 
11 2.715700 
12 2.708700 
13 2.687700 
14 2.650700 
15 2.597700 
16 2.525700 
17 2.432700 
18 2.319700 
19 2.184700 
20 2.027700 
21 1.849700 
22 1.651700 
23 1.438700 
24 1.213700 
25 0.982700 
26 0.754700 
27 0.538700 
28 0.348700 
29 0.198700 
30 0.100700 
31 0.066700 
32 0.206700 
33 0.586700 
34 1.125700 
35 1.740700 
36 2.365700 
37 2.949700 
38 3.451700 
39 3.838700 
40 4.083700 
41 4.166700 
42 4.155700 
43 4.120700 
44 4.059700 
45 3.974700 
46 3.868700 
47 3.749700 
48 3.629700 
49 3.526700 
50 3.455700 
51 3.429700 
52 3.417700 
53 3.379700 
54 3.316700 
55 3.227700 
56 3.111700 
57 2.969700 
58 2.801700 
59 2.608700 
60 2.392700 
61 2.156700 
62 1.903700 
63 1.637700 
64 1.365700 
65 1.093700 
66 0.829700 
67 0.585700 
68 0.374700 
69 0.209700 
70 0.103700 
71 0.066700 
72 0.100700 
73 0.198700 
74 0.348700 
75 0.538700 
76 0.754700 
77 0.982700 
78 1.213700 
79 1.438700 
80 1.651700 
81 1.849700 
82 2.027700 
83 2.184700 
84 2.319700 
85 2.432700 
86 2.525700 
87 2.597700 
88 2.650700 
89 2.687700 
90 2.708700 
91 2.715700 

1 3.429700 
2 3.417700 
3 3.378700 
4 3.315700 
5 3.229700 
6 3.124700 
7 3.009700 
8 2.897700 
9 2.802700 
10 2.738700 
11 2.715700 
12 2.708700 
13 2.687700 
14 2.650700 
15 2.597700 
16 2.525700 
17 2.432700 
18 2.319700 
19 2.184700 
20 2.027700 
21 1.849700 
22 1.651700 
23 1.438700 
24 1.213700 
25 0.982700 
26 0.754700 
27 0.538700 
28 0.348700 
29 0.198700 
30 0.100700 
31 0.066700 
32 0.056700 
33 0.023700 
34 -0.028300 
35 -0.098300 
36 -0.179300 
37 -0.266300 
38 -0.349300 
39 -0.417300 
40 -0.463300 
41 -0.479300 
42 -0.348300 
43 0.010700 
44 0.523700 
45 1.112700 
46 1.711700 
47 2.271700 
48 2.751700 
49 3.119700 
50 3.350700 
51 3.429700 
52 3.415700 
53 3.371700 
54 3.298700 
55 3.196700 
56 3.063700 
57 2.902700 
58 2.714700 
59 2.500700 
60 2.265700 
61 2.012700 
62 1.748700 
63 1.479700 
64 1.211700 
65 0.952700 
66 0.711700 
67 0.496700 
68 0.316700 
69 0.180700 
70 0.095700 
71 0.066700 
72 0.100700 
73 0.198700 
74 0.348700 
75 0.538700 
76 0.754700 
77 0.982700 
78 1.213700 
79 1.438700 
80 1.651700 
81 1.849700 
82 2.027700 
83 2.184700 
84 2.319700 
85 2.432700 
86 2.525700 
87 2.597700 
88 2.650700 
89 2.687700 
90 2.708700 
91 2.715700 

1 -0.987300 
2 -0.867300 
3 -0.536300 
4 -0.057300 
5 0.497700 
6 1.067700 
7 1.603700 
8 2.063700 
9 2.417700 
10 2.639700 
11 2.715700 
12 2.707700 
13 2.680700 
14 2.634700 
15 2.568700 
16 2.480700 
17 2.370700 
18 2.234700 
19 2.075700 
20 1.892700 
21 1.688700 
22 1.469700 
23 1.241700 
24 1.012700 
25 0.791700 
26 0.587700 
27 0.409700 
28 0.263700 
29 0.155700 
30 0.089700 
31 0.066700 
32 0.056700 
33 0.023700 
34 -0.028300 
35 -0.098300 
36 -0.179300 
37 -0.266300 
38 -0.349300 
39 -0.417300 
40 -0.463300 
41 -0.479300 
42 -0.489300 
43 -0.520300 
44 -0.570300 
45 -0.635300 
46 -0.711300 
47 -0.792300 
48 -0.868300 
49 -0.930300 
50 -0.972300 
51 -0.987300 
52 -0.979300 
53 -0.957300 
54 -0.922300 
55 -0.874300 
56 -0.814300 
57 -0.746300 
58 -0.670300 
59 -0.589300 
60 -0.505300 
61 -0.422300 
62 -0.340300 
63 -0.261300 
64 -0.189300 
65 -0.124300 
66 -0.067300 
67 -0.019300 
68 0.017700 
69 0.045700 
70 0.061700 
71 0.066700 
72 0.089700 
73 0.155700 
74 0.263700 
75 0.409700 
76 0.587700 
77 0.791700 
78 1.012700 
79 1.241700 
80 1.469700 
81 1.688700 
82 1.892700 
83 2.075700 
84 2.234700 
85 2.370700 
86 2.480700 
87 2.568700 
88 2.634700 
89 2.680700 
90 2.707700 
91 2.715700 

1 -4.699300 
2 -4.723300 
3 -4.794300 
4 -4.905300 
5 -5.049300 
6 -5.213300 
7 -5.382300 
8 -5.539300 
9 -5.666300 
10 -5.750300 
11 -5.779300 
12 -5.798300 
13 -5.855300 
14 -5.950300 
15 -6.086300 
16 -6.262300 
17 -6.477300 
18 -6.730300 
19 -7.016300 
20 -7.330300 
21 -7.661300 
22 -8.000300 
23 -8.334300 
24 -8.488300 
25 -8.124300 
26 -7.767300 
27 -7.436300 
28 -7.150300 
29 -6.928300 
30 -6.787300 
31 -6.738300 
32 -6.753300 
33 -6.797300 
34 -6.867300 
35 -6.956300 
36 -7.057300 
37 -7.161300 
38 -7.257300 
39 -7.335300 
40 -7.386300 
41 -7.403300 
42 -7.480300 
43 -7.679300 
44 -7.393300 
45 -6.868300 
46 -6.320300 
47 -5.800300 
48 -5.348300 
49 -4.998300 
50 -4.775300 
51 -4.699300 
52 -4.737300 
53 -4.851300 
54 -5.035300 
55 -5.285300 
56 -5.590300 
57 -5.941300 
58 -6.327300 
59 -6.735300 
60 -7.154300 
61 -7.568300 
62 -7.811300 
63 -7.648300 
64 -7.484300 
65 -7.322300 
66 -7.168300 
67 -7.028300 
68 -6.909300 
69 -6.817300 
70 -6.758300 
71 -6.738300 
72 -6.787300 
73 -6.928300 
74 -7.150300 
75 -7.436300 
76 -7.767300 
77 -8.124300 
78 -8.488300 
79 -8.334300 
80 -8.000300 
81 -7.661300 
82 -7.330300 
83 -7.016300 
84 -6.730300 
85 -6.477300 
86 -6.262300 
87 -6.086300 
88 -5.950300 
89 -5.855300 
90 -5.798300 
91 -5.779300 

1 -8.680300 
2 -8.596300 
3 -8.359300 
4 -8.005300 
5 -7.579300 
6 -7.131300 
7 -6.700300 
8 -6.323300 
9 -6.030300 
10 -5.843300 
11 -5.779300 
12 -5.807300 
13 -5.890300 
14 -6.025300 
15 -6.210300 
16 -6.437300 
17 -6.701300 
18 -6.995300 
19 -7.308300 
20 -7.631300 
21 -7.955300 
22 -8.268300 
23 -8.556300 
24 -8.488300 
25 -8.124300 
26 -7.767300 
27 -7.436300 
28 -7.150300 
29 -6.928300 
30 -6.787300 
31 -6.738300 
32 -6.850300 
33 -7.149300 
34 -7.552300 
35 -7.979300 
36 -8.373300 
37 -8.701300 
38 -8.547300 
39 -8.385300 
40 -8.280300 
41 -8.244300 
42 -8.138300 
43 -7.837300 
44 -7.930300 
45 -8.176300 
46 -8.393300 
47 -8.523300 
48 -8.586300 
49 -8.636300 
50 -8.668300 
51 -8.680300 
52 -8.684300 
53 -8.695300 
54 -8.715300 
55 -8.744300 
56 -8.649300 
57 -8.538300 
58 -8.412300 
59 -8.275300 
60 -8.128300 
61 -7.974300 
62 -7.970300 
63 -8.341300 
64 -8.369300 
65 -8.024300 
66 -7.690300 
67 -7.383300 
68 -7.119300 
69 -6.914300 
70 -6.783300 
71 -6.738300 
72 -6.787300 
73 -6.928300 
74 -7.150300 
75 -7.436300 
76 -7.767300 
77 -8.124300 
78 -8.488300 
79 -8.556300 
80 -8.268300 
81 -7.955300 
82 -7.631300 
83 -7.308300 
84 -6.995300 
85 -6.701300 
86 -6.437300 
87 -6.210300 
88 -6.025300 
89 -5.890300 
90 -5.807300 
91 -5.779300 

1 -8.680300 
2 -8.596300 
3 -8.359300 
4 -8.005300 
5 -7.579300 
6 -7.131300 
7 -6.700300 
8 -6.323300 
9 -6.030300 
10 -5.843300 
11 -5.779300 
12 -5.807300 
13 -5.890300 
14 -6.025300 
15 -6.210300 
16 -6.437300 
17 -6.701300 
18 -6.995300 
19 -7.308300 
20 -7.631300 
21 -7.955300 
22 -8.268300 
23 -8.556300 
24 -8.650300 
25 -8.937300 
26 -9.184300 
27 -9.384300 
28 -9.536300 
29 -9.641300 
30 -9.701300 
31 -9.721300 
32 -9.684300 
33 -9.576300 
34 -9.411300 
35 -9.204300 
36 -8.977300 
37 -8.751300 
38 -8.547300 
39 -8.385300 
40 -8.280300 
41 -8.244300 
42 -8.254300 
43 -8.284300 
44 -8.330300 
45 -8.389300 
46 -8.455300 
47 -8.575300 
48 -8.722300 
49 -8.797300 
50 -8.710300 
51 -8.680300 
52 -8.685300 
53 -8.702300 
54 -8.729300 
55 -8.744300 
56 -8.781300 
57 -8.827300 
58 -8.881300 
59 -8.944300 
60 -9.015300 
61 -9.093300 
62 -9.044300 
63 -8.713300 
64 -8.676300 
65 -8.967300 
66 -9.209300 
67 -9.401300 
68 -9.545300 
69 -9.644300 
70 -9.702300 
71 -9.721300 
72 -9.701300 
73 -9.641300 
74 -9.536300 
75 -9.384300 
76 -9.184300 
77 -8.937300 
78 -8.650300 
79 -8.556300 
80 -8.268300 
81 -7.955300 
82 -7.631300 
83 -7.308300 
84 -6.995300 
85 -6.701300 
86 -6.437300 
87 -6.210300 
88 -6.025300 
89 -5.890300 
90 -5.807300 
91 -5.779300 

1 -8.922300 
2 -9.012300 
3 -9.254300 
4 -9.581300 
5 -9.918300 
6 -10.208300 
7 -10.414300 
8 -10.530300 
9 -10.563300 
10 -10.568300 
11 -10.569300 
12 -10.570300 
13 -10.571300 
14 -10.564300 
15 -10.539300 
16 -10.484300 
17 -10.390300 
18 -10.250300 
19 -10.060300 
20 -9.821300 
21 -9.538300 
22 -9.218300 
23 -8.877300 
24 -8.849300 
25 -9.080300 
26 -9.280300 
27 -9.442300 
28 -9.566300 
29 -9.653300 
30 -9.704300 
31 -9.721300 
32 -9.684300 
33 -9.576300 
34 -9.411300 
35 -9.204300 
36 -8.977300 
37 -8.751300 
38 -8.950300 
39 -9.120300 
40 -9.217300 
41 -9.249300 
42 -9.291300 
43 -9.415300 
44 -9.610300 
45 -9.468300 
46 -9.284300 
47 -9.099300 
48 -8.931300 
49 -8.831300 
50 -8.899300 
51 -8.922300 
52 -8.911300 
53 -8.876300 
54 -8.820300 
55 -8.767300 
56 -8.814300 
57 -8.870300 
58 -8.934300 
59 -9.005300 
60 -9.081300 
61 -9.161300 
62 -9.176300 
63 -9.262300 
64 -9.348300 
65 -9.432300 
66 -9.511300 
67 -9.581300 
68 -9.640300 
69 -9.684300 
70 -9.712300 
71 -9.721300 
72 -9.704300 
73 -9.653300 
74 -9.566300 
75 -9.442300 
76 -9.280300 
77 -9.080300 
78 -8.849300 
79 -8.877300 
80 -9.218300 
81 -9.538300 
82 -9.821300 
83 -10.060300 
84 -10.250300 
85 -10.390300 
86 -10.484300 
87 -10.539300 
88 -10.564300 
89 -10.571300 
90 -10.570300 
91 -10.569300 

1 -10.504300 
2 -10.505300 
3 -10.510300 
4 -10.517300 
5 -10.526300 
6 -10.536300 
7 -10.546300 
8 -10.556300 
9 -10.572300 
10 -10.573300 
11 -10.569300 
12 -10.570300 
13 -10.571300 
14 -10.564300 
15 -10.539300 
16 -10.484300 
17 -10.390300 
18 -10.250300 
19 -10.060300 
20 -9.821300 
21 -9.538300 
22 -9.218300 
23 -8.877300 
24 -8.849300 
25 -9.080300 
26 -9.280300 
27 -9.442300 
28 -9.566300 
29 -9.653300 
30 -9.704300 
31 -9.721300 
32 -9.725300 
33 -9.736300 
34 -9.753300 
35 -9.774300 
36 -9.799300 
37 -9.823300 
38 -9.846300 
39 -9.864300 
40 -9.875300 
41 -9.879300 
42 -9.850300 
43 -9.765300 
44 -9.634300 
45 -9.846300 
46 -10.081300 
47 -10.273300 
48 -10.402300 
49 -10.471300 
50 -10.498300 
51 -10.504300 
52 -10.501300 
53 -10.490300 
54 -10.466300 
55 -10.419300 
56 -10.342300 
57 -10.228300 
58 -10.071300 
59 -9.872300 
60 -9.631300 
61 -9.353300 
62 -9.243300 
63 -9.324300 
64 -9.404300 
65 -9.479300 
66 -9.547300 
67 -9.607300 
68 -9.655300 
69 -9.691300 
70 -9.713300 
71 -9.721300 
72 -9.704300 
73 -9.653300 
74 -9.566300 
75 -9.442300 
76 -9.280300 
77 -9.080300 
78 -8.849300 
79 -8.877300 
80 -9.218300 
81 -9.538300 
82 -9.821300 
83 -10.060300 
84 -10.250300 
85 -10.390300 
86 -10.484300 
87 -10.539300 
88 -10.564300 
89 -10.571300 
90 -10.570300 
91 -10.569300 

