1 21.602600 
2 21.602300 
3 21.601400 
4 21.600100 
5 21.598300 
6 21.596300 
7 21.594100 
8 21.592100 
9 21.590400 
10 21.589200 
11 21.588800 
12 21.588600 
13 21.587900 
14 21.586800 
15 21.585200 
16 21.583300 
17 21.580900 
18 21.578300 
19 21.575400 
20 21.572300 
21 21.569000 
22 21.565700 
23 21.562400 
24 21.559100 
25 21.556100 
26 21.553200 
27 21.550800 
28 21.549200 
29 21.547700 
30 21.546500 
31 21.546100 
32 21.546600 
33 21.547900 
34 21.549800 
35 21.552200 
36 21.554800 
37 21.557500 
38 21.560100 
39 21.562600 
40 21.564900 
41 21.567000 
42 21.568800 
43 21.570500 
44 21.571900 
45 21.573100 
46 21.574000 
47 21.574800 
48 21.575300 
49 21.575700 
50 21.575900 
51 21.576000 
52 21.577800 
53 21.582200 
54 21.587600 
55 21.593100 
56 21.597900 
57 21.601800 
58 21.604600 
59 21.606300 
60 21.606800 
61 21.606300 
62 21.607300 
63 21.607300 
64 21.606300 
65 21.604200 
66 21.601200 
67 21.597500 
68 21.593000 
69 21.588100 
70 21.582900 
71 21.577900 
72 21.575100 
73 21.571900 
74 21.568400 
75 21.564600 
76 21.560600 
77 21.556500 
78 21.552700 
79 21.549300 
80 21.547000 
81 21.546100 
82 21.546600 
83 21.547900 
84 21.549800 
85 21.552200 
86 21.554800 
87 21.557500 
88 21.560100 
89 21.562600 
90 21.564900 
91 21.567000 
92 21.568800 
93 21.570500 
94 21.571900 
95 21.573100 
96 21.574000 
97 21.574800 
98 21.575300 
99 21.575700 
100 21.575900 
101 21.576000 

1 21.602600 
2 21.602300 
3 21.601400 
4 21.600100 
5 21.598300 
6 21.596300 
7 21.594100 
8 21.592100 
9 21.590400 
10 21.589200 
11 21.588800 
12 21.588600 
13 21.587900 
14 21.586800 
15 21.585200 
16 21.583300 
17 21.580900 
18 21.578300 
19 21.575400 
20 21.572300 
21 21.569000 
22 21.565700 
23 21.562400 
24 21.559100 
25 21.556100 
26 21.553200 
27 21.550800 
28 21.548800 
29 21.547300 
30 21.546400 
31 21.546100 
32 21.546600 
33 21.547900 
34 21.549800 
35 21.552200 
36 21.554800 
37 21.557500 
38 21.560100 
39 21.562600 
40 21.564900 
41 21.567000 
42 21.568800 
43 21.570500 
44 21.571900 
45 21.573100 
46 21.574000 
47 21.574800 
48 21.575300 
49 21.575700 
50 21.575900 
51 21.576000 
52 21.576400 
53 21.577500 
54 21.579200 
55 21.581100 
56 21.583100 
57 21.585100 
58 21.586700 
59 21.587900 
60 21.588700 
61 21.589000 
62 21.588800 
63 21.588600 
64 21.588200 
65 21.587600 
66 21.586700 
67 21.585600 
68 21.584200 
69 21.582400 
70 21.580400 
71 21.577600 
72 21.572300 
73 21.567300 
74 21.562600 
75 21.558400 
76 21.554700 
77 21.551600 
78 21.549200 
79 21.547500 
80 21.546400 
81 21.546100 
82 21.546600 
83 21.547900 
84 21.549800 
85 21.552200 
86 21.554800 
87 21.557500 
88 21.560100 
89 21.562600 
90 21.564900 
91 21.567000 
92 21.568800 
93 21.570500 
94 21.571900 
95 21.573100 
96 21.574000 
97 21.574800 
98 21.575300 
99 21.575700 
100 21.575900 
101 21.576000 

1 21.428900 
2 21.430500 
3 21.434700 
4 21.440600 
5 21.447400 
6 21.454400 
7 21.460900 
8 21.466600 
9 21.471000 
10 21.473800 
11 21.474800 
12 21.485400 
13 21.495400 
14 21.504700 
15 21.513200 
16 21.521000 
17 21.527900 
18 21.534000 
19 21.539200 
20 21.543600 
21 21.547000 
22 21.549600 
23 21.551300 
24 21.552200 
25 21.552300 
26 21.551800 
27 21.550600 
28 21.548800 
29 21.547300 
30 21.546400 
31 21.546100 
32 21.546000 
33 21.545600 
34 21.544900 
35 21.544000 
36 21.542900 
37 21.541500 
38 21.540000 
39 21.538300 
40 21.536600 
41 21.534800 
42 21.532900 
43 21.531100 
44 21.529400 
45 21.527700 
46 21.526300 
47 21.525000 
48 21.524000 
49 21.523200 
50 21.522800 
51 21.522600 
52 21.520400 
53 21.514600 
54 21.507200 
55 21.499600 
56 21.492700 
57 21.486800 
58 21.481900 
59 21.478000 
60 21.475200 
61 21.473900 
62 21.474200 
63 21.474900 
64 21.476200 
65 21.478500 
66 21.482100 
67 21.487300 
68 21.494000 
69 21.501700 
70 21.509700 
71 21.517500 
72 21.524500 
73 21.530600 
74 21.535700 
75 21.539600 
76 21.542400 
77 21.544300 
78 21.545400 
79 21.545900 
80 21.546100 
81 21.546100 
82 21.546000 
83 21.545600 
84 21.544900 
85 21.544000 
86 21.542900 
87 21.541500 
88 21.540000 
89 21.538300 
90 21.536600 
91 21.534800 
92 21.532900 
93 21.531100 
94 21.529400 
95 21.527700 
96 21.526300 
97 21.525000 
98 21.524000 
99 21.523200 
100 21.522800 
101 21.522600 

1 21.428900 
2 21.430500 
3 21.434700 
4 21.440600 
5 21.447400 
6 21.454400 
7 21.460900 
8 21.466600 
9 21.471000 
10 21.473800 
11 21.474800 
12 21.463500 
13 21.451800 
14 21.439600 
15 21.427000 
16 21.416500 
17 21.425700 
18 21.434600 
19 21.443100 
20 21.451200 
21 21.458700 
22 21.465600 
23 21.472000 
24 21.477700 
25 21.482700 
26 21.487000 
27 21.490600 
28 21.493400 
29 21.495400 
30 21.496600 
31 21.497000 
32 21.496400 
33 21.494600 
34 21.492000 
35 21.488600 
36 21.484800 
37 21.480700 
38 21.476600 
39 21.472500 
40 21.468600 
41 21.464800 
42 21.461400 
43 21.458300 
44 21.455600 
45 21.453300 
46 21.451400 
47 21.449900 
48 21.448700 
49 21.447900 
50 21.447400 
51 21.447300 
52 21.446500 
53 21.444100 
54 21.439700 
55 21.433200 
56 21.424500 
57 21.414400 
58 21.404900 
59 21.395400 
60 21.394600 
61 21.406300 
62 21.390200 
63 21.392300 
64 21.406400 
65 21.419300 
66 21.430700 
67 21.440100 
68 21.447400 
69 21.453100 
70 21.457700 
71 21.461900 
72 21.466100 
73 21.470200 
74 21.474500 
75 21.479000 
76 21.483400 
77 21.487600 
78 21.491300 
79 21.494400 
80 21.496300 
81 21.497000 
82 21.496400 
83 21.494600 
84 21.492000 
85 21.488600 
86 21.484800 
87 21.480700 
88 21.476600 
89 21.472500 
90 21.468600 
91 21.464800 
92 21.461400 
93 21.458300 
94 21.455600 
95 21.453300 
96 21.451400 
97 21.449900 
98 21.448700 
99 21.447900 
100 21.447400 
101 21.447300 

1 21.373700 
2 21.373200 
3 21.372000 
4 21.370700 
5 21.369500 
6 21.368700 
7 21.368100 
8 21.367700 
9 21.367400 
10 21.367300 
11 21.367300 
12 21.377300 
13 21.387300 
14 21.397300 
15 21.407000 
16 21.414000 
17 21.400900 
18 21.387600 
19 21.395500 
20 21.407600 
21 21.419500 
22 21.431000 
23 21.442100 
24 21.452600 
25 21.462500 
26 21.471600 
27 21.479800 
28 21.486800 
29 21.492200 
30 21.495800 
31 21.497000 
32 21.496400 
33 21.494600 
34 21.492000 
35 21.488600 
36 21.484800 
37 21.480700 
38 21.476600 
39 21.472500 
40 21.468600 
41 21.464800 
42 21.461400 
43 21.458300 
44 21.455600 
45 21.453300 
46 21.451400 
47 21.449900 
48 21.448700 
49 21.447900 
50 21.447400 
51 21.447300 
52 21.446200 
53 21.443000 
54 21.437900 
55 21.431200 
56 21.423200 
57 21.413700 
58 21.401600 
59 21.390100 
60 21.386400 
61 21.380500 
62 21.384600 
63 21.389200 
64 21.394300 
65 21.399800 
66 21.405700 
67 21.411900 
68 21.418400 
69 21.425200 
70 21.432300 
71 21.439500 
72 21.446800 
73 21.454100 
74 21.461500 
75 21.468600 
76 21.475600 
77 21.482100 
78 21.487900 
79 21.492700 
80 21.495900 
81 21.497000 
82 21.496400 
83 21.494600 
84 21.492000 
85 21.488600 
86 21.484800 
87 21.480700 
88 21.476600 
89 21.472500 
90 21.468600 
91 21.464800 
92 21.461400 
93 21.458300 
94 21.455600 
95 21.453300 
96 21.451400 
97 21.449900 
98 21.448700 
99 21.447900 
100 21.447400 
101 21.447300 

1 21.373700 
2 21.373200 
3 21.372000 
4 21.370700 
5 21.369500 
6 21.368700 
7 21.368100 
8 21.367700 
9 21.367400 
10 21.367300 
11 21.367300 
12 21.357200 
13 21.347200 
14 21.337400 
15 21.346000 
16 21.358400 
17 21.370800 
18 21.383200 
19 21.374300 
20 21.361000 
21 21.347800 
22 21.334800 
23 21.322100 
24 21.309800 
25 21.298000 
26 21.286700 
27 21.276000 
28 21.266000 
29 21.256800 
30 21.248400 
31 21.241100 
32 21.245200 
33 21.249600 
34 21.254000 
35 21.258400 
36 21.262800 
37 21.267000 
38 21.271000 
39 21.274800 
40 21.278400 
41 21.281600 
42 21.284500 
43 21.287100 
44 21.289300 
45 21.291200 
46 21.292700 
47 21.293900 
48 21.294800 
49 21.295400 
50 21.295700 
51 21.295900 
52 21.296900 
53 21.300200 
54 21.307200 
55 21.318100 
56 21.331800 
57 21.346900 
58 21.362400 
59 21.376500 
60 21.373700 
61 21.363000 
62 21.377800 
63 21.373800 
64 21.357600 
65 21.343300 
66 21.338600 
67 21.333500 
68 21.328100 
69 21.322300 
70 21.316200 
71 21.309800 
72 21.303200 
73 21.296400 
74 21.289400 
75 21.282400 
76 21.275300 
77 21.268200 
78 21.261200 
79 21.254200 
80 21.247400 
81 21.241100 
82 21.245200 
83 21.249600 
84 21.254000 
85 21.258400 
86 21.262800 
87 21.267000 
88 21.271000 
89 21.274800 
90 21.278400 
91 21.281600 
92 21.284500 
93 21.287100 
94 21.289300 
95 21.291200 
96 21.292700 
97 21.293900 
98 21.294800 
99 21.295400 
100 21.295700 
101 21.295900 

1 21.337800 
2 21.336800 
3 21.333800 
4 21.329200 
5 21.323600 
6 21.317500 
7 21.311600 
8 21.306400 
9 21.302300 
10 21.299600 
11 21.298700 
12 21.310100 
13 21.321800 
14 21.333800 
15 21.327800 
16 21.318400 
17 21.309400 
18 21.300700 
19 21.292400 
20 21.284600 
21 21.277400 
22 21.270700 
23 21.264500 
24 21.259000 
25 21.254300 
26 21.250100 
27 21.246700 
28 21.244000 
29 21.242100 
30 21.241000 
31 21.241100 
32 21.245200 
33 21.249600 
34 21.254000 
35 21.258400 
36 21.262800 
37 21.267000 
38 21.271000 
39 21.274800 
40 21.278400 
41 21.281600 
42 21.284500 
43 21.287100 
44 21.289300 
45 21.291200 
46 21.292700 
47 21.293900 
48 21.294800 
49 21.295400 
50 21.295700 
51 21.295900 
52 21.296800 
53 21.300100 
54 21.305000 
55 21.311300 
56 21.318800 
57 21.327000 
58 21.335700 
59 21.344600 
60 21.352800 
61 21.358000 
62 21.354900 
63 21.351500 
64 21.347600 
65 21.341600 
66 21.326200 
67 21.311600 
68 21.298500 
69 21.293300 
70 21.290600 
71 21.287600 
72 21.284000 
73 21.279900 
74 21.275400 
75 21.270500 
76 21.265300 
77 21.260000 
78 21.254700 
79 21.249600 
80 21.245000 
81 21.241100 
82 21.245200 
83 21.249600 
84 21.254000 
85 21.258400 
86 21.262800 
87 21.267000 
88 21.271000 
89 21.274800 
90 21.278400 
91 21.281600 
92 21.284500 
93 21.287100 
94 21.289300 
95 21.291200 
96 21.292700 
97 21.293900 
98 21.294800 
99 21.295400 
100 21.295700 
101 21.295900 

1 21.337800 
2 21.336800 
3 21.333800 
4 21.329200 
5 21.323600 
6 21.317500 
7 21.311600 
8 21.306400 
9 21.302300 
10 21.299600 
11 21.298700 
12 21.287900 
13 21.277500 
14 21.267800 
15 21.258700 
16 21.250300 
17 21.242700 
18 21.236000 
19 21.230200 
20 21.225400 
21 21.221500 
22 21.218600 
23 21.218400 
24 21.223000 
25 21.227300 
26 21.231200 
27 21.234600 
28 21.237400 
29 21.239400 
30 21.240700 
31 21.241100 
32 21.241300 
33 21.241700 
34 21.242500 
35 21.243600 
36 21.244900 
37 21.246500 
38 21.248300 
39 21.250300 
40 21.252400 
41 21.254500 
42 21.256700 
43 21.258900 
44 21.261000 
45 21.262900 
46 21.264600 
47 21.266100 
48 21.267300 
49 21.268200 
50 21.268800 
51 21.268900 
52 21.271100 
53 21.276200 
54 21.281600 
55 21.285600 
56 21.288700 
57 21.291300 
58 21.293900 
59 21.296400 
60 21.298400 
61 21.299400 
62 21.299400 
63 21.299200 
64 21.298900 
65 21.298400 
66 21.297600 
67 21.296300 
68 21.294100 
69 21.284600 
70 21.273300 
71 21.263300 
72 21.254600 
73 21.247500 
74 21.241800 
75 21.237700 
76 21.235000 
77 21.233700 
78 21.236800 
79 21.239200 
80 21.240600 
81 21.241100 
82 21.241300 
83 21.241700 
84 21.242500 
85 21.243600 
86 21.244900 
87 21.246500 
88 21.248300 
89 21.250300 
90 21.252400 
91 21.254500 
92 21.256700 
93 21.258900 
94 21.261000 
95 21.262900 
96 21.264600 
97 21.266100 
98 21.267300 
99 21.268200 
100 21.268800 
101 21.268900 

1 21.166700 
2 21.167000 
3 21.167800 
4 21.169100 
5 21.170800 
6 21.172800 
7 21.174900 
8 21.176800 
9 21.178500 
10 21.179600 
11 21.180000 
12 21.180300 
13 21.181400 
14 21.183100 
15 21.185300 
16 21.188200 
17 21.191600 
18 21.195500 
19 21.199700 
20 21.204200 
21 21.208900 
22 21.213700 
23 21.218400 
24 21.223000 
25 21.227300 
26 21.231200 
27 21.234600 
28 21.237400 
29 21.239400 
30 21.240700 
31 21.240600 
32 21.236600 
33 21.232500 
34 21.228500 
35 21.224700 
36 21.221100 
37 21.217800 
38 21.214700 
39 21.211800 
40 21.209200 
41 21.206900 
42 21.204800 
43 21.203000 
44 21.201500 
45 21.200200 
46 21.199100 
47 21.198300 
48 21.197600 
49 21.197200 
50 21.196900 
51 21.196800 
52 21.196300 
53 21.194900 
54 21.192800 
55 21.190300 
56 21.187700 
57 21.185300 
58 21.183200 
59 21.181500 
60 21.180500 
61 21.180000 
62 21.180200 
63 21.180600 
64 21.181100 
65 21.181900 
66 21.182900 
67 21.184200 
68 21.185800 
69 21.187700 
70 21.193100 
71 21.199800 
72 21.206400 
73 21.212900 
74 21.219000 
75 21.224600 
76 21.229500 
77 21.233600 
78 21.233800 
79 21.235100 
80 21.237500 
81 21.240600 
82 21.236600 
83 21.232500 
84 21.228500 
85 21.224700 
86 21.221100 
87 21.217800 
88 21.214700 
89 21.211800 
90 21.209200 
91 21.206900 
92 21.204800 
93 21.203000 
94 21.201500 
95 21.200200 
96 21.199100 
97 21.198300 
98 21.197600 
99 21.197200 
100 21.196900 
101 21.196800 

1 21.166700 
2 21.167000 
3 21.167800 
4 21.169100 
5 21.170800 
6 21.172800 
7 21.174900 
8 21.176800 
9 21.178500 
10 21.179600 
11 21.180000 
12 21.180300 
13 21.181400 
14 21.183100 
15 21.185300 
16 21.188200 
17 21.191600 
18 21.195500 
19 21.199700 
20 21.204200 
21 21.208900 
22 21.213700 
23 21.216800 
24 21.216100 
25 21.216500 
26 21.217900 
27 21.220400 
28 21.224000 
29 21.228600 
30 21.234200 
31 21.240600 
32 21.236600 
33 21.232500 
34 21.228500 
35 21.224700 
36 21.221100 
37 21.217800 
38 21.214700 
39 21.211800 
40 21.209200 
41 21.206900 
42 21.204800 
43 21.203000 
44 21.201500 
45 21.200200 
46 21.199100 
47 21.198300 
48 21.197600 
49 21.197200 
50 21.196900 
51 21.196800 
52 21.195000 
53 21.190600 
54 21.184800 
55 21.178900 
56 21.173500 
57 21.169100 
58 21.165800 
59 21.163700 
60 21.162800 
61 21.163200 
62 21.162300 
63 21.162600 
64 21.164100 
65 21.166800 
66 21.170500 
67 21.175100 
68 21.180600 
69 21.186600 
70 21.190000 
71 21.192700 
72 21.195800 
73 21.199300 
74 21.203100 
75 21.207400 
76 21.212100 
77 21.217200 
78 21.222600 
79 21.228400 
80 21.234500 
81 21.240600 
82 21.236600 
83 21.232500 
84 21.228500 
85 21.224700 
86 21.221100 
87 21.217800 
88 21.214700 
89 21.211800 
90 21.209200 
91 21.206900 
92 21.204800 
93 21.203000 
94 21.201500 
95 21.200200 
96 21.199100 
97 21.198300 
98 21.197600 
99 21.197200 
100 21.196900 
101 21.196800 

1 7.186600 
2 7.187700 
3 7.191100 
4 7.196300 
5 7.202800 
6 7.209900 
7 7.217000 
8 7.223300 
9 7.228300 
10 7.231500 
11 7.232600 
12 7.497500 
13 7.751800 
14 7.995000 
15 8.226600 
16 8.446200 
17 8.653300 
18 8.847500 
19 9.028600 
20 9.196200 
21 9.350100 
22 9.490000 
23 9.615700 
24 9.727000 
25 9.823800 
26 9.905900 
27 9.973200 
28 10.025700 
29 10.063200 
30 10.085700 
31 10.093300 
32 10.087600 
33 10.070700 
34 10.042700 
35 10.003500 
36 9.953500 
37 9.892800 
38 9.821700 
39 9.740600 
40 9.650200 
41 9.551000 
42 9.444200 
43 9.331100 
44 9.213400 
45 9.093800 
46 8.975500 
47 8.863400 
48 8.763400 
49 8.683200 
50 8.630600 
51 8.612300 
52 8.600500 
53 8.565300 
54 8.506900 
55 8.425600 
56 8.322100 
57 8.197900 
58 8.055300 
59 7.899400 
60 7.742900 
61 7.620800 
62 7.753700 
63 7.904000 
64 8.068100 
65 8.242200 
66 8.422000 
67 8.603800 
68 8.783800 
69 8.959000 
70 9.126800 
71 9.285100 
72 9.432200 
73 9.566600 
74 9.687200 
75 9.793300 
76 9.884000 
77 9.958800 
78 10.017400 
79 10.059500 
80 10.084800 
81 10.093300 
82 10.087600 
83 10.070700 
84 10.042700 
85 10.003500 
86 9.953500 
87 9.892800 
88 9.821700 
89 9.740600 
90 9.650200 
91 9.551000 
92 9.444200 
93 9.331100 
94 9.213400 
95 9.093800 
96 8.975500 
97 8.863400 
98 8.763400 
99 8.683200 
100 8.630600 
101 8.612300 

1 7.186500 
2 7.187700 
3 7.191100 
4 7.196200 
5 7.202700 
6 7.209900 
7 7.217000 
8 7.223300 
9 7.228300 
10 7.231500 
11 7.232600 
12 6.957600 
13 6.673000 
14 6.379600 
15 6.077900 
16 5.768600 
17 5.452200 
18 5.129400 
19 4.800900 
20 4.467300 
21 4.129300 
22 3.787500 
23 3.442800 
24 3.096000 
25 2.748400 
26 2.402000 
27 2.060100 
28 1.729000 
29 1.423100 
30 1.178400 
31 1.075400 
32 1.155100 
33 1.359400 
34 1.633400 
35 1.943400 
36 2.271700 
37 2.608500 
38 2.947600 
39 3.284700 
40 3.616500 
41 3.940500 
42 4.253900 
43 4.554400 
44 4.839100 
45 5.104900 
46 5.347600 
47 5.562200 
48 5.742200 
49 5.879700 
50 5.966700 
51 5.996600 
52 5.999600 
53 6.009600 
54 6.030000 
55 6.066200 
56 6.125100 
57 6.213200 
58 6.333900 
59 6.483500 
60 6.645400 
61 6.777100 
62 6.630400 
63 6.463400 
64 6.276100 
65 6.068800 
66 5.841500 
67 5.594600 
68 5.328300 
69 5.043000 
70 4.739300 
71 4.417900 
72 4.079600 
73 3.725700 
74 3.358000 
75 2.978900 
76 2.592000 
77 2.203300 
78 1.823000 
79 1.471100 
80 1.191800 
81 1.075400 
82 1.155100 
83 1.359400 
84 1.633400 
85 1.943400 
86 2.271700 
87 2.608500 
88 2.947600 
89 3.284700 
90 3.616500 
91 3.940500 
92 4.253900 
93 4.554400 
94 4.839100 
95 5.104900 
96 5.347600 
97 5.562200 
98 5.742200 
99 5.879700 
100 5.966700 
101 5.996600 

1 2.697100 
2 2.686700 
3 2.656200 
4 2.607200 
5 2.542900 
6 2.467400 
7 2.387000 
8 2.309200 
9 2.243200 
10 2.198500 
11 2.182700 
12 2.174400 
13 2.149700 
14 2.108700 
15 2.051500 
16 1.978300 
17 1.889400 
18 1.785200 
19 1.666300 
20 1.533100 
21 1.386600 
22 1.227700 
23 1.057800 
24 0.878700 
25 0.693100 
26 0.504800 
27 0.319600 
28 0.146400 
29 -0.000800 
30 -0.103000 
31 -0.140100 
32 -0.127700 
33 -0.092000 
34 -0.036700 
35 0.033400 
36 0.113500 
37 0.199200 
38 0.287100 
39 0.374500 
40 0.459400 
41 0.540200 
42 0.615700 
43 0.684900 
44 0.747300 
45 0.802200 
46 0.849200 
47 0.888000 
48 0.918500 
49 0.940300 
50 0.953500 
51 0.957900 
52 1.142600 
53 1.492500 
54 1.858500 
55 2.199100 
56 2.494500 
57 2.731200 
58 2.900400 
59 2.998900 
60 3.029900 
61 3.001100 
62 3.063900 
63 3.085200 
64 3.065100 
65 3.005800 
66 2.909900 
67 2.780800 
68 2.621700 
69 2.435900 
70 2.226500 
71 1.996700 
72 1.750000 
73 1.490100 
74 1.221600 
75 0.950000 
76 0.682900 
77 0.430000 
78 0.204200 
79 0.022100 
80 -0.098000 
81 -0.140100 
82 -0.127700 
83 -0.092000 
84 -0.036700 
85 0.033400 
86 0.113500 
87 0.199200 
88 0.287100 
89 0.374500 
90 0.459400 
91 0.540200 
92 0.615700 
93 0.684900 
94 0.747300 
95 0.802200 
96 0.849200 
97 0.888000 
98 0.918500 
99 0.940300 
100 0.953500 
101 0.957900 

1 2.697000 
2 2.686700 
3 2.656200 
4 2.607200 
5 2.542800 
6 2.467400 
7 2.386900 
8 2.309100 
9 2.243200 
10 2.198500 
11 2.182600 
12 2.174400 
13 2.149700 
14 2.108700 
15 2.051500 
16 1.978300 
17 1.889400 
18 1.785200 
19 1.666300 
20 1.533100 
21 1.386600 
22 1.227700 
23 1.057800 
24 0.878700 
25 0.693100 
26 0.504800 
27 0.319500 
28 0.146400 
29 -0.000900 
30 -0.103000 
31 -0.140100 
32 -0.127800 
33 -0.092100 
34 -0.036700 
35 0.033400 
36 0.113500 
37 0.199200 
38 0.287100 
39 0.374500 
40 0.459400 
41 0.540200 
42 0.615600 
43 0.684900 
44 0.747200 
45 0.802100 
46 0.849200 
47 0.888000 
48 0.918400 
49 0.940300 
50 0.953500 
51 0.957900 
52 0.978200 
53 1.036300 
54 1.124400 
55 1.232600 
56 1.351100 
57 1.471300 
58 1.586400 
59 1.691100 
60 1.781300 
61 1.854200 
62 1.753200 
63 1.641100 
64 1.519400 
65 1.389400 
66 1.253100 
67 1.112200 
68 0.969200 
69 0.826300 
70 0.686100 
71 0.551300 
72 0.424300 
73 0.307300 
74 0.202200 
75 0.110500 
76 0.032900 
77 -0.030100 
78 -0.078700 
79 -0.113000 
80 -0.133400 
81 -0.140100 
82 -0.127800 
83 -0.092100 
84 -0.036700 
85 0.033400 
86 0.113500 
87 0.199200 
88 0.287100 
89 0.374500 
90 0.459400 
91 0.540200 
92 0.615600 
93 0.684900 
94 0.747200 
95 0.802100 
96 0.849200 
97 0.888000 
98 0.918400 
99 0.940300 
100 0.953500 
101 0.957900 

1 -3.276700 
2 -3.100000 
3 -2.769400 
4 -2.420800 
5 -2.086100 
6 -1.778100 
7 -1.505800 
8 -1.278200 
9 -1.105000 
10 -0.995900 
11 -0.958600 
12 -0.894600 
13 -0.848200 
14 -0.819700 
15 -0.809100 
16 -0.816400 
17 -0.841300 
18 -0.883600 
19 -0.942900 
20 -1.018400 
21 -1.109500 
22 -1.215000 
23 -1.333500 
24 -1.462800 
25 -1.600100 
26 -1.352100 
27 -1.063000 
28 -0.763600 
29 -0.475900 
30 -0.240400 
31 -0.140200 
32 -0.185700 
33 -0.285900 
34 -0.384100 
35 -0.449400 
36 -0.474900 
37 -0.466400 
38 -0.433700 
39 -0.385700 
40 -0.329600 
41 -0.270200 
42 -0.210900 
43 -0.154300 
44 -0.102000 
45 -0.055100 
46 -0.014500 
47 0.019400 
48 0.046100 
49 0.065300 
50 0.076900 
51 0.080700 
52 -0.109100 
53 -0.469400 
54 -0.833900 
55 -1.129300 
56 -1.307100 
57 -1.366400 
58 -1.350000 
59 -1.300700 
60 -1.244900 
61 -1.196600 
62 -1.261100 
63 -1.326100 
64 -1.387200 
65 -1.439300 
66 -1.476800 
67 -1.494500 
68 -1.488600 
69 -1.458400 
70 -1.405800 
71 -1.335100 
72 -1.250900 
73 -1.157200 
74 -1.056800 
75 -0.949800 
76 -0.833900 
77 -0.703900 
78 -0.553500 
79 -0.382400 
80 -0.217600 
81 -0.140200 
82 -0.185700 
83 -0.285900 
84 -0.384100 
85 -0.449400 
86 -0.474900 
87 -0.466400 
88 -0.433700 
89 -0.385700 
90 -0.329600 
91 -0.270200 
92 -0.210900 
93 -0.154300 
94 -0.102000 
95 -0.055100 
96 -0.014500 
97 0.019400 
98 0.046100 
99 0.065300 
100 0.076900 
101 0.080700 

1 -3.276700 
2 -3.100000 
3 -2.769400 
4 -2.420800 
5 -2.086200 
6 -1.778100 
7 -1.505800 
8 -1.278200 
9 -1.105000 
10 -0.995900 
11 -0.958600 
12 -1.039700 
13 -1.137200 
14 -1.249600 
15 -1.375100 
16 -1.510500 
17 -1.651300 
18 -1.790500 
19 -1.917700 
20 -2.018600 
21 -2.075000 
22 -2.068300 
23 -1.986800 
24 -1.831300 
25 -1.614000 
26 -1.741000 
27 -1.879700 
28 -2.007700 
29 -2.113700 
30 -2.185100 
31 -2.210400 
32 -2.226500 
33 -2.273100 
34 -2.345700 
35 -2.438000 
36 -2.543500 
37 -2.655200 
38 -2.767200 
39 -2.873800 
40 -2.970400 
41 -3.053400 
42 -3.120900 
43 -3.172500 
44 -3.209500 
45 -3.233900 
46 -3.248500 
47 -3.256100 
48 -3.259300 
49 -3.260000 
50 -3.259900 
51 -3.259700 
52 -3.233200 
53 -3.173800 
54 -3.131200 
55 -3.168900 
56 -3.337400 
57 -3.627400 
58 -3.931000 
59 -3.954400 
60 -3.668500 
61 -3.317500 
62 -3.845800 
63 -4.333500 
64 -4.657100 
65 -4.565400 
66 -4.325900 
67 -4.063400 
68 -3.816000 
69 -3.584400 
70 -3.369400 
71 -3.171500 
72 -2.991300 
73 -2.829000 
74 -2.685100 
75 -2.559900 
76 -2.453500 
77 -2.366200 
78 -2.298100 
79 -2.249400 
80 -2.220100 
81 -2.210400 
82 -2.226500 
83 -2.273100 
84 -2.345700 
85 -2.438000 
86 -2.543500 
87 -2.655200 
88 -2.767200 
89 -2.873800 
90 -2.970400 
91 -3.053400 
92 -3.120900 
93 -3.172500 
94 -3.209500 
95 -3.233900 
96 -3.248500 
97 -3.256100 
98 -3.259300 
99 -3.260000 
100 -3.259900 
101 -3.259700 

1 -4.079300 
2 -4.271800 
3 -4.649600 
4 -5.076000 
5 -5.516900 
6 -5.956100 
7 -6.377100 
8 -6.757700 
9 -7.067100 
10 -7.270100 
11 -7.340700 
12 -7.283500 
13 -7.125300 
14 -6.894600 
15 -6.617900 
16 -6.313700 
17 -5.993600 
18 -5.664800 
19 -5.331700 
20 -4.997400 
21 -4.664200 
22 -4.334000 
23 -4.009100 
24 -3.691700 
25 -3.385100 
26 -3.093400 
27 -2.823000 
28 -2.583200 
29 -2.388100 
30 -2.257100 
31 -2.210400 
32 -2.226500 
33 -2.273100 
34 -2.345700 
35 -2.438100 
36 -2.543500 
37 -2.655300 
38 -2.767200 
39 -2.873800 
40 -2.970400 
41 -3.053400 
42 -3.120900 
43 -3.172500 
44 -3.209500 
45 -3.233900 
46 -3.248500 
47 -3.256100 
48 -3.259300 
49 -3.260000 
50 -3.259900 
51 -3.259700 
52 -3.302100 
53 -3.426000 
54 -3.622800 
55 -3.880700 
56 -4.186600 
57 -4.526500 
58 -4.880300 
59 -4.905800 
60 -5.240300 
61 -5.533800 
62 -5.248600 
63 -4.988800 
64 -4.759500 
65 -4.602400 
66 -4.411100 
67 -4.265800 
68 -4.019800 
69 -3.779000 
70 -3.550000 
71 -3.335900 
72 -3.138500 
73 -2.958500 
74 -2.796600 
75 -2.653000 
76 -2.527800 
77 -2.421200 
78 -2.333900 
79 -2.267500 
80 -2.225100 
81 -2.210400 
82 -2.226500 
83 -2.273100 
84 -2.345700 
85 -2.438100 
86 -2.543500 
87 -2.655300 
88 -2.767200 
89 -2.873800 
90 -2.970400 
91 -3.053400 
92 -3.120900 
93 -3.172500 
94 -3.209500 
95 -3.233900 
96 -3.248500 
97 -3.256100 
98 -3.259300 
99 -3.260000 
100 -3.259900 
101 -3.259700 

1 -4.079300 
2 -4.271800 
3 -4.649600 
4 -5.076000 
5 -5.516900 
6 -5.956100 
7 -6.377100 
8 -6.757700 
9 -7.067100 
10 -7.270100 
11 -7.340700 
12 -7.283500 
13 -7.125300 
14 -6.894600 
15 -6.617900 
16 -6.313700 
17 -5.993600 
18 -5.664800 
19 -5.331700 
20 -4.997400 
21 -4.664200 
22 -4.334000 
23 -4.009100 
24 -3.691700 
25 -3.385100 
26 -3.093400 
27 -2.823000 
28 -2.583200 
29 -2.388100 
30 -2.257100 
31 -2.210400 
32 -2.230300 
33 -2.293400 
34 -2.406000 
35 -2.571700 
36 -2.786600 
37 -3.041900 
38 -3.327600 
39 -3.635800 
40 -3.960600 
41 -4.298000 
42 -4.644400 
43 -4.995000 
44 -5.339200 
45 -5.641100 
46 -5.808700 
47 -5.839300 
48 -5.826800 
49 -5.808600 
50 -5.795500 
51 -5.790800 
52 -5.842600 
53 -5.958700 
54 -6.017000 
55 -5.874500 
56 -5.557700 
57 -5.185800 
58 -4.884200 
59 -5.238600 
60 -5.560200 
61 -5.814300 
62 -5.500300 
63 -5.191700 
64 -4.891600 
65 -4.676500 
66 -4.500900 
67 -4.299300 
68 -4.229700 
69 -4.196500 
70 -4.187100 
71 -4.180700 
72 -4.148100 
73 -4.055700 
74 -3.878600 
75 -3.618000 
76 -3.301900 
77 -2.970500 
78 -2.664400 
79 -2.419800 
80 -2.263700 
81 -2.210400 
82 -2.230300 
83 -2.293400 
84 -2.406000 
85 -2.571700 
86 -2.786600 
87 -3.041900 
88 -3.327600 
89 -3.635800 
90 -3.960600 
91 -4.298000 
92 -4.644400 
93 -4.995000 
94 -5.339200 
95 -5.641100 
96 -5.808700 
97 -5.839300 
98 -5.826800 
99 -5.808600 
100 -5.795500 
101 -5.790800 

1 -8.709900 
2 -8.709000 
3 -8.706700 
4 -8.704400 
5 -8.704400 
6 -8.709900 
7 -8.725600 
8 -8.756400 
9 -8.804100 
10 -8.856200 
11 -8.880500 
12 -8.538300 
13 -8.178700 
14 -7.811100 
15 -7.442700 
16 -7.079900 
17 -6.729800 
18 -6.401300 
19 -6.106300 
20 -5.860600 
21 -5.683500 
22 -5.594600 
23 -5.606300 
24 -5.718300 
25 -5.918800 
26 -5.977100 
27 -5.679500 
28 -5.427100 
29 -5.231600 
30 -5.106500 
31 -5.063300 
32 -5.095800 
33 -5.191100 
34 -5.342000 
35 -5.537200 
36 -5.760400 
37 -5.988400 
38 -6.187900 
39 -6.322400 
40 -6.376200 
41 -6.366300 
42 -6.321600 
43 -6.266700 
44 -6.223800 
45 -6.235300 
46 -6.396800 
47 -6.712200 
48 -7.088300 
49 -7.486500 
50 -7.893800 
51 -8.301100 
52 -8.083700 
53 -7.739500 
54 -7.455200 
55 -7.258100 
56 -7.067700 
57 -6.876700 
58 -6.702600 
59 -6.563400 
60 -6.497300 
61 -6.601100 
62 -6.276400 
63 -6.030500 
64 -5.979700 
65 -6.254000 
66 -6.718500 
67 -6.546200 
68 -6.405200 
69 -6.297700 
70 -6.225800 
71 -6.191700 
72 -6.197100 
73 -6.243700 
74 -6.332500 
75 -6.390900 
76 -6.059600 
77 -5.746200 
78 -5.470400 
79 -5.252500 
80 -5.112000 
81 -5.063300 
82 -5.095800 
83 -5.191100 
84 -5.342000 
85 -5.537200 
86 -5.760400 
87 -5.988400 
88 -6.187900 
89 -6.322400 
90 -6.376200 
91 -6.366300 
92 -6.321600 
93 -6.266700 
94 -6.223800 
95 -6.235300 
96 -6.396800 
97 -6.712200 
98 -7.088300 
99 -7.486500 
100 -7.893800 
101 -8.301100 

1 -8.709900 
2 -8.709000 
3 -8.706700 
4 -8.704400 
5 -8.704400 
6 -8.710000 
7 -8.725600 
8 -8.756400 
9 -8.804100 
10 -8.856200 
11 -8.880500 
12 -9.191500 
13 -9.449800 
14 -9.623800 
15 -9.664200 
16 -9.443700 
17 -9.237800 
18 -9.046400 
19 -8.680400 
20 -8.279200 
21 -7.867400 
22 -7.457100 
23 -7.056600 
24 -6.672500 
25 -6.310600 
26 -6.190800 
27 -6.517000 
28 -6.881400 
29 -7.266200 
30 -7.639000 
31 -7.856100 
32 -7.765600 
33 -7.590800 
34 -7.409500 
35 -7.243500 
36 -7.101000 
37 -6.987000 
38 -6.905700 
39 -6.860700 
40 -6.855000 
41 -6.890500 
42 -6.968000 
43 -7.086600 
44 -7.243700 
45 -7.435400 
46 -7.656500 
47 -7.900300 
48 -8.156600 
49 -8.407700 
50 -8.614800 
51 -8.303400 
52 -8.200400 
53 -8.002500 
54 -7.851200 
55 -7.904500 
56 -8.048800 
57 -7.922300 
58 -7.832600 
59 -7.796000 
60 -7.836700 
61 -7.983500 
62 -7.682600 
63 -7.403900 
64 -7.149300 
65 -6.920200 
66 -6.725200 
67 -7.218500 
68 -7.606600 
69 -7.780300 
70 -7.739600 
71 -7.568000 
72 -7.324800 
73 -7.037800 
74 -6.722000 
75 -6.463700 
76 -6.636900 
77 -6.850400 
78 -7.101400 
79 -7.383500 
80 -7.676400 
81 -7.856100 
82 -7.765600 
83 -7.590800 
84 -7.409500 
85 -7.243500 
86 -7.101000 
87 -6.987000 
88 -6.905700 
89 -6.860700 
90 -6.855000 
91 -6.890500 
92 -6.968000 
93 -7.086600 
94 -7.243700 
95 -7.435400 
96 -7.656500 
97 -7.900300 
98 -8.156600 
99 -8.407700 
100 -8.614800 
101 -8.303400 

1 -10.046800 
2 -10.045400 
3 -10.041400 
4 -10.036100 
5 -10.031100 
6 -10.029400 
7 -10.035100 
8 -10.054800 
9 -10.099400 
10 -10.178700 
11 -10.243600 
12 -10.309300 
13 -10.149200 
14 -9.899300 
15 -9.677300 
16 -9.588200 
17 -9.367800 
18 -9.052600 
19 -8.869400 
20 -8.706800 
21 -8.558600 
22 -8.424700 
23 -8.305100 
24 -8.199700 
25 -8.108400 
26 -8.031200 
27 -7.968100 
28 -7.919100 
29 -7.884100 
30 -7.863100 
31 -7.856100 
32 -7.765600 
33 -7.590800 
34 -7.409500 
35 -7.243500 
36 -7.101000 
37 -6.987000 
38 -6.905800 
39 -6.860700 
40 -6.855000 
41 -6.890500 
42 -6.968000 
43 -7.086600 
44 -7.243700 
45 -7.435400 
46 -7.656500 
47 -7.900300 
48 -8.156600 
49 -8.407700 
50 -8.614800 
51 -8.702300 
52 -8.651400 
53 -8.524200 
54 -8.364000 
55 -8.200000 
56 -8.225700 
57 -8.713600 
58 -9.286500 
59 -9.883100 
60 -10.363100 
61 -10.457900 
62 -10.519100 
63 -10.450600 
64 -10.280800 
65 -10.046600 
66 -9.768600 
67 -9.451000 
68 -9.090100 
69 -8.685900 
70 -8.254900 
71 -7.830700 
72 -7.456100 
73 -7.174800 
74 -7.018300 
75 -6.991000 
76 -7.070300 
77 -7.222900 
78 -7.416100 
79 -7.617100 
80 -7.784800 
81 -7.856100 
82 -7.765600 
83 -7.590800 
84 -7.409500 
85 -7.243500 
86 -7.101000 
87 -6.987000 
88 -6.905800 
89 -6.860700 
90 -6.855000 
91 -6.890500 
92 -6.968000 
93 -7.086600 
94 -7.243700 
95 -7.435400 
96 -7.656500 
97 -7.900300 
98 -8.156600 
99 -8.407700 
100 -8.614800 
101 -8.702300 

1 -10.046800 
2 -10.045400 
3 -10.041400 
4 -10.036100 
5 -10.031100 
6 -10.029400 
7 -10.035100 
8 -10.054800 
9 -10.099400 
10 -10.178800 
11 -10.243600 
12 -10.309300 
13 -10.492500 
14 -10.763000 
15 -11.087200 
16 -11.401500 
17 -11.358800 
18 -11.005800 
19 -10.637400 
20 -10.288900 
21 -9.966800 
22 -9.673600 
23 -9.410400 
24 -9.177900 
25 -8.976400 
26 -8.806000 
27 -8.666700 
28 -8.558600 
29 -8.481400 
30 -8.435100 
31 -8.419700 
32 -8.389800 
33 -8.308400 
34 -8.195100 
35 -8.071800 
36 -7.960700 
37 -7.886500 
38 -7.880700 
39 -7.976400 
40 -8.184100 
41 -8.479600 
42 -8.823200 
43 -9.174900 
44 -9.489900 
45 -9.710600 
46 -9.776400 
47 -9.665900 
48 -9.416300 
49 -9.082100 
50 -8.702900 
51 -8.702400 
52 -8.898900 
53 -9.207800 
54 -9.528300 
55 -9.845100 
56 -10.146000 
57 -10.415900 
58 -10.637200 
59 -10.800600 
60 -10.969300 
61 -11.236900 
62 -10.948400 
63 -10.646800 
64 -10.353700 
65 -10.083500 
66 -9.854800 
67 -9.703400 
68 -9.699500 
69 -9.914800 
70 -9.949100 
71 -9.672000 
72 -9.443000 
73 -9.250700 
74 -9.087300 
75 -8.947100 
76 -8.825800 
77 -8.716800 
78 -8.579900 
79 -8.489900 
80 -8.437100 
81 -8.419700 
82 -8.389800 
83 -8.308400 
84 -8.195100 
85 -8.071800 
86 -7.960700 
87 -7.886500 
88 -7.880700 
89 -7.976400 
90 -8.184100 
91 -8.479600 
92 -8.823200 
93 -9.174900 
94 -9.489900 
95 -9.710600 
96 -9.776400 
97 -9.665900 
98 -9.416300 
99 -9.082100 
100 -8.702900 
101 -8.702400 

