1 0.581000 
2 0.676000 
3 0.864000 
4 1.082000 
5 1.313000 
6 1.551000 
7 1.793000 
8 2.035000 
9 2.274000 
10 2.507000 
11 2.732000 
12 2.944000 
13 3.143000 
14 3.326000 
15 3.489000 
16 3.631000 
17 3.750000 
18 3.845000 
19 3.913000 
20 3.954000 
21 3.968000 
22 4.069000 
23 4.166000 
24 4.259000 
25 4.349000 
26 4.434000 
27 4.515000 
28 4.591000 
29 4.662000 
30 4.729000 
31 4.790000 
32 4.845000 
33 4.895000 
34 4.939000 
35 4.978000 
36 5.010000 
37 5.037000 
38 5.058000 
39 5.073000 
40 5.082000 
41 5.085000 
42 5.070000 
43 5.027000 
44 4.954000 
45 4.853000 
46 4.725000 
47 4.570000 
48 4.391000 
49 4.188000 
50 3.964000 
51 3.720000 
52 3.459000 
53 3.181000 
54 2.891000 
55 2.590000 
56 2.283000 
57 1.974000 
58 1.670000 
59 1.380000 
60 1.117000 
61 0.902000 
62 0.989000 
63 1.079000 
64 1.169000 
65 1.258000 
66 1.345000 
67 1.430000 
68 1.513000 
69 1.592000 
70 1.666000 
71 1.736000 
72 1.801000 
73 1.860000 
74 1.913000 
75 1.960000 
76 1.999000 
77 2.032000 
78 2.058000 
79 2.077000 
80 2.088000 
81 2.092000 
82 2.150000 
83 2.298000 
84 2.495000 
85 2.716000 
86 2.946000 
87 3.179000 
88 3.408000 
89 3.631000 
90 3.844000 
91 4.045000 
92 4.233000 
93 4.405000 
94 4.559000 
95 4.696000 
96 4.813000 
97 4.910000 
98 4.986000 
99 5.041000 
100 5.074000 
101 5.085000 
102 5.071000 
103 5.029000 
104 4.960000 
105 4.863000 
106 4.740000 
107 4.591000 
108 4.419000 
109 4.224000 
110 4.009000 
111 3.777000 
112 3.530000 
113 3.272000 
114 3.008000 
115 2.743000 
116 2.484000 
117 2.242000 
118 2.028000 
119 1.855000 
120 1.735000 
121 1.671000 

1 0.581000 
2 0.676000 
3 0.864000 
4 1.082000 
5 1.313000 
6 1.551000 
7 1.793000 
8 2.035000 
9 2.274000 
10 2.507000 
11 2.732000 
12 2.944000 
13 3.143000 
14 3.326000 
15 3.489000 
16 3.631000 
17 3.750000 
18 3.845000 
19 3.913000 
20 3.954000 
21 3.968000 
22 3.865000 
23 3.759000 
24 3.650000 
25 3.540000 
26 3.429000 
27 3.318000 
28 3.206000 
29 3.096000 
30 2.987000 
31 2.880000 
32 2.778000 
33 2.680000 
34 2.588000 
35 2.504000 
36 2.428000 
37 2.364000 
38 2.312000 
39 2.273000 
40 2.249000 
41 2.241000 
42 2.225000 
43 2.177000 
44 2.098000 
45 1.988000 
46 1.850000 
47 1.686000 
48 1.497000 
49 1.288000 
50 1.063000 
51 0.828000 
52 0.592000 
53 0.374000 
54 0.288000 
55 0.249000 
56 0.232000 
57 0.312000 
58 0.411000 
59 0.559000 
60 0.722000 
61 0.895000 
62 0.821000 
63 0.772000 
64 0.751000 
65 0.749000 
66 0.760000 
67 0.778000 
68 0.802000 
69 0.829000 
70 0.859000 
71 0.891000 
72 0.923000 
73 0.955000 
74 0.985000 
75 1.013000 
76 1.038000 
77 1.060000 
78 1.077000 
79 1.090000 
80 1.097000 
81 1.100000 
82 1.054000 
83 0.945000 
84 0.817000 
85 0.706000 
86 0.641000 
87 0.644000 
88 0.716000 
89 0.840000 
90 0.997000 
91 1.170000 
92 1.346000 
93 1.517000 
94 1.677000 
95 1.820000 
96 1.946000 
97 2.051000 
98 2.133000 
99 2.193000 
100 2.229000 
101 2.241000 
102 2.237000 
103 2.225000 
104 2.206000 
105 2.180000 
106 2.148000 
107 2.112000 
108 2.072000 
109 2.031000 
110 1.989000 
111 1.946000 
112 1.904000 
113 1.862000 
114 1.821000 
115 1.781000 
116 1.743000 
117 1.708000 
118 1.678000 
119 1.658000 
120 1.651000 
121 1.671000 

1 0.221000 
2 0.147000 
3 0.041000 
4 -0.027000 
5 -0.077000 
6 -0.129000 
7 -0.190000 
8 -0.261000 
9 -0.340000 
10 -0.424000 
11 -0.504000 
12 -0.573000 
13 -0.626000 
14 -0.663000 
15 -0.689000 
16 -0.706000 
17 -0.718000 
18 -0.727000 
19 -0.733000 
20 -0.736000 
21 -0.738000 
22 -0.675000 
23 -0.613000 
24 -0.551000 
25 -0.490000 
26 -0.430000 
27 -0.371000 
28 -0.313000 
29 -0.256000 
30 -0.201000 
31 -0.147000 
32 -0.096000 
33 -0.048000 
34 -0.002000 
35 0.040000 
36 0.078000 
37 0.111000 
38 0.137000 
39 0.157000 
40 0.170000 
41 0.174000 
42 0.177000 
43 0.187000 
44 0.204000 
45 0.224000 
46 0.248000 
47 0.272000 
48 0.295000 
49 0.314000 
50 0.328000 
51 0.333000 
52 0.330000 
53 0.315000 
54 0.211000 
55 0.148000 
56 0.197000 
57 0.283000 
58 0.379000 
59 0.434000 
60 0.474000 
61 0.492000 
62 0.485000 
63 0.463000 
64 0.428000 
65 0.387000 
66 0.348000 
67 0.315000 
68 0.287000 
69 0.266000 
70 0.251000 
71 0.239000 
72 0.231000 
73 0.258000 
74 0.283000 
75 0.304000 
76 0.323000 
77 0.338000 
78 0.351000 
79 0.359000 
80 0.365000 
81 0.366000 
82 0.367000 
83 0.370000 
84 0.373000 
85 0.376000 
86 0.377000 
87 0.376000 
88 0.371000 
89 0.363000 
90 0.351000 
91 0.336000 
92 0.318000 
93 0.297000 
94 0.275000 
95 0.253000 
96 0.232000 
97 0.213000 
98 0.197000 
99 0.184000 
100 0.176000 
101 0.174000 
102 0.172000 
103 0.167000 
104 0.159000 
105 0.147000 
106 0.129000 
107 0.107000 
108 0.079000 
109 0.046000 
110 0.010000 
111 -0.027000 
112 -0.060000 
113 -0.085000 
114 -0.100000 
115 -0.101000 
116 -0.089000 
117 -0.064000 
118 -0.016000 
119 0.026000 
120 0.046000 
121 0.044000 

1 0.221000 
2 0.147000 
3 0.041000 
4 -0.027000 
5 -0.077000 
6 -0.129000 
7 -0.190000 
8 -0.261000 
9 -0.340000 
10 -0.424000 
11 -0.504000 
12 -0.573000 
13 -0.626000 
14 -0.663000 
15 -0.689000 
16 -0.706000 
17 -0.718000 
18 -0.727000 
19 -0.733000 
20 -0.736000 
21 -0.738000 
22 -0.800000 
23 -0.862000 
24 -0.923000 
25 -0.984000 
26 -1.043000 
27 -1.101000 
28 -1.157000 
29 -1.210000 
30 -1.262000 
31 -1.310000 
32 -1.356000 
33 -1.397000 
34 -1.435000 
35 -1.469000 
36 -1.498000 
37 -1.523000 
38 -1.542000 
39 -1.556000 
40 -1.565000 
41 -1.567000 
42 -1.523000 
43 -1.442000 
44 -1.344000 
45 -1.229000 
46 -1.101000 
47 -0.961000 
48 -0.813000 
49 -0.662000 
50 -0.510000 
51 -0.362000 
52 -0.221000 
53 -0.089000 
54 0.031000 
55 0.138000 
56 0.186000 
57 0.136000 
58 0.068000 
59 0.002000 
60 -0.050000 
61 -0.071000 
62 -0.066000 
63 -0.051000 
64 -0.028000 
65 0.000000 
66 0.032000 
67 0.066000 
68 0.101000 
69 0.135000 
70 0.169000 
71 0.201000 
72 0.230000 
73 0.224000 
74 0.219000 
75 0.215000 
76 0.212000 
77 0.209000 
78 0.207000 
79 0.206000 
80 0.205000 
81 0.205000 
82 0.200000 
83 0.185000 
84 0.160000 
85 0.119000 
86 0.055000 
87 -0.037000 
88 -0.154000 
89 -0.283000 
90 -0.418000 
91 -0.555000 
92 -0.690000 
93 -0.823000 
94 -0.952000 
95 -1.074000 
96 -1.188000 
97 -1.292000 
98 -1.385000 
99 -1.466000 
100 -1.533000 
101 -1.567000 
102 -1.531000 
103 -1.461000 
104 -1.380000 
105 -1.290000 
106 -1.194000 
107 -1.093000 
108 -0.988000 
109 -0.880000 
110 -0.772000 
111 -0.663000 
112 -0.556000 
113 -0.450000 
114 -0.347000 
115 -0.250000 
116 -0.161000 
117 -0.086000 
118 -0.041000 
119 -0.007000 
120 0.024000 
121 0.044000 

1 -0.102000 
2 -0.119000 
3 -0.184000 
4 -0.306000 
5 -0.443000 
6 -0.568000 
7 -0.669000 
8 -0.745000 
9 -0.803000 
10 -0.852000 
11 -0.904000 
12 -0.970000 
13 -1.053000 
14 -1.152000 
15 -1.257000 
16 -1.360000 
17 -1.455000 
18 -1.535000 
19 -1.595000 
20 -1.632000 
21 -1.645000 
22 -1.628000 
23 -1.614000 
24 -1.603000 
25 -1.593000 
26 -1.587000 
27 -1.583000 
28 -1.581000 
29 -1.582000 
30 -1.585000 
31 -1.590000 
32 -1.597000 
33 -1.605000 
34 -1.614000 
35 -1.624000 
36 -1.634000 
37 -1.643000 
38 -1.651000 
39 -1.657000 
40 -1.661000 
41 -1.662000 
42 -1.676000 
43 -1.714000 
44 -1.771000 
45 -1.774000 
46 -1.667000 
47 -1.528000 
48 -1.376000 
49 -1.220000 
50 -1.065000 
51 -0.918000 
52 -0.787000 
53 -0.689000 
54 -0.655000 
55 -0.723000 
56 -0.882000 
57 -0.900000 
58 -0.854000 
59 -0.820000 
60 -0.797000 
61 -0.783000 
62 -0.779000 
63 -0.777000 
64 -0.776000 
65 -0.776000 
66 -0.777000 
67 -0.779000 
68 -0.781000 
69 -0.783000 
70 -0.785000 
71 -0.788000 
72 -0.790000 
73 -0.792000 
74 -0.794000 
75 -0.796000 
76 -0.797000 
77 -0.799000 
78 -0.800000 
79 -0.800000 
80 -0.801000 
81 -0.801000 
82 -0.812000 
83 -0.846000 
84 -0.901000 
85 -0.975000 
86 -1.006000 
87 -0.959000 
88 -0.952000 
89 -0.987000 
90 -1.058000 
91 -1.156000 
92 -1.270000 
93 -1.393000 
94 -1.518000 
95 -1.637000 
96 -1.744000 
97 -1.814000 
98 -1.752000 
99 -1.702000 
100 -1.672000 
101 -1.662000 
102 -1.671000 
103 -1.697000 
104 -1.738000 
105 -1.757000 
106 -1.706000 
107 -1.616000 
108 -1.513000 
109 -1.408000 
110 -1.306000 
111 -1.212000 
112 -1.124000 
113 -1.041000 
114 -0.962000 
115 -0.894000 
116 -0.841000 
117 -0.804000 
118 -0.785000 
119 -0.782000 
120 -0.794000 
121 -0.818000 

1 -0.102000 
2 -0.119000 
3 -0.184000 
4 -0.306000 
5 -0.443000 
6 -0.568000 
7 -0.669000 
8 -0.745000 
9 -0.803000 
10 -0.852000 
11 -0.904000 
12 -0.970000 
13 -1.053000 
14 -1.152000 
15 -1.257000 
16 -1.360000 
17 -1.455000 
18 -1.535000 
19 -1.595000 
20 -1.632000 
21 -1.645000 
22 -1.628000 
23 -1.614000 
24 -1.603000 
25 -1.593000 
26 -1.587000 
27 -1.583000 
28 -1.581000 
29 -1.582000 
30 -1.585000 
31 -1.590000 
32 -1.597000 
33 -1.605000 
34 -1.614000 
35 -1.624000 
36 -1.634000 
37 -1.643000 
38 -1.651000 
39 -1.657000 
40 -1.661000 
41 -1.662000 
42 -1.700000 
43 -1.764000 
44 -1.833000 
45 -1.907000 
46 -1.990000 
47 -2.080000 
48 -1.941000 
49 -1.785000 
50 -1.633000 
51 -1.488000 
52 -1.355000 
53 -1.234000 
54 -1.128000 
55 -1.037000 
56 -0.961000 
57 -1.074000 
58 -0.969000 
59 -0.870000 
60 -0.803000 
61 -0.784000 
62 -0.795000 
63 -0.820000 
64 -0.856000 
65 -0.901000 
66 -0.952000 
67 -1.007000 
68 -1.064000 
69 -1.121000 
70 -1.179000 
71 -1.235000 
72 -1.289000 
73 -1.323000 
74 -1.312000 
75 -1.303000 
76 -1.295000 
77 -1.288000 
78 -1.282000 
79 -1.278000 
80 -1.276000 
81 -1.275000 
82 -1.261000 
83 -1.220000 
84 -1.156000 
85 -1.078000 
86 -1.066000 
87 -1.171000 
88 -1.288000 
89 -1.414000 
90 -1.547000 
91 -1.684000 
92 -1.824000 
93 -1.963000 
94 -2.099000 
95 -2.017000 
96 -1.910000 
97 -1.821000 
98 -1.798000 
99 -1.745000 
100 -1.693000 
101 -1.662000 
102 -1.691000 
103 -1.732000 
104 -1.759000 
105 -1.794000 
106 -1.811000 
107 -1.739000 
108 -1.648000 
109 -1.540000 
110 -1.425000 
111 -1.310000 
112 -1.207000 
113 -1.123000 
114 -1.062000 
115 -1.018000 
116 -0.984000 
117 -0.953000 
118 -0.921000 
119 -0.886000 
120 -0.850000 
121 -0.818000 

1 -2.382000 
2 -2.367000 
3 -2.328000 
4 -2.279000 
5 -2.238000 
6 -2.217000 
7 -2.221000 
8 -2.246000 
9 -2.280000 
10 -2.304000 
11 -2.300000 
12 -2.260000 
13 -2.188000 
14 -2.094000 
15 -1.993000 
16 -1.896000 
17 -1.810000 
18 -1.739000 
19 -1.687000 
20 -1.656000 
21 -1.645000 
22 -1.664000 
23 -1.685000 
24 -1.708000 
25 -1.732000 
26 -1.758000 
27 -1.785000 
28 -1.813000 
29 -1.842000 
30 -1.870000 
31 -1.899000 
32 -1.926000 
33 -1.953000 
34 -1.977000 
35 -2.000000 
36 -2.020000 
37 -2.037000 
38 -2.050000 
39 -2.060000 
40 -2.067000 
41 -2.069000 
42 -2.053000 
43 -2.006000 
44 -1.939000 
45 -1.928000 
46 -2.034000 
47 -2.098000 
48 -2.181000 
49 -2.095000 
50 -1.980000 
51 -1.859000 
52 -1.734000 
53 -1.605000 
54 -1.474000 
55 -1.342000 
56 -1.211000 
57 -1.085000 
58 -1.250000 
59 -1.377000 
60 -1.444000 
61 -1.462000 
62 -1.459000 
63 -1.451000 
64 -1.441000 
65 -1.428000 
66 -1.415000 
67 -1.401000 
68 -1.387000 
69 -1.373000 
70 -1.359000 
71 -1.347000 
72 -1.334000 
73 -1.339000 
74 -1.385000 
75 -1.426000 
76 -1.462000 
77 -1.492000 
78 -1.516000 
79 -1.534000 
80 -1.544000 
81 -1.548000 
82 -1.553000 
83 -1.569000 
84 -1.594000 
85 -1.630000 
86 -1.676000 
87 -1.730000 
88 -1.793000 
89 -1.863000 
90 -1.941000 
91 -2.023000 
92 -2.110000 
93 -2.200000 
94 -2.143000 
95 -2.076000 
96 -1.993000 
97 -1.943000 
98 -1.971000 
99 -2.022000 
100 -2.057000 
101 -2.069000 
102 -2.055000 
103 -2.014000 
104 -1.952000 
105 -1.879000 
106 -1.861000 
107 -1.933000 
108 -1.996000 
109 -2.035000 
110 -2.048000 
111 -2.048000 
112 -2.046000 
113 -2.050000 
114 -2.063000 
115 -2.088000 
116 -2.124000 
117 -2.172000 
118 -2.233000 
119 -2.304000 
120 -2.384000 
121 -2.472000 

1 -2.382000 
2 -2.367000 
3 -2.328000 
4 -2.279000 
5 -2.238000 
6 -2.217000 
7 -2.221000 
8 -2.246000 
9 -2.280000 
10 -2.304000 
11 -2.300000 
12 -2.260000 
13 -2.188000 
14 -2.094000 
15 -1.993000 
16 -1.896000 
17 -1.810000 
18 -1.739000 
19 -1.687000 
20 -1.656000 
21 -1.645000 
22 -1.664000 
23 -1.685000 
24 -1.708000 
25 -1.732000 
26 -1.758000 
27 -1.785000 
28 -1.813000 
29 -1.842000 
30 -1.870000 
31 -1.899000 
32 -1.926000 
33 -1.953000 
34 -1.977000 
35 -2.000000 
36 -2.020000 
37 -2.037000 
38 -2.050000 
39 -2.060000 
40 -2.067000 
41 -2.069000 
42 -2.083000 
43 -2.126000 
44 -2.200000 
45 -2.304000 
46 -2.250000 
47 -2.183000 
48 -2.206000 
49 -2.291000 
50 -2.411000 
51 -2.540000 
52 -2.678000 
53 -2.823000 
54 -2.973000 
55 -3.126000 
56 -3.073000 
57 -2.974000 
58 -2.924000 
59 -2.948000 
60 -3.052000 
61 -3.214000 
62 -3.137000 
63 -3.079000 
64 -3.044000 
65 -3.034000 
66 -3.049000 
67 -3.086000 
68 -3.145000 
69 -3.224000 
70 -3.320000 
71 -3.430000 
72 -3.552000 
73 -3.685000 
74 -3.824000 
75 -3.881000 
76 -3.939000 
77 -3.998000 
78 -4.053000 
79 -4.100000 
80 -4.133000 
81 -4.144000 
82 -4.054000 
83 -3.864000 
84 -3.663000 
85 -3.478000 
86 -3.307000 
87 -3.143000 
88 -2.984000 
89 -2.828000 
90 -2.679000 
91 -2.538000 
92 -2.406000 
93 -2.284000 
94 -2.174000 
95 -2.230000 
96 -2.334000 
97 -2.239000 
98 -2.165000 
99 -2.112000 
100 -2.079000 
101 -2.069000 
102 -2.077000 
103 -2.102000 
104 -2.141000 
105 -2.189000 
106 -2.235000 
107 -2.274000 
108 -2.311000 
109 -2.370000 
110 -2.460000 
111 -2.567000 
112 -2.677000 
113 -2.774000 
114 -2.842000 
115 -2.871000 
116 -2.859000 
117 -2.812000 
118 -2.741000 
119 -2.656000 
120 -2.564000 
121 -2.472000 

1 -3.925000 
2 -3.962000 
3 -4.055000 
4 -4.147000 
5 -4.161000 
6 -4.090000 
7 -3.977000 
8 -3.852000 
9 -3.733000 
10 -3.634000 
11 -3.568000 
12 -3.540000 
13 -3.547000 
14 -3.575000 
15 -3.613000 
16 -3.653000 
17 -3.688000 
18 -3.715000 
19 -3.734000 
20 -3.744000 
21 -3.748000 
22 -3.682000 
23 -3.615000 
24 -3.546000 
25 -3.476000 
26 -3.405000 
27 -3.335000 
28 -3.265000 
29 -3.197000 
30 -3.130000 
31 -3.065000 
32 -3.004000 
33 -2.946000 
34 -2.892000 
35 -2.843000 
36 -2.799000 
37 -2.763000 
38 -2.733000 
39 -2.711000 
40 -2.698000 
41 -2.694000 
42 -2.672000 
43 -2.610000 
44 -2.513000 
45 -2.391000 
46 -2.409000 
47 -2.311000 
48 -2.362000 
49 -2.564000 
50 -2.783000 
51 -3.004000 
52 -3.192000 
53 -3.294000 
54 -3.279000 
55 -3.188000 
56 -3.279000 
57 -3.427000 
58 -3.552000 
59 -3.585000 
60 -3.424000 
61 -3.221000 
62 -3.309000 
63 -3.394000 
64 -3.468000 
65 -3.524000 
66 -3.563000 
67 -3.590000 
68 -3.612000 
69 -3.635000 
70 -3.661000 
71 -3.693000 
72 -3.732000 
73 -3.776000 
74 -3.827000 
75 -3.971000 
76 -4.121000 
77 -4.272000 
78 -4.420000 
79 -4.559000 
80 -4.673000 
81 -4.726000 
82 -4.694000 
83 -4.543000 
84 -4.273000 
85 -4.005000 
86 -3.744000 
87 -3.494000 
88 -3.257000 
89 -3.032000 
90 -2.822000 
91 -2.627000 
92 -2.449000 
93 -2.287000 
94 -2.290000 
95 -2.378000 
96 -2.352000 
97 -2.463000 
98 -2.557000 
99 -2.630000 
100 -2.677000 
101 -2.694000 
102 -2.682000 
103 -2.651000 
104 -2.612000 
105 -2.580000 
106 -2.570000 
107 -2.591000 
108 -2.643000 
109 -2.721000 
110 -2.817000 
111 -2.927000 
112 -3.048000 
113 -3.178000 
114 -3.316000 
115 -3.464000 
116 -3.622000 
117 -3.789000 
118 -3.959000 
119 -4.120000 
120 -4.250000 
121 -4.322000 

1 -3.925000 
2 -3.962000 
3 -4.055000 
4 -4.147000 
5 -4.161000 
6 -4.090000 
7 -3.977000 
8 -3.852000 
9 -3.733000 
10 -3.634000 
11 -3.568000 
12 -3.540000 
13 -3.547000 
14 -3.575000 
15 -3.613000 
16 -3.653000 
17 -3.688000 
18 -3.715000 
19 -3.734000 
20 -3.744000 
21 -3.748000 
22 -3.682000 
23 -3.615000 
24 -3.546000 
25 -3.476000 
26 -3.405000 
27 -3.335000 
28 -3.265000 
29 -3.197000 
30 -3.130000 
31 -3.065000 
32 -3.004000 
33 -2.946000 
34 -2.892000 
35 -2.843000 
36 -2.799000 
37 -2.763000 
38 -2.733000 
39 -2.711000 
40 -2.698000 
41 -2.694000 
42 -2.679000 
43 -2.639000 
44 -2.576000 
45 -2.498000 
46 -2.438000 
47 -2.603000 
48 -2.796000 
49 -3.015000 
50 -3.258000 
51 -3.522000 
52 -3.800000 
53 -4.088000 
54 -4.362000 
55 -4.319000 
56 -4.274000 
57 -4.231000 
58 -4.192000 
59 -4.053000 
60 -4.046000 
61 -4.131000 
62 -4.101000 
63 -4.075000 
64 -4.075000 
65 -4.107000 
66 -4.168000 
67 -4.211000 
68 -4.240000 
69 -4.274000 
70 -4.312000 
71 -4.354000 
72 -4.400000 
73 -4.447000 
74 -4.496000 
75 -4.545000 
76 -4.592000 
77 -4.636000 
78 -4.674000 
79 -4.703000 
80 -4.722000 
81 -4.729000 
82 -4.724000 
83 -4.573000 
84 -4.437000 
85 -4.304000 
86 -4.109000 
87 -3.902000 
88 -3.690000 
89 -3.480000 
90 -3.275000 
91 -3.081000 
92 -2.899000 
93 -2.732000 
94 -2.581000 
95 -2.448000 
96 -2.461000 
97 -2.537000 
98 -2.602000 
99 -2.651000 
100 -2.683000 
101 -2.694000 
102 -2.687000 
103 -2.671000 
104 -2.649000 
105 -2.634000 
106 -2.640000 
107 -2.683000 
108 -2.770000 
109 -2.893000 
110 -3.043000 
111 -3.213000 
112 -3.399000 
113 -3.597000 
114 -3.803000 
115 -4.012000 
116 -4.219000 
117 -4.380000 
118 -4.348000 
119 -4.337000 
120 -4.339000 
121 -4.322000 

1 -5.063000 
2 -5.024000 
3 -4.958000 
4 -4.940000 
5 -5.016000 
6 -5.064000 
7 -4.944000 
8 -4.759000 
9 -4.564000 
10 -4.379000 
11 -4.217000 
12 -4.081000 
13 -3.972000 
14 -3.889000 
15 -3.829000 
16 -3.788000 
17 -3.764000 
18 -3.752000 
19 -3.747000 
20 -3.747000 
21 -3.748000 
22 -3.810000 
23 -3.870000 
24 -3.927000 
25 -3.980000 
26 -4.028000 
27 -4.072000 
28 -4.112000 
29 -4.147000 
30 -4.178000 
31 -4.204000 
32 -4.226000 
33 -4.244000 
34 -4.258000 
35 -4.269000 
36 -4.278000 
37 -4.284000 
38 -4.288000 
39 -4.291000 
40 -4.292000 
41 -4.293000 
42 -4.301000 
43 -4.324000 
44 -4.357000 
45 -4.392000 
46 -4.426000 
47 -4.452000 
48 -4.470000 
49 -4.477000 
50 -4.473000 
51 -4.458000 
52 -4.434000 
53 -4.401000 
54 -4.378000 
55 -4.660000 
56 -4.919000 
57 -4.700000 
58 -4.310000 
59 -4.160000 
60 -4.139000 
61 -4.149000 
62 -4.134000 
63 -4.140000 
64 -4.151000 
65 -4.166000 
66 -4.186000 
67 -4.251000 
68 -4.347000 
69 -4.449000 
70 -4.553000 
71 -4.655000 
72 -4.711000 
73 -4.741000 
74 -4.767000 
75 -4.788000 
76 -4.805000 
77 -4.817000 
78 -4.825000 
79 -4.827000 
80 -4.821000 
81 -4.811000 
82 -4.728000 
83 -4.616000 
84 -4.476000 
85 -4.342000 
86 -4.299000 
87 -4.308000 
88 -4.362000 
89 -4.446000 
90 -4.550000 
91 -4.607000 
92 -4.575000 
93 -4.540000 
94 -4.502000 
95 -4.462000 
96 -4.421000 
97 -4.381000 
98 -4.346000 
99 -4.318000 
100 -4.299000 
101 -4.293000 
102 -4.299000 
103 -4.315000 
104 -4.338000 
105 -4.363000 
106 -4.385000 
107 -4.398000 
108 -4.402000 
109 -4.393000 
110 -4.374000 
111 -4.349000 
112 -4.327000 
113 -4.318000 
114 -4.336000 
115 -4.388000 
116 -4.430000 
117 -4.417000 
118 -4.595000 
119 -4.740000 
120 -4.838000 
121 -4.879000 

1 -5.063000 
2 -5.024000 
3 -4.958000 
4 -4.940000 
5 -5.016000 
6 -5.064000 
7 -4.944000 
8 -4.759000 
9 -4.564000 
10 -4.379000 
11 -4.217000 
12 -4.081000 
13 -3.972000 
14 -3.889000 
15 -3.829000 
16 -3.788000 
17 -3.764000 
18 -3.752000 
19 -3.747000 
20 -3.747000 
21 -3.748000 
22 -3.810000 
23 -3.870000 
24 -3.927000 
25 -3.980000 
26 -4.028000 
27 -4.072000 
28 -4.112000 
29 -4.147000 
30 -4.178000 
31 -4.204000 
32 -4.226000 
33 -4.244000 
34 -4.258000 
35 -4.269000 
36 -4.278000 
37 -4.284000 
38 -4.288000 
39 -4.291000 
40 -4.292000 
41 -4.293000 
42 -4.316000 
43 -4.384000 
44 -4.490000 
45 -4.628000 
46 -4.790000 
47 -4.973000 
48 -4.870000 
49 -4.746000 
50 -4.618000 
51 -4.503000 
52 -4.440000 
53 -4.484000 
54 -4.664000 
55 -4.932000 
56 -5.131000 
57 -4.999000 
58 -4.747000 
59 -4.508000 
60 -4.305000 
61 -4.154000 
62 -4.213000 
63 -4.274000 
64 -4.333000 
65 -4.391000 
66 -4.447000 
67 -4.500000 
68 -4.550000 
69 -4.596000 
70 -4.638000 
71 -4.677000 
72 -4.753000 
73 -4.844000 
74 -4.928000 
75 -5.001000 
76 -5.060000 
77 -5.098000 
78 -5.098000 
79 -5.063000 
80 -5.027000 
81 -5.013000 
82 -4.827000 
83 -4.725000 
84 -4.720000 
85 -4.714000 
86 -4.704000 
87 -4.692000 
88 -4.676000 
89 -4.657000 
90 -4.634000 
91 -4.662000 
92 -4.774000 
93 -4.880000 
94 -4.940000 
95 -4.797000 
96 -4.664000 
97 -4.543000 
98 -4.441000 
99 -4.361000 
100 -4.310000 
101 -4.293000 
102 -4.310000 
103 -4.356000 
104 -4.422000 
105 -4.494000 
106 -4.561000 
107 -4.615000 
108 -4.652000 
109 -4.671000 
110 -4.675000 
111 -4.665000 
112 -4.640000 
113 -4.601000 
114 -4.550000 
115 -4.490000 
116 -4.473000 
117 -4.582000 
118 -4.696000 
119 -4.795000 
120 -4.861000 
121 -4.879000 

1 -5.364000 
2 -5.393000 
3 -5.436000 
4 -5.447000 
5 -5.425000 
6 -5.488000 
7 -5.738000 
8 -6.057000 
9 -6.381000 
10 -6.685000 
11 -6.959000 
12 -7.201000 
13 -7.416000 
14 -7.606000 
15 -7.771000 
16 -7.913000 
17 -8.030000 
18 -8.121000 
19 -8.187000 
20 -8.226000 
21 -8.239000 
22 -8.037000 
23 -7.830000 
24 -7.620000 
25 -7.409000 
26 -7.199000 
27 -6.992000 
28 -6.789000 
29 -6.593000 
30 -6.405000 
31 -6.226000 
32 -6.059000 
33 -5.904000 
34 -5.764000 
35 -5.639000 
36 -5.531000 
37 -5.440000 
38 -5.369000 
39 -5.318000 
40 -5.286000 
41 -5.276000 
42 -5.269000 
43 -5.246000 
44 -5.208000 
45 -5.151000 
46 -5.076000 
47 -4.982000 
48 -5.171000 
49 -5.382000 
50 -5.603000 
51 -5.832000 
52 -6.067000 
53 -6.306000 
54 -6.089000 
55 -5.618000 
56 -5.155000 
57 -5.164000 
58 -5.352000 
59 -5.488000 
60 -5.567000 
61 -5.591000 
62 -5.586000 
63 -5.572000 
64 -5.551000 
65 -5.524000 
66 -5.494000 
67 -5.462000 
68 -5.428000 
69 -5.394000 
70 -5.361000 
71 -5.330000 
72 -5.300000 
73 -5.274000 
74 -5.251000 
75 -5.232000 
76 -5.217000 
77 -5.206000 
78 -5.201000 
79 -5.203000 
80 -5.220000 
81 -5.262000 
82 -5.359000 
83 -5.570000 
84 -5.821000 
85 -6.091000 
86 -6.035000 
87 -5.928000 
88 -5.808000 
89 -5.676000 
90 -5.535000 
91 -5.389000 
92 -5.239000 
93 -5.088000 
94 -4.976000 
95 -5.059000 
96 -5.128000 
97 -5.184000 
98 -5.225000 
99 -5.254000 
100 -5.271000 
101 -5.276000 
102 -5.281000 
103 -5.296000 
104 -5.322000 
105 -5.358000 
106 -5.405000 
107 -5.457000 
108 -5.511000 
109 -5.557000 
110 -5.589000 
111 -5.606000 
112 -5.610000 
113 -5.605000 
114 -5.598000 
115 -5.590000 
116 -5.575000 
117 -5.543000 
118 -5.482000 
119 -5.395000 
120 -5.306000 
121 -5.265000 

1 -5.364000 
2 -5.393000 
3 -5.436000 
4 -5.447000 
5 -5.425000 
6 -5.488000 
7 -5.738000 
8 -6.057000 
9 -6.381000 
10 -6.685000 
11 -6.959000 
12 -7.201000 
13 -7.416000 
14 -7.606000 
15 -7.771000 
16 -7.913000 
17 -8.030000 
18 -8.121000 
19 -8.187000 
20 -8.226000 
21 -8.239000 
22 -8.435000 
23 -8.621000 
24 -8.796000 
25 -8.958000 
26 -9.105000 
27 -9.084000 
28 -9.051000 
29 -9.021000 
30 -8.993000 
31 -8.969000 
32 -8.948000 
33 -8.930000 
34 -8.915000 
35 -8.902000 
36 -8.892000 
37 -8.884000 
38 -8.878000 
39 -8.874000 
40 -8.871000 
41 -8.870000 
42 -8.856000 
43 -8.813000 
44 -8.744000 
45 -8.650000 
46 -8.528000 
47 -8.374000 
48 -8.186000 
49 -7.956000 
50 -7.660000 
51 -7.318000 
52 -6.953000 
53 -6.546000 
54 -6.209000 
55 -5.875000 
56 -5.695000 
57 -5.909000 
58 -6.294000 
59 -6.710000 
60 -7.119000 
61 -7.446000 
62 -7.375000 
63 -7.237000 
64 -7.090000 
65 -6.941000 
66 -6.791000 
67 -6.641000 
68 -6.492000 
69 -6.344000 
70 -6.198000 
71 -6.054000 
72 -5.914000 
73 -5.779000 
74 -5.649000 
75 -5.527000 
76 -5.418000 
77 -5.330000 
78 -5.282000 
79 -5.276000 
80 -5.282000 
81 -5.271000 
82 -5.435000 
83 -5.742000 
84 -6.028000 
85 -6.125000 
86 -6.372000 
87 -6.660000 
88 -6.951000 
89 -7.241000 
90 -7.524000 
91 -7.794000 
92 -8.012000 
93 -8.189000 
94 -8.346000 
95 -8.483000 
96 -8.599000 
97 -8.695000 
98 -8.771000 
99 -8.826000 
100 -8.859000 
101 -8.870000 
102 -8.860000 
103 -8.830000 
104 -8.783000 
105 -8.722000 
106 -8.652000 
107 -8.576000 
108 -8.497000 
109 -8.416000 
110 -8.334000 
111 -8.238000 
112 -8.067000 
113 -7.817000 
114 -7.435000 
115 -6.994000 
116 -6.554000 
117 -6.146000 
118 -5.790000 
119 -5.509000 
120 -5.327000 
121 -5.265000 

1 -7.114000 
2 -7.097000 
3 -7.058000 
4 -7.028000 
5 -7.043000 
6 -7.123000 
7 -7.266000 
8 -7.465000 
9 -7.711000 
10 -7.995000 
11 -8.300000 
12 -8.605000 
13 -8.884000 
14 -9.114000 
15 -9.274000 
16 -9.347000 
17 -9.359000 
18 -9.351000 
19 -9.341000 
20 -9.334000 
21 -9.331000 
22 -9.286000 
23 -9.242000 
24 -9.199000 
25 -9.159000 
26 -9.120000 
27 -9.084000 
28 -9.051000 
29 -9.021000 
30 -8.993000 
31 -8.969000 
32 -8.948000 
33 -8.930000 
34 -8.915000 
35 -8.902000 
36 -8.892000 
37 -8.884000 
38 -8.878000 
39 -8.874000 
40 -8.871000 
41 -8.870000 
42 -8.868000 
43 -8.856000 
44 -8.819000 
45 -8.744000 
46 -8.624000 
47 -8.454000 
48 -8.235000 
49 -7.969000 
50 -7.680000 
51 -7.351000 
52 -6.972000 
53 -6.578000 
54 -6.548000 
55 -6.790000 
56 -7.032000 
57 -7.271000 
58 -7.507000 
59 -7.619000 
60 -7.529000 
61 -7.450000 
62 -7.407000 
63 -7.362000 
64 -7.311000 
65 -7.252000 
66 -7.183000 
67 -7.104000 
68 -7.014000 
69 -6.913000 
70 -6.800000 
71 -6.677000 
72 -6.545000 
73 -6.404000 
74 -6.256000 
75 -6.102000 
76 -5.945000 
77 -5.787000 
78 -5.631000 
79 -5.484000 
80 -5.357000 
81 -5.286000 
82 -5.462000 
83 -5.770000 
84 -6.194000 
85 -6.313000 
86 -6.592000 
87 -6.863000 
88 -7.123000 
89 -7.370000 
90 -7.602000 
91 -7.816000 
92 -8.045000 
93 -8.269000 
94 -8.459000 
95 -8.611000 
96 -8.724000 
97 -8.799000 
98 -8.842000 
99 -8.862000 
100 -8.869000 
101 -8.870000 
102 -8.870000 
103 -8.866000 
104 -8.854000 
105 -8.827000 
106 -8.779000 
107 -8.709000 
108 -8.617000 
109 -8.506000 
110 -8.380000 
111 -8.251000 
112 -8.167000 
113 -8.080000 
114 -7.972000 
115 -7.795000 
116 -7.650000 
117 -7.539000 
118 -7.478000 
119 -7.475000 
120 -7.529000 
121 -7.630000 

1 -7.114000 
2 -7.097000 
3 -7.058000 
4 -7.028000 
5 -7.043000 
6 -7.123000 
7 -7.266000 
8 -7.465000 
9 -7.711000 
10 -7.995000 
11 -8.300000 
12 -8.605000 
13 -8.884000 
14 -9.114000 
15 -9.274000 
16 -9.347000 
17 -9.359000 
18 -9.351000 
19 -9.341000 
20 -9.334000 
21 -9.331000 
22 -9.286000 
23 -9.242000 
24 -9.199000 
25 -9.159000 
26 -9.120000 
27 -9.235000 
28 -9.348000 
29 -9.441000 
30 -9.514000 
31 -9.569000 
32 -9.604000 
33 -9.622000 
34 -9.625000 
35 -9.617000 
36 -9.600000 
37 -9.579000 
38 -9.557000 
39 -9.538000 
40 -9.526000 
41 -9.522000 
42 -9.523000 
43 -9.525000 
44 -9.527000 
45 -9.529000 
46 -9.528000 
47 -9.522000 
48 -9.510000 
49 -9.491000 
50 -9.462000 
51 -9.329000 
52 -9.031000 
53 -8.748000 
54 -8.489000 
55 -8.257000 
56 -8.052000 
57 -7.877000 
58 -7.733000 
59 -7.737000 
60 -7.862000 
61 -7.635000 
62 -7.741000 
63 -7.900000 
64 -7.849000 
65 -7.735000 
66 -7.619000 
67 -7.502000 
68 -7.384000 
69 -7.267000 
70 -7.150000 
71 -7.035000 
72 -6.922000 
73 -6.813000 
74 -6.710000 
75 -6.613000 
76 -6.524000 
77 -6.447000 
78 -6.383000 
79 -6.334000 
80 -6.304000 
81 -6.294000 
82 -6.283000 
83 -6.251000 
84 -6.198000 
85 -6.664000 
86 -7.158000 
87 -7.662000 
88 -8.160000 
89 -8.640000 
90 -9.086000 
91 -9.482000 
92 -9.508000 
93 -9.518000 
94 -9.525000 
95 -9.528000 
96 -9.529000 
97 -9.528000 
98 -9.526000 
99 -9.524000 
100 -9.522000 
101 -9.522000 
102 -9.526000 
103 -9.537000 
104 -9.546000 
105 -9.547000 
106 -9.534000 
107 -9.499000 
108 -9.437000 
109 -9.337000 
110 -9.175000 
111 -8.910000 
112 -8.554000 
113 -8.211000 
114 -7.991000 
115 -7.900000 
116 -7.811000 
117 -7.730000 
118 -7.666000 
119 -7.633000 
120 -7.645000 
121 -7.630000 

1 -8.415000 
2 -8.433000 
3 -8.490000 
4 -8.580000 
5 -8.692000 
6 -8.813000 
7 -8.934000 
8 -9.048000 
9 -9.150000 
10 -9.237000 
11 -9.307000 
12 -9.359000 
13 -9.394000 
14 -9.416000 
15 -9.431000 
16 -9.452000 
17 -9.462000 
18 -9.438000 
19 -9.391000 
20 -9.348000 
21 -9.331000 
22 -9.376000 
23 -9.422000 
24 -9.467000 
25 -9.512000 
26 -9.555000 
27 -9.597000 
28 -9.637000 
29 -9.675000 
30 -9.710000 
31 -9.743000 
32 -9.774000 
33 -9.801000 
34 -9.825000 
35 -9.846000 
36 -9.864000 
37 -9.879000 
38 -9.890000 
39 -9.898000 
40 -9.903000 
41 -9.905000 
42 -9.913000 
43 -9.938000 
44 -9.975000 
45 -10.016000 
46 -10.047000 
47 -10.056000 
48 -10.036000 
49 -9.897000 
50 -9.626000 
51 -9.422000 
52 -9.370000 
53 -9.305000 
54 -9.225000 
55 -9.119000 
56 -8.899000 
57 -8.661000 
58 -8.407000 
59 -8.139000 
60 -7.959000 
61 -8.173000 
62 -8.069000 
63 -7.960000 
64 -8.053000 
65 -8.193000 
66 -8.316000 
67 -8.423000 
68 -8.511000 
69 -8.580000 
70 -8.631000 
71 -8.663000 
72 -8.679000 
73 -8.680000 
74 -8.668000 
75 -8.648000 
76 -8.622000 
77 -8.594000 
78 -8.567000 
79 -8.546000 
80 -8.532000 
81 -8.527000 
82 -8.557000 
83 -8.643000 
84 -8.774000 
85 -8.936000 
86 -9.113000 
87 -9.293000 
88 -9.445000 
89 -9.463000 
90 -9.480000 
91 -9.495000 
92 -9.814000 
93 -9.989000 
94 -10.014000 
95 -10.017000 
96 -10.004000 
97 -9.981000 
98 -9.953000 
99 -9.929000 
100 -9.911000 
101 -9.905000 
102 -9.910000 
103 -9.922000 
104 -9.938000 
105 -9.954000 
106 -9.961000 
107 -9.955000 
108 -9.929000 
109 -9.838000 
110 -9.578000 
111 -9.339000 
112 -9.143000 
113 -8.965000 
114 -8.790000 
115 -8.615000 
116 -8.439000 
117 -8.264000 
118 -8.090000 
119 -7.921000 
120 -7.765000 
121 -7.711000 

1 -8.415000 
2 -8.433000 
3 -8.490000 
4 -8.580000 
5 -8.692000 
6 -8.813000 
7 -8.934000 
8 -9.048000 
9 -9.150000 
10 -9.237000 
11 -9.307000 
12 -9.359000 
13 -9.394000 
14 -9.416000 
15 -9.431000 
16 -9.452000 
17 -9.462000 
18 -9.438000 
19 -9.391000 
20 -9.348000 
21 -9.331000 
22 -9.376000 
23 -9.422000 
24 -9.467000 
25 -9.512000 
26 -9.555000 
27 -9.597000 
28 -9.637000 
29 -9.675000 
30 -9.710000 
31 -9.743000 
32 -9.774000 
33 -9.801000 
34 -9.825000 
35 -9.846000 
36 -9.864000 
37 -9.879000 
38 -9.890000 
39 -9.898000 
40 -9.903000 
41 -9.905000 
42 -9.945000 
43 -10.050000 
44 -10.176000 
45 -10.276000 
46 -10.311000 
47 -10.258000 
48 -10.116000 
49 -9.983000 
50 -9.901000 
51 -9.791000 
52 -9.657000 
53 -9.499000 
54 -9.319000 
55 -9.129000 
56 -9.016000 
57 -8.884000 
58 -8.735000 
59 -8.567000 
60 -8.382000 
61 -8.182000 
62 -8.282000 
63 -8.382000 
64 -8.478000 
65 -8.571000 
66 -8.660000 
67 -8.745000 
68 -8.826000 
69 -8.902000 
70 -8.973000 
71 -9.039000 
72 -9.099000 
73 -9.154000 
74 -9.203000 
75 -9.246000 
76 -9.282000 
77 -9.312000 
78 -9.336000 
79 -9.353000 
80 -9.363000 
81 -9.366000 
82 -9.368000 
83 -9.374000 
84 -9.383000 
85 -9.396000 
86 -9.411000 
87 -9.427000 
88 -9.465000 
89 -9.621000 
90 -9.754000 
91 -9.860000 
92 -9.939000 
93 -10.069000 
94 -10.236000 
95 -10.313000 
96 -10.308000 
97 -10.238000 
98 -10.131000 
99 -10.019000 
100 -9.936000 
101 -9.905000 
102 -9.934000 
103 -10.012000 
104 -10.113000 
105 -10.198000 
106 -10.231000 
107 -10.186000 
108 -10.052000 
109 -9.877000 
110 -9.795000 
111 -9.681000 
112 -9.535000 
113 -9.358000 
114 -9.155000 
115 -8.931000 
116 -8.693000 
117 -8.452000 
118 -8.220000 
119 -8.009000 
120 -7.835000 
121 -7.711000 

