1 5.902100 
2 5.952100 
3 6.086100 
4 6.276100 
5 6.489100 
6 6.699100 
7 6.890100 
8 7.048100 
9 7.165100 
10 7.238100 
11 7.262100 
12 7.248100 
13 7.207100 
14 7.145100 
15 7.071100 
16 7.000100 
17 6.956100 
18 6.969100 
19 7.071100 
20 7.279100 
21 7.579100 
22 7.940100 
23 8.325100 
24 8.705100 
25 9.059100 
26 9.375100 
27 9.643100 
28 9.856100 
29 10.011100 
30 10.105100 
31 10.136100 
32 10.113100 
33 10.042100 
34 9.927100 
35 9.768100 
36 9.570100 
37 9.337100 
38 9.078100 
39 8.801100 
40 8.520100 
41 8.252100 
42 8.013100 
43 7.819100 
44 7.676100 
45 7.583100 
46 7.529100 
47 7.504100 
48 7.495100 
49 7.494100 
50 7.496100 
51 7.497100 
52 7.452100 
53 7.320100 
54 7.110100 
55 6.842100 
56 6.551100 
57 6.300100 
58 6.169100 
59 6.186100 
60 6.291100 
61 6.420100 
62 6.229100 
63 6.043100 
64 5.880100 
65 5.775100 
66 5.771100 
67 5.895100 
68 6.138100 
69 6.470100 
70 6.861100 
71 7.285100 
72 7.722100 
73 8.155100 
74 8.569100 
75 8.952100 
76 9.295100 
77 9.588100 
78 9.823100 
79 9.996100 
80 10.101100 
81 10.136100 
82 10.113100 
83 10.042100 
84 9.927100 
85 9.768100 
86 9.570100 
87 9.337100 
88 9.078100 
89 8.801100 
90 8.520100 
91 8.252100 
92 8.013100 
93 7.819100 
94 7.676100 
95 7.583100 
96 7.529100 
97 7.504100 
98 7.495100 
99 7.494100 
100 7.496100 
101 7.497100 

1 4.671100 
2 5.069100 
3 5.427100 
4 5.744100 
5 6.020100 
6 6.254100 
7 6.445100 
8 6.595100 
9 6.702100 
10 6.766100 
11 6.787100 
12 6.772100 
13 6.727100 
14 6.653100 
15 6.550100 
16 6.421100 
17 6.266100 
18 6.090100 
19 5.894100 
20 5.683100 
21 5.460100 
22 5.232100 
23 5.002100 
24 4.779100 
25 4.567100 
26 4.374100 
27 4.206100 
28 4.068100 
29 3.965100 
30 3.902100 
31 3.881100 
32 3.892100 
33 3.925100 
34 3.976100 
35 4.041100 
36 4.114100 
37 4.186100 
38 4.249100 
39 4.290100 
40 4.294100 
41 4.243100 
42 4.121100 
43 3.913100 
44 3.674100 
45 3.752100 
46 3.826100 
47 3.892100 
48 3.946100 
49 3.986100 
50 4.010100 
51 4.018100 
52 4.053100 
53 4.153100 
54 4.309100 
55 4.504100 
56 4.715100 
57 4.919100 
58 5.103100 
59 5.291100 
60 5.492100 
61 5.689100 
62 5.416100 
63 5.175100 
64 4.978100 
65 4.818100 
66 4.665100 
67 4.683100 
68 4.787100 
69 4.841100 
70 4.850100 
71 4.818100 
72 4.750100 
73 4.654100 
74 4.536100 
75 4.407100 
76 4.274100 
77 4.149100 
78 4.039100 
79 3.954100 
80 3.900100 
81 3.881100 
82 3.892100 
83 3.925100 
84 3.976100 
85 4.041100 
86 4.114100 
87 4.186100 
88 4.249100 
89 4.290100 
90 4.294100 
91 4.243100 
92 4.121100 
93 3.913100 
94 3.674100 
95 3.752100 
96 3.826100 
97 3.892100 
98 3.946100 
99 3.986100 
100 4.010100 
101 4.018100 

1 4.671100 
2 4.233100 
3 3.756100 
4 3.242100 
5 2.692100 
6 2.108100 
7 1.493100 
8 0.852100 
9 0.196100 
10 -0.441900 
11 -0.826900 
12 -0.693900 
13 -0.325900 
14 0.204100 
15 0.815100 
16 1.439100 
17 2.017100 
18 2.496100 
19 2.834100 
20 3.007100 
21 3.028100 
22 2.929100 
23 2.752100 
24 2.916100 
25 3.171100 
26 3.388100 
27 3.565100 
28 3.704100 
29 3.802100 
30 3.861100 
31 3.881100 
32 3.869100 
33 3.833100 
34 3.776100 
35 3.703100 
36 3.623100 
37 3.545100 
38 3.483100 
39 3.448100 
40 3.445100 
41 3.474100 
42 3.527100 
43 3.597100 
44 3.674100 
45 3.752100 
46 3.826100 
47 3.892100 
48 3.946100 
49 3.986100 
50 4.010100 
51 4.018100 
52 3.975100 
53 3.848100 
54 3.638100 
55 3.352100 
56 3.269100 
57 3.560100 
58 3.659100 
59 3.530100 
60 3.246100 
61 2.925100 
62 3.356100 
63 3.733100 
64 4.053100 
65 4.318100 
66 4.527100 
67 4.491100 
68 4.295100 
69 4.090100 
70 3.891100 
71 3.711100 
72 3.561100 
73 3.455100 
74 3.404100 
75 3.415100 
76 3.483100 
77 3.615100 
78 3.731100 
79 3.814100 
80 3.864100 
81 3.881100 
82 3.869100 
83 3.833100 
84 3.776100 
85 3.703100 
86 3.623100 
87 3.545100 
88 3.483100 
89 3.448100 
90 3.445100 
91 3.474100 
92 3.527100 
93 3.597100 
94 3.674100 
95 3.752100 
96 3.826100 
97 3.892100 
98 3.946100 
99 3.986100 
100 4.010100 
101 4.018100 

1 1.764100 
2 1.688100 
3 1.475100 
4 1.160100 
5 0.784100 
6 0.384100 
7 -0.004900 
8 -0.351900 
9 -0.624900 
10 -0.801900 
11 -0.861900 
12 -0.845900 
13 -0.798900 
14 -0.721900 
15 -0.617900 
16 -0.269900 
17 0.197100 
18 0.660100 
19 1.107100 
20 1.532100 
21 1.929100 
22 2.293100 
23 2.622100 
24 2.916100 
25 3.171100 
26 3.388100 
27 3.565100 
28 3.704100 
29 3.802100 
30 3.861100 
31 3.881100 
32 3.869100 
33 3.833100 
34 3.776100 
35 3.703100 
36 3.623100 
37 3.545100 
38 3.483100 
39 3.448100 
40 3.445100 
41 3.474100 
42 3.527100 
43 3.597100 
44 3.618100 
45 3.244100 
46 2.814100 
47 2.359100 
48 1.919100 
49 1.543100 
50 1.284100 
51 1.192100 
52 1.401100 
53 1.859100 
54 2.371100 
55 2.856100 
56 3.000100 
57 2.594100 
58 2.155100 
59 1.716100 
60 1.322100 
61 1.023100 
62 1.368100 
63 1.679100 
64 1.948100 
65 2.172100 
66 2.347100 
67 2.473100 
68 2.549100 
69 2.578100 
70 2.562100 
71 2.506100 
72 2.590100 
73 2.848100 
74 3.082100 
75 3.289100 
76 3.467100 
77 3.588100 
78 3.700100 
79 3.796100 
80 3.859100 
81 3.881100 
82 3.869100 
83 3.833100 
84 3.776100 
85 3.703100 
86 3.623100 
87 3.545100 
88 3.483100 
89 3.448100 
90 3.445100 
91 3.474100 
92 3.527100 
93 3.597100 
94 3.618100 
95 3.244100 
96 2.814100 
97 2.359100 
98 1.919100 
99 1.543100 
100 1.284100 
101 1.192100 

1 -1.802900 
2 -1.802900 
3 -1.802900 
4 -1.801900 
5 -1.801900 
6 -1.800900 
7 -1.800900 
8 -1.799900 
9 -1.799900 
10 -1.799900 
11 -1.799900 
12 -1.716900 
13 -1.484900 
14 -1.139900 
15 -0.723900 
16 -0.269900 
17 0.197100 
18 0.660100 
19 1.107100 
20 1.532100 
21 1.929100 
22 2.293100 
23 2.622100 
24 2.532100 
25 2.294100 
26 2.060100 
27 1.847100 
28 1.667100 
29 1.530100 
30 1.445100 
31 1.416100 
32 1.422100 
33 1.439100 
34 1.464100 
35 1.490100 
36 1.507100 
37 1.503100 
38 1.466100 
39 1.381100 
40 1.244100 
41 1.056100 
42 0.827100 
43 0.567100 
44 0.289100 
45 0.008100 
46 -0.263900 
47 -0.512900 
48 -0.724900 
49 -0.887900 
50 -0.989900 
51 -1.024900 
52 -1.013900 
53 -0.980900 
54 -0.929900 
55 -0.865900 
56 -0.797900 
57 -0.732900 
58 -0.686900 
59 -0.675900 
60 -0.726900 
61 -0.860900 
62 -0.585900 
63 -0.287900 
64 0.028100 
65 0.356100 
66 0.692100 
67 1.030100 
68 1.365100 
69 1.693100 
70 2.008100 
71 2.309100 
72 2.416100 
73 2.298100 
74 2.160100 
75 2.011100 
76 1.860100 
77 1.718100 
78 1.594100 
79 1.498100 
80 1.436100 
81 1.416100 
82 1.422100 
83 1.439100 
84 1.464100 
85 1.490100 
86 1.507100 
87 1.503100 
88 1.466100 
89 1.381100 
90 1.244100 
91 1.056100 
92 0.827100 
93 0.567100 
94 0.289100 
95 0.008100 
96 -0.263900 
97 -0.512900 
98 -0.724900 
99 -0.887900 
100 -0.989900 
101 -1.024900 

1 -7.856900 
2 -7.422900 
3 -6.910900 
4 -6.332900 
5 -5.698900 
6 -5.022900 
7 -4.316900 
8 -3.595900 
9 -2.876900 
10 -2.198900 
11 -1.799900 
12 -1.716900 
13 -1.484900 
14 -1.139900 
15 -0.723900 
16 -0.489900 
17 -0.341900 
18 -0.179900 
19 -0.006900 
20 0.171100 
21 0.351100 
22 0.526100 
23 0.694100 
24 0.851100 
25 0.993100 
26 1.117100 
27 1.222100 
28 1.306100 
29 1.366100 
30 1.403100 
31 1.416100 
32 1.422100 
33 1.439100 
34 1.464100 
35 1.490100 
36 1.507100 
37 1.503100 
38 1.466100 
39 1.381100 
40 1.244100 
41 1.056100 
42 0.827100 
43 0.567100 
44 0.289100 
45 0.008100 
46 -0.263900 
47 -0.512900 
48 -0.724900 
49 -0.887900 
50 -0.989900 
51 -1.024900 
52 -1.276900 
53 -1.860900 
54 -2.581900 
55 -3.350900 
56 -4.112900 
57 -4.805900 
58 -5.340900 
59 -5.671900 
60 -5.899900 
61 -6.168900 
62 -5.695900 
63 -5.245900 
64 -4.810900 
65 -4.369900 
66 -3.888900 
67 -3.347900 
68 -2.745900 
69 -2.104900 
70 -1.453900 
71 -0.822900 
72 -0.240900 
73 0.268100 
74 0.683100 
75 0.992100 
76 1.196100 
77 1.315100 
78 1.376100 
79 1.403100 
80 1.413100 
81 1.416100 
82 1.422100 
83 1.439100 
84 1.464100 
85 1.490100 
86 1.507100 
87 1.503100 
88 1.466100 
89 1.381100 
90 1.244100 
91 1.056100 
92 0.827100 
93 0.567100 
94 0.289100 
95 0.008100 
96 -0.263900 
97 -0.512900 
98 -0.724900 
99 -0.887900 
100 -0.989900 
101 -1.024900 

1 -7.856900 
2 -8.207900 
3 -8.470900 
4 -8.465900 
5 -8.458900 
6 -8.462900 
7 -8.484900 
8 -8.523900 
9 -8.576900 
10 -8.625900 
11 -8.645900 
12 -8.747900 
13 -9.035900 
14 -9.466900 
15 -9.992900 
16 -10.568900 
17 -11.155900 
18 -11.720900 
19 -12.232900 
20 -12.665900 
21 -12.996900 
22 -13.207900 
23 -13.287900 
24 -13.236900 
25 -13.065900 
26 -12.799900 
27 -12.479900 
28 -12.151900 
29 -11.868900 
30 -11.677900 
31 -11.609900 
32 -11.644900 
33 -11.747900 
34 -11.909900 
35 -12.118900 
36 -12.358900 
37 -12.611900 
38 -12.858900 
39 -13.082900 
40 -13.266900 
41 -13.400900 
42 -13.450900 
43 -12.737900 
44 -11.938900 
45 -11.094900 
46 -10.247900 
47 -9.438900 
48 -8.715900 
49 -8.134900 
50 -7.751900 
51 -7.616900 
52 -7.590900 
53 -7.514900 
54 -7.399900 
55 -7.264900 
56 -7.141900 
57 -7.081900 
58 -7.159900 
59 -7.371900 
60 -7.483900 
61 -7.151900 
62 -8.054900 
63 -8.939900 
64 -9.796900 
65 -10.610900 
66 -10.748900 
67 -11.017900 
68 -11.475900 
69 -12.082900 
70 -12.773900 
71 -13.475900 
72 -13.849900 
73 -13.541900 
74 -13.202900 
75 -12.854900 
76 -12.519900 
77 -12.216900 
78 -11.961900 
79 -11.769900 
80 -11.650900 
81 -11.609900 
82 -11.644900 
83 -11.747900 
84 -11.909900 
85 -12.118900 
86 -12.358900 
87 -12.611900 
88 -12.858900 
89 -13.082900 
90 -13.266900 
91 -13.400900 
92 -13.450900 
93 -12.737900 
94 -11.938900 
95 -11.094900 
96 -10.247900 
97 -9.438900 
98 -8.715900 
99 -8.134900 
100 -7.751900 
101 -7.616900 

1 -8.489900 
2 -8.485900 
3 -8.476900 
4 -8.649900 
5 -8.750900 
6 -8.786900 
7 -8.776900 
8 -8.738900 
9 -8.693900 
10 -8.658900 
11 -8.645900 
12 -8.747900 
13 -9.035900 
14 -9.466900 
15 -9.992900 
16 -10.568900 
17 -11.155900 
18 -11.720900 
19 -12.232900 
20 -12.665900 
21 -12.996900 
22 -13.207900 
23 -13.287900 
24 -13.236900 
25 -13.065900 
26 -12.799900 
27 -12.479900 
28 -12.151900 
29 -11.868900 
30 -11.677900 
31 -11.609900 
32 -11.644900 
33 -11.747900 
34 -11.909900 
35 -12.118900 
36 -12.358900 
37 -12.611900 
38 -12.858900 
39 -13.082900 
40 -13.266900 
41 -13.400900 
42 -13.478900 
43 -13.498900 
44 -13.464900 
45 -13.386900 
46 -13.277900 
47 -13.154900 
48 -13.033900 
49 -12.932900 
50 -12.865900 
51 -12.841900 
52 -12.864900 
53 -12.922900 
54 -12.988900 
55 -13.028900 
56 -13.005900 
57 -12.892900 
58 -12.678900 
59 -12.053900 
60 -11.464900 
61 -11.286900 
62 -11.131900 
63 -10.934900 
64 -10.758900 
65 -10.673900 
66 -11.367900 
67 -12.052900 
68 -12.650900 
69 -13.143900 
70 -13.519900 
71 -13.763900 
72 -13.868900 
73 -13.833900 
74 -13.666900 
75 -13.386900 
76 -13.023900 
77 -12.621900 
78 -12.230900 
79 -11.903900 
80 -11.685900 
81 -11.609900 
82 -11.644900 
83 -11.747900 
84 -11.909900 
85 -12.118900 
86 -12.358900 
87 -12.611900 
88 -12.858900 
89 -13.082900 
90 -13.266900 
91 -13.400900 
92 -13.478900 
93 -13.498900 
94 -13.464900 
95 -13.386900 
96 -13.277900 
97 -13.154900 
98 -13.033900 
99 -12.932900 
100 -12.865900 
101 -12.841900 

1 -12.493900 
2 -12.461900 
3 -12.364900 
4 -12.205900 
5 -11.991900 
6 -11.732900 
7 -11.445900 
8 -11.155900 
9 -10.896900 
10 -10.710900 
11 -10.642900 
12 -10.816900 
13 -11.303900 
14 -12.024900 
15 -12.889900 
16 -13.817900 
17 -14.738900 
18 -15.586900 
19 -16.299900 
20 -16.821900 
21 -17.103900 
22 -17.113900 
23 -16.839900 
24 -16.300900 
25 -15.549900 
26 -14.664900 
27 -13.745900 
28 -12.893900 
29 -12.207900 
30 -11.763900 
31 -11.609900 
32 -11.755900 
33 -12.162900 
34 -12.743900 
35 -13.386900 
36 -13.975900 
37 -14.419900 
38 -14.658900 
39 -14.667900 
40 -14.452900 
41 -14.034900 
42 -13.478900 
43 -13.498900 
44 -13.464900 
45 -13.386900 
46 -13.277900 
47 -13.154900 
48 -13.033900 
49 -12.932900 
50 -12.865900 
51 -12.841900 
52 -12.954900 
53 -13.236900 
54 -13.547900 
55 -13.728900 
56 -13.669900 
57 -13.331900 
58 -12.752900 
59 -12.368900 
60 -11.985900 
61 -11.572900 
62 -12.177900 
63 -12.742900 
64 -13.247900 
65 -13.674900 
66 -14.008900 
67 -14.239900 
68 -14.361900 
69 -14.375900 
70 -14.285900 
71 -14.104900 
72 -14.106900 
73 -14.586900 
74 -14.839900 
75 -14.811900 
76 -14.480900 
77 -13.883900 
78 -13.125900 
79 -12.372900 
80 -11.815900 
81 -11.609900 
82 -11.755900 
83 -12.162900 
84 -12.743900 
85 -13.386900 
86 -13.975900 
87 -14.419900 
88 -14.658900 
89 -14.667900 
90 -14.452900 
91 -14.034900 
92 -13.478900 
93 -13.498900 
94 -13.464900 
95 -13.386900 
96 -13.277900 
97 -13.154900 
98 -13.033900 
99 -12.932900 
100 -12.865900 
101 -12.841900 

