1 1.641900 
2 1.617900 
3 1.548900 
4 1.437900 
5 1.292900 
6 1.125900 
7 0.949900 
8 0.782900 
9 0.645900 
10 0.554900 
11 0.522900 
12 0.530900 
13 0.553900 
14 0.592900 
15 0.650900 
16 0.732900 
17 0.853900 
18 1.033900 
19 1.293900 
20 1.640900 
21 2.060900 
22 2.523900 
23 2.995900 
24 3.453900 
25 3.878900 
26 4.257900 
27 4.579900 
28 4.838900 
29 5.027900 
30 5.142900 
31 5.180900 
32 5.129900 
33 4.976900 
34 4.729900 
35 4.404900 
36 4.023900 
37 3.613900 
38 3.206900 
39 2.841900 
40 2.574900 
41 2.472900 
42 2.417900 
43 2.252900 
44 1.987900 
45 1.648900 
46 1.277900 
47 1.141900 
48 1.351900 
49 1.509900 
50 1.608900 
51 1.641900 
52 1.624900 
53 1.578900 
54 1.516900 
55 1.469900 
56 1.499900 
57 1.654900 
58 1.913900 
59 2.235900 
60 2.588900 
61 2.954900 
62 3.319900 
63 3.669900 
64 3.997900 
65 4.294900 
66 4.556900 
67 4.776900 
68 4.951900 
69 5.078900 
70 5.155900 
71 5.180900 
72 5.142900 
73 5.027900 
74 4.838900 
75 4.579900 
76 4.257900 
77 3.878900 
78 3.453900 
79 2.995900 
80 2.523900 
81 2.060900 
82 1.640900 
83 1.293900 
84 1.033900 
85 0.853900 
86 0.732900 
87 0.650900 
88 0.592900 
89 0.553900 
90 0.530900 
91 0.522900 

1 0.207900 
2 0.126900 
3 -0.123100 
4 -0.548100 
5 -1.036100 
6 -0.571100 
7 -0.181100 
8 0.125900 
9 0.345900 
10 0.478900 
11 0.522900 
12 0.497900 
13 0.423900 
14 0.299900 
15 0.129900 
16 -0.083100 
17 -0.333100 
18 -0.601100 
19 -0.854100 
20 -1.019100 
21 -1.020100 
22 -0.874100 
23 -0.664100 
24 -0.446100 
25 -0.248100 
26 -0.078100 
27 0.059900 
28 0.163900 
29 0.235900 
30 0.276900 
31 0.290900 
32 0.276900 
33 0.235900 
34 0.170900 
35 0.085900 
36 -0.011100 
37 -0.112100 
38 -0.207100 
39 -0.176100 
40 -0.061100 
41 -0.007100 
42 0.040900 
43 0.176900 
44 0.383900 
45 0.632900 
46 0.894900 
47 0.922900 
48 0.621900 
49 0.395900 
50 0.255900 
51 0.207900 
52 0.231900 
53 0.298900 
54 0.396900 
55 0.492900 
56 0.525900 
57 0.448900 
58 0.291900 
59 0.112900 
60 -0.038100 
61 -0.124100 
62 -0.141100 
63 -0.107100 
64 -0.045100 
65 0.027900 
66 0.099900 
67 0.165900 
68 0.218900 
69 0.258900 
70 0.282900 
71 0.290900 
72 0.276900 
73 0.235900 
74 0.163900 
75 0.059900 
76 -0.078100 
77 -0.248100 
78 -0.446100 
79 -0.664100 
80 -0.874100 
81 -1.020100 
82 -1.019100 
83 -0.854100 
84 -0.601100 
85 -0.333100 
86 -0.083100 
87 0.129900 
88 0.299900 
89 0.423900 
90 0.497900 
91 0.522900 

1 -3.120100 
2 -2.726100 
3 -2.140100 
4 -1.565100 
5 -1.036100 
6 -0.571100 
7 -0.181100 
8 0.125900 
9 0.345900 
10 0.478900 
11 0.522900 
12 0.497900 
13 0.423900 
14 0.299900 
15 0.129900 
16 -0.083100 
17 -0.333100 
18 -0.601100 
19 -0.854100 
20 -1.019100 
21 -1.020100 
22 -0.874100 
23 -0.664100 
24 -0.446100 
25 -0.248100 
26 -0.078100 
27 0.059900 
28 0.163900 
29 0.235900 
30 0.276900 
31 0.290900 
32 0.267900 
33 0.197900 
34 0.084900 
35 -0.055100 
36 -0.188100 
37 -0.270100 
38 -0.264100 
39 -0.285100 
40 -0.336100 
41 -0.354100 
42 -0.384100 
43 -0.477100 
44 -0.645100 
45 -0.898100 
46 -1.248100 
47 -1.689100 
48 -2.184100 
49 -2.653100 
50 -2.994100 
51 -3.120100 
52 -3.085100 
53 -2.982100 
54 -2.818100 
55 -2.605100 
56 -2.354100 
57 -2.079100 
58 -1.792100 
59 -1.503100 
60 -1.221100 
61 -0.955100 
62 -0.709100 
63 -0.488100 
64 -0.294100 
65 -0.129100 
66 0.007900 
67 0.114900 
68 0.194900 
69 0.249900 
70 0.280900 
71 0.290900 
72 0.276900 
73 0.235900 
74 0.163900 
75 0.059900 
76 -0.078100 
77 -0.248100 
78 -0.446100 
79 -0.664100 
80 -0.874100 
81 -1.020100 
82 -1.019100 
83 -0.854100 
84 -0.601100 
85 -0.333100 
86 -0.083100 
87 0.129900 
88 0.299900 
89 0.423900 
90 0.497900 
91 0.522900 

1 -3.120100 
2 -2.726100 
3 -2.140100 
4 -1.565100 
5 -1.155100 
6 -1.947100 
7 -2.928100 
8 -4.091100 
9 -5.381100 
10 -6.589100 
11 -7.156100 
12 -6.967100 
13 -6.465100 
14 -5.785100 
15 -5.051100 
16 -4.349100 
17 -3.734100 
18 -3.247100 
19 -2.922100 
20 -2.778100 
21 -2.812100 
22 -3.001100 
23 -3.316100 
24 -3.728100 
25 -4.206100 
26 -4.717100 
27 -5.221100 
28 -5.669100 
29 -6.003100 
30 -6.160100 
31 -6.176100 
32 -6.011100 
33 -5.635100 
34 -5.176100 
35 -4.693100 
36 -4.228100 
37 -3.809100 
38 -3.462100 
39 -3.204100 
40 -3.044100 
41 -2.991100 
42 -2.988100 
43 -2.982100 
44 -2.980100 
45 -2.987100 
46 -3.006100 
47 -3.032100 
48 -3.063100 
49 -3.092100 
50 -3.112100 
51 -3.120100 
52 -3.088100 
53 -2.997100 
54 -2.862100 
55 -2.703100 
56 -2.541100 
57 -2.397100 
58 -2.295100 
59 -2.266100 
60 -2.346100 
61 -2.562100 
62 -2.912100 
63 -3.367100 
64 -3.893100 
65 -4.451100 
66 -5.008100 
67 -5.422100 
68 -5.662100 
69 -5.897100 
70 -6.092100 
71 -6.176100 
72 -6.160100 
73 -6.003100 
74 -5.669100 
75 -5.221100 
76 -4.717100 
77 -4.206100 
78 -3.728100 
79 -3.316100 
80 -3.001100 
81 -2.812100 
82 -2.778100 
83 -2.922100 
84 -3.247100 
85 -3.734100 
86 -4.349100 
87 -5.051100 
88 -5.785100 
89 -6.465100 
90 -6.967100 
91 -7.156100 

1 -3.741100 
2 -4.127100 
3 -4.689100 
4 -5.230100 
5 -5.721100 
6 -6.149100 
7 -6.507100 
8 -6.789100 
9 -6.992100 
10 -7.115100 
11 -7.156100 
12 -6.989100 
13 -6.554100 
14 -5.970100 
15 -5.335100 
16 -4.706100 
17 -4.121100 
18 -3.612100 
19 -3.220100 
20 -3.017100 
21 -3.074100 
22 -3.369100 
23 -3.806100 
24 -4.311100 
25 -4.837100 
26 -5.347100 
27 -5.799100 
28 -6.141100 
29 -6.289100 
30 -6.232100 
31 -6.176100 
32 -6.011100 
33 -5.635100 
34 -5.176100 
35 -4.693100 
36 -4.228100 
37 -3.809100 
38 -3.462100 
39 -3.204100 
40 -3.044100 
41 -2.991100 
42 -3.007100 
43 -3.056100 
44 -3.134100 
45 -3.234100 
46 -3.348100 
47 -3.465100 
48 -3.574100 
49 -3.663100 
50 -3.721100 
51 -3.741100 
52 -3.745100 
53 -3.756100 
54 -3.775100 
55 -3.805100 
56 -3.846100 
57 -3.900100 
58 -3.970100 
59 -4.056100 
60 -4.160100 
61 -4.283100 
62 -4.426100 
63 -4.588100 
64 -4.771100 
65 -4.972100 
66 -5.190100 
67 -5.521100 
68 -5.941100 
69 -6.198100 
70 -6.226100 
71 -6.176100 
72 -6.232100 
73 -6.289100 
74 -6.141100 
75 -5.799100 
76 -5.347100 
77 -4.837100 
78 -4.311100 
79 -3.806100 
80 -3.369100 
81 -3.074100 
82 -3.017100 
83 -3.220100 
84 -3.612100 
85 -4.121100 
86 -4.706100 
87 -5.335100 
88 -5.970100 
89 -6.554100 
90 -6.989100 
91 -7.156100 

1 -3.741100 
2 -4.127100 
3 -4.689100 
4 -5.230100 
5 -5.721100 
6 -6.149100 
7 -6.507100 
8 -6.789100 
9 -6.992100 
10 -7.115100 
11 -7.156100 
12 -6.989100 
13 -6.554100 
14 -5.970100 
15 -5.335100 
16 -4.706100 
17 -4.121100 
18 -3.612100 
19 -3.220100 
20 -3.017100 
21 -3.074100 
22 -3.369100 
23 -3.806100 
24 -4.311100 
25 -4.837100 
26 -5.347100 
27 -5.799100 
28 -6.141100 
29 -6.289100 
30 -6.232100 
31 -6.176100 
32 -6.688100 
33 -7.335100 
34 -7.401100 
35 -7.485100 
36 -7.579100 
37 -7.675100 
38 -7.496100 
39 -7.306100 
40 -7.164100 
41 -7.111100 
42 -6.943100 
43 -6.559100 
44 -6.082100 
45 -5.572100 
46 -5.074100 
47 -4.624100 
48 -4.250100 
49 -3.971100 
50 -3.799100 
51 -3.741100 
52 -3.756100 
53 -3.802100 
54 -3.878100 
55 -3.984100 
56 -4.120100 
57 -4.284100 
58 -4.476100 
59 -4.694100 
60 -4.936100 
61 -5.197100 
62 -5.472100 
63 -5.757100 
64 -6.043100 
65 -6.321100 
66 -6.582100 
67 -6.815100 
68 -7.009100 
69 -6.609100 
70 -6.286100 
71 -6.176100 
72 -6.232100 
73 -6.289100 
74 -6.141100 
75 -5.799100 
76 -5.347100 
77 -4.837100 
78 -4.311100 
79 -3.806100 
80 -3.369100 
81 -3.074100 
82 -3.017100 
83 -3.220100 
84 -3.612100 
85 -4.121100 
86 -4.706100 
87 -5.335100 
88 -5.970100 
89 -6.554100 
90 -6.989100 
91 -7.156100 

1 -6.137100 
2 -6.328100 
3 -6.957100 
4 -8.142100 
5 -9.923100 
6 -12.097100 
7 -12.746100 
8 -12.824100 
9 -12.886100 
10 -12.927100 
11 -12.940100 
12 -13.110100 
13 -13.545100 
14 -14.099100 
15 -14.640100 
16 -14.796100 
17 -14.166100 
18 -13.586100 
19 -13.127100 
20 -12.807100 
21 -12.599100 
22 -12.448100 
23 -12.281100 
24 -11.528100 
25 -10.506100 
26 -9.508100 
27 -8.601100 
28 -7.868100 
29 -7.419100 
30 -7.287100 
31 -7.278100 
32 -7.293100 
33 -7.580100 
34 -7.744100 
35 -7.823100 
36 -7.798100 
37 -7.678100 
38 -7.496100 
39 -7.306100 
40 -7.164100 
41 -7.111100 
42 -7.527100 
43 -8.043100 
44 -8.028100 
45 -7.881100 
46 -7.602100 
47 -7.230100 
48 -6.828100 
49 -6.470100 
50 -6.225100 
51 -6.137100 
52 -6.181100 
53 -6.311100 
54 -6.519100 
55 -6.793100 
56 -7.116100 
57 -7.465100 
58 -7.816100 
59 -8.142100 
60 -8.418100 
61 -8.623100 
62 -8.742100 
63 -8.771100 
64 -8.710100 
65 -8.571100 
66 -8.369100 
67 -7.769100 
68 -7.117100 
69 -7.156100 
70 -7.247100 
71 -7.278100 
72 -7.287100 
73 -7.419100 
74 -7.868100 
75 -8.601100 
76 -9.508100 
77 -10.506100 
78 -11.528100 
79 -12.281100 
80 -12.448100 
81 -12.599100 
82 -12.807100 
83 -13.127100 
84 -13.586100 
85 -14.166100 
86 -14.796100 
87 -14.640100 
88 -14.099100 
89 -13.545100 
90 -13.110100 
91 -12.940100 

1 -12.381100 
2 -12.395100 
3 -12.434100 
4 -12.495100 
5 -12.573100 
6 -12.659100 
7 -14.125100 
8 -14.254100 
9 -13.962100 
10 -13.342100 
11 -12.940100 
12 -13.110100 
13 -13.545100 
14 -14.099100 
15 -14.640100 
16 -15.071100 
17 -15.327100 
18 -15.371100 
19 -15.188100 
20 -14.786100 
21 -14.185100 
22 -13.416100 
23 -12.515100 
24 -11.528100 
25 -10.506100 
26 -9.508100 
27 -8.601100 
28 -7.868100 
29 -7.419100 
30 -7.287100 
31 -7.278100 
32 -7.383100 
33 -7.580100 
34 -7.744100 
35 -7.823100 
36 -7.798100 
37 -7.678100 
38 -7.762100 
39 -7.833100 
40 -7.878100 
41 -7.894100 
42 -7.961100 
43 -8.632100 
44 -10.068100 
45 -11.421100 
46 -12.218100 
47 -12.388100 
48 -12.451100 
49 -12.448100 
50 -12.406100 
51 -12.381100 
52 -12.395100 
53 -12.432100 
54 -12.484100 
55 -12.538100 
56 -12.576100 
57 -12.578100 
58 -12.524100 
59 -12.390100 
60 -12.156100 
61 -11.808100 
62 -11.336100 
63 -10.745100 
64 -10.053100 
65 -9.293100 
66 -8.513100 
67 -8.123100 
68 -7.854100 
69 -7.588100 
70 -7.356100 
71 -7.278100 
72 -7.287100 
73 -7.419100 
74 -7.868100 
75 -8.601100 
76 -9.508100 
77 -10.506100 
78 -11.528100 
79 -12.515100 
80 -13.416100 
81 -14.185100 
82 -14.786100 
83 -15.188100 
84 -15.371100 
85 -15.327100 
86 -15.071100 
87 -14.640100 
88 -14.099100 
89 -13.545100 
90 -13.110100 
91 -12.940100 

1 -13.463100 
2 -13.506100 
3 -13.623100 
4 -13.788100 
5 -13.973100 
6 -14.150100 
7 -14.296100 
8 -15.493100 
9 -15.969100 
10 -16.005100 
11 -15.988100 
12 -15.997100 
13 -15.964100 
14 -15.771100 
15 -15.367100 
16 -15.071100 
17 -15.327100 
18 -15.371100 
19 -15.188100 
20 -14.786100 
21 -14.185100 
22 -13.416100 
23 -12.515100 
24 -12.020100 
25 -11.592100 
26 -10.950100 
27 -10.092100 
28 -9.098100 
29 -8.145100 
30 -7.487100 
31 -7.278100 
32 -7.383100 
33 -7.873100 
34 -9.062100 
35 -9.862100 
36 -10.301100 
37 -10.610100 
38 -10.976100 
39 -11.427100 
40 -11.828100 
41 -11.990100 
42 -12.009100 
43 -12.065100 
44 -12.154100 
45 -12.283100 
46 -12.629100 
47 -13.154100 
48 -13.398100 
49 -13.460100 
50 -13.465100 
51 -13.463100 
52 -13.464100 
53 -13.455100 
54 -13.419100 
55 -13.334100 
56 -13.194100 
57 -13.007100 
58 -12.794100 
59 -12.575100 
60 -12.360100 
61 -12.144100 
62 -11.905100 
63 -11.609100 
64 -11.215100 
65 -10.691100 
66 -10.021100 
67 -9.232100 
68 -8.411100 
69 -7.721100 
70 -7.370100 
71 -7.278100 
72 -7.487100 
73 -8.145100 
74 -9.098100 
75 -10.092100 
76 -10.950100 
77 -11.592100 
78 -12.020100 
79 -12.515100 
80 -13.416100 
81 -14.185100 
82 -14.786100 
83 -15.188100 
84 -15.371100 
85 -15.327100 
86 -15.071100 
87 -15.367100 
88 -15.771100 
89 -15.964100 
90 -15.997100 
91 -15.988100 

