1 5.501800 
2 5.561800 
3 5.685800 
4 5.818800 
5 5.935800 
6 6.031800 
7 6.104800 
8 6.158800 
9 6.202800 
10 6.250800 
11 6.320800 
12 6.430800 
13 6.588800 
14 6.784800 
15 7.000800 
16 7.215800 
17 7.411800 
18 7.576800 
19 7.700800 
20 7.776800 
21 7.802800 
22 7.936800 
23 8.076800 
24 8.220800 
25 8.366800 
26 8.510800 
27 8.652800 
28 8.790800 
29 8.922800 
30 9.047800 
31 9.163800 
32 9.271800 
33 9.368800 
34 9.456800 
35 9.532800 
36 9.597800 
37 9.650800 
38 9.692800 
39 9.722800 
40 9.739800 
41 9.745800 
42 9.719800 
43 9.639800 
44 9.508800 
45 9.327800 
46 9.100800 
47 8.830800 
48 8.524800 
49 8.187800 
50 7.827800 
51 7.452800 
52 7.073800 
53 6.702800 
54 6.358800 
55 6.064800 
56 5.838800 
57 5.890800 
58 5.958800 
59 6.000800 
60 6.020800 
61 6.026800 
62 6.025800 
63 6.023800 
64 6.020800 
65 6.016800 
66 6.014800 
67 6.012800 
68 6.012800 
69 6.013800 
70 6.015800 
71 6.050800 
72 6.164800 
73 6.270800 
74 6.368800 
75 6.455800 
76 6.530800 
77 6.593800 
78 6.643800 
79 6.679800 
80 6.700800 
81 6.708800 
82 6.703800 
83 6.697800 
84 6.712800 
85 6.768800 
86 6.872800 
87 7.023800 
88 7.221800 
89 7.457800 
90 7.721800 
91 8.001800 
92 8.283800 
93 8.558800 
94 8.816800 
95 9.051800 
96 9.257800 
97 9.429800 
98 9.566800 
99 9.665800 
100 9.725800 
101 9.745800 
102 9.719800 
103 9.642800 
104 9.513800 
105 9.336800 
106 9.114800 
107 8.852800 
108 8.559800 
109 8.246800 
110 7.929800 
111 7.631800 
112 7.378800 
113 7.192800 
114 7.080800 
115 7.029800 
116 7.016800 
117 7.017800 
118 7.015800 
119 7.000800 
120 6.967800 
121 6.913800 

1 5.501800 
2 5.561800 
3 5.685800 
4 5.818800 
5 5.935800 
6 6.031800 
7 6.104800 
8 6.158800 
9 6.202800 
10 6.250800 
11 6.320800 
12 6.430800 
13 6.588800 
14 6.784800 
15 7.000800 
16 7.215800 
17 7.411800 
18 7.576800 
19 7.700800 
20 7.776800 
21 7.802800 
22 7.678800 
23 7.564800 
24 7.464800 
25 7.377800 
26 7.306800 
27 7.248800 
28 7.205800 
29 7.173800 
30 7.151800 
31 7.138800 
32 7.131800 
33 7.130800 
34 7.132800 
35 7.136800 
36 7.141800 
37 7.146800 
38 7.151800 
39 7.155800 
40 7.158800 
41 7.159800 
42 7.133800 
43 7.059800 
44 6.939800 
45 6.779800 
46 6.586800 
47 6.371800 
48 6.144800 
49 5.921800 
50 5.715800 
51 5.540800 
52 5.404800 
53 5.308800 
54 5.493800 
55 5.660800 
56 5.792800 
57 5.676800 
58 5.547800 
59 5.425800 
60 5.305800 
61 5.209800 
62 5.243800 
63 5.288800 
64 5.344800 
65 5.409800 
66 5.485800 
67 5.568800 
68 5.686800 
69 5.808800 
70 5.931800 
71 6.019800 
72 6.044800 
73 6.136800 
74 6.221800 
75 6.298800 
76 6.366800 
77 6.423800 
78 6.468800 
79 6.501800 
80 6.521800 
81 6.527800 
82 6.529800 
83 6.529800 
84 6.510800 
85 6.462800 
86 6.389800 
87 6.302800 
88 6.212800 
89 6.131800 
90 6.078800 
91 6.072800 
92 6.126800 
93 6.238800 
94 6.389800 
95 6.557800 
96 6.722800 
97 6.870800 
98 6.992800 
99 7.084800 
100 7.140800 
101 7.159800 
102 7.139800 
103 7.080800 
104 6.984800 
105 6.852800 
106 6.691800 
107 6.506800 
108 6.310800 
109 6.120800 
110 5.963800 
111 5.867800 
112 5.857800 
113 5.939800 
114 6.076800 
115 6.228800 
116 6.375800 
117 6.513800 
118 6.637800 
119 6.747800 
120 6.840800 
121 6.913800 

1 4.775800 
2 4.722800 
3 4.616800 
4 4.512800 
5 4.430800 
6 4.371800 
7 4.330800 
8 4.309800 
9 4.325800 
10 4.394800 
11 4.489800 
12 4.558800 
13 4.570800 
14 4.518800 
15 4.414800 
16 4.272800 
17 4.109800 
18 3.936800 
19 3.766800 
20 3.613800 
21 3.525800 
22 3.547800 
23 3.551800 
24 3.540800 
25 3.516800 
26 3.511800 
27 3.516800 
28 3.514800 
29 3.506800 
30 3.492800 
31 3.472800 
32 3.447800 
33 3.417800 
34 3.384800 
35 3.347800 
36 3.310800 
37 3.274800 
38 3.241800 
39 3.215800 
40 3.198800 
41 3.192800 
42 3.276800 
43 3.433800 
44 3.610800 
45 3.799800 
46 3.994800 
47 4.191800 
48 4.386800 
49 4.572800 
50 4.742800 
51 4.892800 
52 5.043800 
53 5.287800 
54 5.245800 
55 5.205800 
56 5.178800 
57 5.159800 
58 5.147800 
59 5.146800 
60 5.163800 
61 5.206800 
62 5.192800 
63 5.212800 
64 5.267800 
65 5.350800 
66 5.452800 
67 5.565800 
68 5.658800 
69 5.753800 
70 5.851800 
71 5.949800 
72 6.023800 
73 6.029800 
74 6.035800 
75 6.041800 
76 6.047800 
77 6.052800 
78 6.056800 
79 6.059800 
80 6.061800 
81 6.062800 
82 6.045800 
83 5.995800 
84 5.911800 
85 5.795800 
86 5.645800 
87 5.463800 
88 5.250800 
89 5.005800 
90 4.730800 
91 4.427800 
92 4.273800 
93 4.224800 
94 4.126800 
95 3.996800 
96 3.847800 
97 3.691800 
98 3.536800 
99 3.388800 
100 3.258800 
101 3.192800 
102 3.262800 
103 3.399800 
104 3.551800 
105 3.703800 
106 3.847800 
107 3.976800 
108 4.080800 
109 4.292800 
110 4.634800 
111 4.918800 
112 5.114800 
113 5.208800 
114 5.229800 
115 5.225800 
116 5.218800 
117 5.213800 
118 5.203800 
119 5.181800 
120 5.145800 
121 5.091800 

1 4.775800 
2 4.722800 
3 4.616800 
4 4.512800 
5 4.430800 
6 4.371800 
7 4.330800 
8 4.309800 
9 4.325800 
10 4.394800 
11 4.489800 
12 4.558800 
13 4.570800 
14 4.518800 
15 4.414800 
16 4.272800 
17 4.109800 
18 3.936800 
19 3.766800 
20 3.613800 
21 3.525800 
22 3.483800 
23 3.457800 
24 3.481800 
25 3.499800 
26 3.511800 
27 3.516800 
28 3.514800 
29 3.506800 
30 3.492800 
31 3.472800 
32 3.447800 
33 3.417800 
34 3.384800 
35 3.347800 
36 3.310800 
37 3.274800 
38 3.241800 
39 3.215800 
40 3.198800 
41 3.192800 
42 3.162800 
43 3.072800 
44 2.922800 
45 2.727800 
46 2.834800 
47 3.268800 
48 3.688800 
49 4.080800 
50 4.438800 
51 4.760800 
52 5.013800 
53 5.099800 
54 5.138800 
55 5.119800 
56 5.036800 
57 4.909800 
58 4.784800 
59 4.701800 
60 4.675800 
61 4.682800 
62 4.673800 
63 4.639800 
64 4.579800 
65 4.497800 
66 4.401800 
67 4.295800 
68 4.182800 
69 4.065800 
70 3.947800 
71 3.828800 
72 3.745800 
73 3.734800 
74 3.722800 
75 3.709800 
76 3.697800 
77 3.685800 
78 3.676800 
79 3.668800 
80 3.664800 
81 3.662800 
82 3.654800 
83 3.627800 
84 3.583800 
85 3.527800 
86 3.696800 
87 3.852800 
88 3.988800 
89 4.105800 
90 4.201800 
91 4.263800 
92 4.098800 
93 3.744800 
94 3.372800 
95 2.989800 
96 2.725800 
97 2.836800 
98 2.991800 
99 3.102800 
100 3.169800 
101 3.192800 
102 3.176800 
103 3.128800 
104 3.055800 
105 2.964800 
106 3.116800 
107 3.502800 
108 3.903800 
109 4.136800 
110 4.147800 
111 4.121800 
112 4.141800 
113 4.242800 
114 4.370800 
115 4.499800 
116 4.620800 
117 4.734800 
118 4.840800 
119 4.936800 
120 5.021800 
121 5.091800 

1 3.452800 
2 3.455800 
3 3.459800 
4 3.459800 
5 3.459800 
6 3.481800 
7 3.543800 
8 3.637800 
9 3.725800 
10 3.755800 
11 3.720800 
12 3.646800 
13 3.552800 
14 3.456800 
15 3.367800 
16 3.296800 
17 3.253800 
18 3.245800 
19 3.300800 
20 3.368800 
21 3.391800 
22 3.427800 
23 3.457800 
24 3.481800 
25 3.499800 
26 3.483800 
27 3.441800 
28 3.393800 
29 3.342800 
30 3.288800 
31 3.234800 
32 3.180800 
33 3.129800 
34 3.081800 
35 3.037800 
36 2.998800 
37 2.965800 
38 2.938800 
39 2.919800 
40 2.907800 
41 2.903800 
42 2.820800 
43 2.665800 
44 2.557800 
45 2.637800 
46 2.778800 
47 2.890800 
48 2.994800 
49 3.074800 
50 3.195800 
51 3.366800 
52 3.513800 
53 3.632800 
54 3.722800 
55 3.781800 
56 3.809800 
57 3.807800 
58 3.777800 
59 3.721800 
60 3.644800 
61 3.549800 
62 3.596800 
63 3.638800 
64 3.674800 
65 3.704800 
66 3.726800 
67 3.743800 
68 3.753800 
69 3.758800 
70 3.757800 
71 3.753800 
72 3.711800 
73 3.598800 
74 3.490800 
75 3.390800 
76 3.301800 
77 3.224800 
78 3.161800 
79 3.115800 
80 3.086800 
81 3.077800 
82 3.113800 
83 3.213800 
84 3.358800 
85 3.523800 
86 3.446800 
87 3.354800 
88 3.248800 
89 3.129800 
90 3.106800 
91 3.126800 
92 3.094800 
93 3.024800 
94 2.932800 
95 2.828800 
96 2.638800 
97 2.634800 
98 2.595800 
99 2.710800 
100 2.837800 
101 2.903800 
102 2.843800 
103 2.747800 
104 2.690800 
105 2.802800 
106 2.871800 
107 2.946800 
108 3.112800 
109 3.287800 
110 3.450800 
111 3.556800 
112 3.512800 
113 3.297800 
114 2.985800 
115 2.626800 
116 2.293800 
117 2.147800 
118 1.978800 
119 1.789800 
120 1.584800 
121 1.368800 

1 3.452800 
2 3.455800 
3 3.459800 
4 3.459800 
5 3.459800 
6 3.481800 
7 3.543800 
8 3.637800 
9 3.725800 
10 3.755800 
11 3.720800 
12 3.646800 
13 3.552800 
14 3.456800 
15 3.367800 
16 3.296800 
17 3.253800 
18 3.245800 
19 3.300800 
20 3.368800 
21 3.391800 
22 3.427800 
23 3.419800 
24 3.330800 
25 3.218800 
26 3.136800 
27 3.074800 
28 3.010800 
29 2.945800 
30 2.879800 
31 2.813800 
32 2.750800 
33 2.688800 
34 2.631800 
35 2.578800 
36 2.532800 
37 2.492800 
38 2.460800 
39 2.436800 
40 2.422800 
41 2.417800 
42 2.434800 
43 2.482800 
44 2.497800 
45 2.413800 
46 2.421800 
47 2.587800 
48 2.799800 
49 3.004800 
50 3.115800 
51 3.105800 
52 3.035800 
53 2.906800 
54 2.732800 
55 2.690800 
56 2.847800 
57 3.004800 
58 3.157800 
59 3.301800 
60 3.432800 
61 3.545800 
62 3.493800 
63 3.438800 
64 3.382800 
65 3.325800 
66 3.268800 
67 3.211800 
68 3.156800 
69 3.103800 
70 3.053800 
71 3.006800 
72 2.962800 
73 2.923800 
74 2.888800 
75 2.857800 
76 2.831800 
77 2.809800 
78 2.792800 
79 2.780800 
80 2.773800 
81 2.771800 
82 2.764800 
83 2.742800 
84 2.708800 
85 2.660800 
86 2.599800 
87 2.739800 
88 2.899800 
89 3.028800 
90 2.998800 
91 2.859800 
92 2.713800 
93 2.563800 
94 2.413800 
95 2.398800 
96 2.611800 
97 2.358800 
98 2.486800 
99 2.464800 
100 2.429800 
101 2.417800 
102 2.435800 
103 2.491800 
104 2.599800 
105 2.709800 
106 2.805800 
107 2.795800 
108 2.746800 
109 2.720800 
110 2.702800 
111 2.680800 
112 2.645800 
113 2.591800 
114 2.515800 
115 2.416800 
116 2.240800 
117 1.839800 
118 1.436800 
119 1.053800 
120 1.148800 
121 1.368800 

1 1.408800 
2 1.412800 
3 1.442800 
4 1.511800 
5 1.601800 
6 1.683800 
7 1.729800 
8 1.736800 
9 1.725800 
10 1.731800 
11 1.786800 
12 1.914800 
13 2.109800 
14 2.346800 
15 2.592800 
16 2.822800 
17 3.021800 
18 3.178800 
19 3.267800 
20 3.332800 
21 3.391800 
22 3.349800 
23 3.302800 
24 3.251800 
25 3.195800 
26 3.136800 
27 3.074800 
28 3.010800 
29 2.945800 
30 2.879800 
31 2.813800 
32 2.750800 
33 2.688800 
34 2.631800 
35 2.578800 
36 2.532800 
37 2.492800 
38 2.460800 
39 2.436800 
40 2.422800 
41 2.417800 
42 2.389800 
43 2.303800 
44 2.153800 
45 2.325800 
46 2.378800 
47 2.079800 
48 1.784800 
49 1.885800 
50 1.995800 
51 2.116800 
52 2.247800 
53 2.387800 
54 2.536800 
55 2.529800 
56 2.316800 
57 2.112800 
58 1.932800 
59 1.793800 
60 1.705800 
61 1.676800 
62 1.683800 
63 1.702800 
64 1.730800 
65 1.766800 
66 1.806800 
67 1.847800 
68 1.889800 
69 1.928800 
70 1.965800 
71 1.998800 
72 2.029800 
73 2.055800 
74 2.078800 
75 2.098800 
76 2.115800 
77 2.128800 
78 2.139800 
79 2.146800 
80 2.151800 
81 2.152800 
82 2.167800 
83 2.216800 
84 2.301800 
85 2.422800 
86 2.573800 
87 2.528800 
88 2.446800 
89 2.356800 
90 2.258800 
91 2.155800 
92 2.048800 
93 1.938800 
94 2.119800 
95 2.267800 
96 2.173800 
97 2.271800 
98 2.229800 
99 2.333800 
100 2.396800 
101 2.417800 
102 2.401800 
103 2.354800 
104 2.282800 
105 2.193800 
106 2.093800 
107 2.146800 
108 2.237800 
109 2.313800 
110 2.366800 
111 2.384800 
112 2.347800 
113 2.231800 
114 2.019800 
115 1.709800 
116 1.331800 
117 0.939800 
118 0.737800 
119 0.933800 
120 0.716800 
121 0.463800 

1 1.408800 
2 1.412800 
3 1.442800 
4 1.511800 
5 1.601800 
6 1.683800 
7 1.729800 
8 1.736800 
9 1.725800 
10 1.731800 
11 1.786800 
12 1.914800 
13 2.109800 
14 2.346800 
15 2.592800 
16 2.822800 
17 3.021800 
18 3.178800 
19 3.267800 
20 3.332800 
21 3.391800 
22 3.349800 
23 3.302800 
24 3.251800 
25 3.195800 
26 3.081800 
27 2.921800 
28 2.740800 
29 2.542800 
30 2.329800 
31 2.107800 
32 1.880800 
33 1.652800 
34 1.430800 
35 1.350800 
36 1.463800 
37 1.561800 
38 1.643800 
39 1.704800 
40 1.742800 
41 1.755800 
42 1.785800 
43 1.873800 
44 2.069800 
45 2.181800 
46 2.149800 
47 1.964800 
48 1.764800 
49 1.549800 
50 1.319800 
51 1.073800 
52 0.813800 
53 0.541800 
54 0.259800 
55 -0.029200 
56 -0.323200 
57 -0.616200 
58 -0.906200 
59 -1.187200 
60 -1.453200 
61 -1.699200 
62 -1.595200 
63 -1.511200 
64 -1.453200 
65 -1.422200 
66 -1.417200 
67 -1.438200 
68 -1.483200 
69 -1.550200 
70 -1.638200 
71 -1.743200 
72 -1.864200 
73 -1.996200 
74 -2.138200 
75 -2.285200 
76 -2.278200 
77 -2.245200 
78 -2.215200 
79 -2.191200 
80 -2.176200 
81 -2.171200 
82 -2.122200 
83 -1.980200 
84 -1.751200 
85 -1.446200 
86 -1.077200 
87 -0.662200 
88 -0.222200 
89 0.220800 
90 0.652800 
91 1.064800 
92 1.449800 
93 1.801800 
94 1.826800 
95 1.963800 
96 2.130800 
97 2.085800 
98 2.013800 
99 1.856800 
100 1.779800 
101 1.755800 
102 1.765800 
103 1.792800 
104 1.839800 
105 1.926800 
106 2.042800 
107 1.972800 
108 1.812800 
109 1.609800 
110 1.375800 
111 1.128800 
112 0.888800 
113 0.679800 
114 0.528800 
115 0.458800 
116 0.478800 
117 0.578800 
118 0.600800 
119 0.385800 
120 0.340800 
121 0.463800 

1 -1.986200 
2 -2.020200 
3 -2.118200 
4 -2.261200 
5 -2.410200 
6 -2.525200 
7 -2.579200 
8 -2.562200 
9 -2.427200 
10 -1.880200 
11 -1.404200 
12 -1.068200 
13 -0.866200 
14 -0.765200 
15 -0.729200 
16 -0.727200 
17 -0.742200 
18 -0.761200 
19 -0.777200 
20 -0.788200 
21 -0.792200 
22 -0.642200 
23 -0.487200 
24 -0.328200 
25 -0.166200 
26 -0.003200 
27 0.160800 
28 0.323800 
29 0.485800 
30 0.644800 
31 0.798800 
32 0.948800 
33 1.090800 
34 1.225800 
35 1.350800 
36 1.463800 
37 1.561800 
38 1.643800 
39 1.704800 
40 1.742800 
41 1.755800 
42 1.779800 
43 1.867800 
44 2.008800 
45 1.933800 
46 1.643800 
47 1.689800 
48 1.671800 
49 1.203800 
50 0.681800 
51 0.119800 
52 -0.461200 
53 -1.033200 
54 -1.558200 
55 -1.994200 
56 -2.298200 
57 -2.439200 
58 -2.407200 
59 -2.227200 
60 -1.967200 
61 -1.708200 
62 -1.819200 
63 -1.924200 
64 -2.020200 
65 -2.106200 
66 -2.182200 
67 -2.246200 
68 -2.298200 
69 -2.337200 
70 -2.363200 
71 -2.375200 
72 -2.374200 
73 -2.361200 
74 -2.339200 
75 -2.310200 
76 -2.431200 
77 -2.570200 
78 -2.695200 
79 -2.794200 
80 -2.859200 
81 -2.882200 
82 -2.805200 
83 -2.588200 
84 -2.268200 
85 -1.889200 
86 -1.484200 
87 -0.942200 
88 -0.424200 
89 0.042800 
90 0.460800 
91 0.834800 
92 1.167800 
93 1.464800 
94 1.728800 
95 1.707800 
96 1.901800 
97 2.006800 
98 1.902800 
99 1.822800 
100 1.772800 
101 1.755800 
102 1.759800 
103 1.766800 
104 1.764800 
105 1.730800 
106 1.640800 
107 1.482800 
108 1.266800 
109 1.001800 
110 0.698800 
111 0.362800 
112 0.001800 
113 -0.378200 
114 -0.767200 
115 -1.153200 
116 -1.524200 
117 -1.864200 
118 -2.154200 
119 -2.380200 
120 -2.527200 
121 -2.590200 

1 -1.986200 
2 -2.020200 
3 -2.118200 
4 -2.261200 
5 -2.410200 
6 -2.525200 
7 -2.579200 
8 -2.562200 
9 -2.427200 
10 -1.880200 
11 -1.404200 
12 -1.068200 
13 -0.866200 
14 -0.765200 
15 -0.729200 
16 -0.727200 
17 -0.742200 
18 -0.761200 
19 -0.777200 
20 -0.788200 
21 -0.792200 
22 -0.642200 
23 -0.487200 
24 -0.328200 
25 -0.166200 
26 -0.003200 
27 0.160800 
28 0.323800 
29 0.485800 
30 0.644800 
31 0.798800 
32 0.948800 
33 1.090800 
34 1.225800 
35 1.220800 
36 1.027800 
37 0.857800 
38 0.718800 
39 0.614800 
40 0.549800 
41 0.527800 
42 0.667800 
43 0.978800 
44 1.279800 
45 1.471800 
46 1.592800 
47 1.286800 
48 0.867800 
49 0.387800 
50 -0.149200 
51 -0.737200 
52 -1.370200 
53 -2.035200 
54 -2.574200 
55 -2.543200 
56 -2.504200 
57 -2.461200 
58 -2.420200 
59 -2.384200 
60 -2.358200 
61 -2.349200 
62 -2.351200 
63 -2.360200 
64 -2.374200 
65 -2.395200 
66 -2.422200 
67 -2.455200 
68 -2.495200 
69 -2.540200 
70 -2.591200 
71 -2.646200 
72 -2.704200 
73 -2.764200 
74 -2.823200 
75 -2.881200 
76 -2.934200 
77 -2.982200 
78 -3.021200 
79 -3.051200 
80 -3.069200 
81 -3.075200 
82 -3.072200 
83 -3.061200 
84 -2.805200 
85 -2.134200 
86 -1.512200 
87 -1.076200 
88 -0.672200 
89 -0.277200 
90 0.105800 
91 0.471800 
92 0.816800 
93 1.135800 
94 1.424800 
95 1.680800 
96 1.575800 
97 1.407800 
98 1.176800 
99 0.890800 
100 0.635800 
101 0.527800 
102 0.655800 
103 0.953800 
104 1.262800 
105 1.422800 
106 1.383800 
107 1.226800 
108 1.004800 
109 0.740800 
110 0.442800 
111 0.117800 
112 -0.232200 
113 -0.604200 
114 -0.996200 
115 -1.400200 
116 -1.808200 
117 -2.208200 
118 -2.386200 
119 -2.501200 
120 -2.576200 
121 -2.590200 

1 -7.775200 
2 -7.592200 
3 -7.101200 
4 -6.416200 
5 -5.629200 
6 -4.805200 
7 -3.987200 
8 -3.212200 
9 -2.561200 
10 -2.372200 
11 -2.202200 
12 -2.011200 
13 -1.810200 
14 -1.608200 
15 -1.415200 
16 -1.238200 
17 -1.085200 
18 -0.960200 
19 -0.868200 
20 -0.811200 
21 -0.792200 
22 -0.936200 
23 -1.073200 
24 -1.202200 
25 -1.322200 
26 -1.432200 
27 -1.532200 
28 -1.621200 
29 -1.700200 
30 -1.769200 
31 -1.827200 
32 -1.875200 
33 -1.915200 
34 -1.946200 
35 -1.970200 
36 -1.989200 
37 -2.002200 
38 -2.011200 
39 -2.016200 
40 -2.020200 
41 -2.021200 
42 -2.036200 
43 -2.081200 
44 -2.148200 
45 -2.228200 
46 -2.312200 
47 -2.393200 
48 -2.464200 
49 -2.523200 
50 -2.565200 
51 -2.591200 
52 -2.600200 
53 -2.594200 
54 -2.719200 
55 -3.402200 
56 -4.061200 
57 -4.673200 
58 -5.212200 
59 -5.653200 
60 -5.967200 
61 -6.091200 
62 -6.066200 
63 -6.001200 
64 -5.911200 
65 -5.809200 
66 -5.700200 
67 -5.589200 
68 -5.478200 
69 -5.371200 
70 -5.270200 
71 -5.177200 
72 -5.093200 
73 -5.020200 
74 -4.958200 
75 -4.907200 
76 -4.866200 
77 -4.835200 
78 -4.812200 
79 -4.796200 
80 -4.787200 
81 -4.784200 
82 -4.254200 
83 -3.518200 
84 -3.043200 
85 -3.018200 
86 -2.986200 
87 -2.945200 
88 -2.896200 
89 -2.839200 
90 -2.775200 
91 -2.702200 
92 -2.623200 
93 -2.538200 
94 -2.449200 
95 -2.360200 
96 -2.273200 
97 -2.192200 
98 -2.122200 
99 -2.067200 
100 -2.032200 
101 -2.021200 
102 -2.031200 
103 -2.062200 
104 -2.106200 
105 -2.156200 
106 -2.203200 
107 -2.237200 
108 -2.251200 
109 -2.242200 
110 -2.210200 
111 -2.158200 
112 -2.097200 
113 -2.045200 
114 -2.023200 
115 -2.050200 
116 -2.132200 
117 -2.253200 
118 -2.580200 
119 -2.903200 
120 -3.156200 
121 -3.332200 

1 -7.775200 
2 -7.592200 
3 -7.101200 
4 -6.416200 
5 -5.629200 
6 -4.805200 
7 -3.987200 
8 -3.212200 
9 -2.561200 
10 -2.372200 
11 -2.202200 
12 -2.011200 
13 -1.810200 
14 -1.608200 
15 -1.415200 
16 -1.238200 
17 -1.085200 
18 -0.960200 
19 -0.868200 
20 -0.811200 
21 -0.792200 
22 -0.936200 
23 -1.073200 
24 -1.202200 
25 -1.322200 
26 -1.432200 
27 -1.532200 
28 -1.621200 
29 -1.700200 
30 -1.769200 
31 -1.827200 
32 -1.875200 
33 -1.915200 
34 -1.946200 
35 -1.970200 
36 -1.989200 
37 -2.002200 
38 -2.011200 
39 -2.016200 
40 -2.020200 
41 -2.021200 
42 -2.209200 
43 -2.682200 
44 -3.305200 
45 -4.009200 
46 -4.761200 
47 -5.543200 
48 -6.344200 
49 -7.155200 
50 -7.968200 
51 -8.778200 
52 -9.575200 
53 -9.703200 
54 -9.740200 
55 -8.823200 
56 -7.969200 
57 -7.242200 
58 -6.689200 
59 -6.330200 
60 -6.146200 
61 -6.091200 
62 -6.099200 
63 -6.121200 
64 -6.153200 
65 -6.190200 
66 -6.229200 
67 -6.263200 
68 -6.289200 
69 -6.304200 
70 -6.302200 
71 -6.281200 
72 -6.238200 
73 -6.174200 
74 -6.090200 
75 -5.989200 
76 -5.877200 
77 -5.762200 
78 -5.654200 
79 -5.565200 
80 -5.506200 
81 -5.485200 
82 -6.047200 
83 -6.877200 
84 -7.734200 
85 -8.560200 
86 -9.199200 
87 -9.488200 
88 -9.332200 
89 -8.768200 
90 -8.166200 
91 -7.535200 
92 -6.884200 
93 -6.221200 
94 -5.555200 
95 -4.892200 
96 -4.244200 
97 -3.621200 
98 -3.042200 
99 -2.536200 
100 -2.164200 
101 -2.021200 
102 -2.161200 
103 -2.509200 
104 -2.946200 
105 -3.396200 
106 -3.816200 
107 -4.180200 
108 -4.473200 
109 -4.686200 
110 -4.815200 
111 -4.863200 
112 -4.833200 
113 -4.731200 
114 -4.568200 
115 -4.360200 
116 -4.126200 
117 -3.894200 
118 -3.695200 
119 -3.551200 
120 -3.447200 
121 -3.332200 

1 -10.946200 
2 -10.988200 
3 -11.086200 
4 -11.164200 
5 -11.308200 
6 -11.567200 
7 -11.934200 
8 -12.378200 
9 -12.853200 
10 -13.312200 
11 -13.715200 
12 -13.975200 
13 -13.872200 
14 -13.580200 
15 -13.221200 
16 -12.834200 
17 -12.457200 
18 -12.120200 
19 -11.855200 
20 -11.686200 
21 -11.627200 
22 -11.508200 
23 -11.383200 
24 -11.252200 
25 -11.117200 
26 -10.977200 
27 -10.834200 
28 -10.689200 
29 -10.543200 
30 -10.398200 
31 -10.257200 
32 -10.120200 
33 -9.990200 
34 -9.870200 
35 -9.417200 
36 -8.731200 
37 -8.131200 
38 -7.639200 
39 -7.272200 
40 -7.047200 
41 -6.970200 
42 -7.045200 
43 -7.267200 
44 -7.630200 
45 -8.122200 
46 -8.730200 
47 -9.431200 
48 -10.200200 
49 -10.090200 
50 -9.941200 
51 -9.811200 
52 -9.724200 
53 -10.353200 
54 -9.786200 
55 -9.960200 
56 -9.251200 
57 -8.587200 
58 -8.002200 
59 -7.526200 
60 -7.192200 
61 -7.063200 
62 -7.092200 
63 -7.167200 
64 -7.271200 
65 -7.393200 
66 -7.526200 
67 -7.667200 
68 -7.811200 
69 -7.957200 
70 -8.101200 
71 -8.240200 
72 -8.371200 
73 -8.494200 
74 -8.605200 
75 -8.702200 
76 -8.786200 
77 -8.854200 
78 -8.907200 
79 -8.945200 
80 -8.967200 
81 -8.975200 
82 -9.059200 
83 -9.297200 
84 -9.651200 
85 -9.782200 
86 -10.051200 
87 -9.849200 
88 -9.645200 
89 -9.789200 
90 -9.939200 
91 -10.095200 
92 -10.252200 
93 -10.152200 
94 -9.483200 
95 -8.865200 
96 -8.314200 
97 -7.845200 
98 -7.468200 
99 -7.194200 
100 -7.027200 
101 -6.970200 
102 -7.101200 
103 -7.468200 
104 -8.012200 
105 -8.667200 
106 -9.381200 
107 -10.108200 
108 -10.803200 
109 -11.419200 
110 -11.895200 
111 -12.162200 
112 -12.218200 
113 -12.104200 
114 -11.858200 
115 -11.513200 
116 -11.109200 
117 -10.684200 
118 -10.277200 
119 -9.937200 
120 -9.717200 
121 -9.676200 

1 -10.946200 
2 -10.988200 
3 -11.086200 
4 -11.164200 
5 -11.308200 
6 -11.567200 
7 -11.934200 
8 -12.378200 
9 -12.853200 
10 -13.312200 
11 -13.715200 
12 -13.975200 
13 -13.872200 
14 -13.580200 
15 -13.221200 
16 -12.834200 
17 -12.457200 
18 -12.120200 
19 -11.855200 
20 -11.686200 
21 -11.627200 
22 -11.508200 
23 -11.383200 
24 -11.252200 
25 -11.117200 
26 -10.977200 
27 -10.834200 
28 -10.689200 
29 -10.543200 
30 -10.398200 
31 -10.257200 
32 -10.120200 
33 -9.990200 
34 -9.870200 
35 -9.760200 
36 -9.664200 
37 -9.582200 
38 -9.517200 
39 -9.470200 
40 -9.441200 
41 -9.431200 
42 -9.466200 
43 -9.585200 
44 -9.814200 
45 -10.130200 
46 -10.363200 
47 -10.354200 
48 -10.237200 
49 -11.008200 
50 -11.823200 
51 -12.401200 
52 -11.598200 
53 -10.692200 
54 -10.676200 
55 -9.972200 
56 -10.299200 
57 -10.748200 
58 -11.281200 
59 -11.824200 
60 -12.262200 
61 -12.440200 
62 -12.396200 
63 -12.280200 
64 -12.110200 
65 -11.907200 
66 -11.684200 
67 -11.452200 
68 -11.221200 
69 -10.997200 
70 -10.785200 
71 -10.591200 
72 -10.419200 
73 -10.270200 
74 -10.146200 
75 -10.046200 
76 -9.969200 
77 -9.911200 
78 -9.869200 
79 -9.842200 
80 -9.827200 
81 -9.822200 
82 -9.803200 
83 -9.762200 
84 -9.736200 
85 -10.080200 
86 -10.310200 
87 -10.695200 
88 -11.470200 
89 -11.826200 
90 -11.739200 
91 -11.535200 
92 -10.851200 
93 -10.403200 
94 -10.544200 
95 -10.361200 
96 -10.082200 
97 -9.846200 
98 -9.661200 
99 -9.532200 
100 -9.456200 
101 -9.431200 
102 -9.466200 
103 -9.572200 
104 -9.757200 
105 -10.023200 
106 -10.371200 
107 -10.787200 
108 -11.250200 
109 -11.729200 
110 -12.191200 
111 -12.605200 
112 -12.939200 
113 -13.074200 
114 -13.006200 
115 -12.825200 
116 -12.203200 
117 -11.523200 
118 -10.853200 
119 -10.273200 
120 -9.862200 
121 -9.676200 

1 -11.354200 
2 -11.376200 
3 -11.499200 
4 -11.819200 
5 -12.239200 
6 -12.700200 
7 -13.185200 
8 -13.686200 
9 -14.175200 
10 -14.401200 
11 -14.377200 
12 -14.323200 
13 -14.451200 
14 -14.557200 
15 -14.464200 
16 -14.107200 
17 -13.532200 
18 -12.858200 
19 -12.231200 
20 -11.787200 
21 -11.627200 
22 -11.741200 
23 -11.849200 
24 -11.952200 
25 -12.049200 
26 -12.142200 
27 -12.230200 
28 -12.314200 
29 -12.394200 
30 -12.469200 
31 -12.516200 
32 -11.737200 
33 -10.945200 
34 -10.163200 
35 -9.760200 
36 -9.664200 
37 -9.582200 
38 -9.517200 
39 -9.470200 
40 -9.441200 
41 -9.431200 
42 -9.636200 
43 -10.212200 
44 -10.960200 
45 -10.942200 
46 -11.112200 
47 -11.600200 
48 -12.220200 
49 -12.801200 
50 -12.821200 
51 -12.454200 
52 -11.958200 
53 -11.355200 
54 -11.104200 
55 -11.820200 
56 -12.494200 
57 -13.117200 
58 -13.683200 
59 -14.185200 
60 -14.553200 
61 -14.545200 
62 -14.548200 
63 -14.549200 
64 -14.419200 
65 -14.204200 
66 -13.978200 
67 -13.745200 
68 -13.509200 
69 -13.271200 
70 -13.035200 
71 -12.804200 
72 -12.581200 
73 -12.369200 
74 -12.172200 
75 -11.992200 
76 -11.834200 
77 -11.699200 
78 -11.591200 
79 -11.512200 
80 -11.464200 
81 -11.448200 
82 -11.400200 
83 -11.257200 
84 -11.022200 
85 -10.704200 
86 -10.547200 
87 -11.021200 
88 -11.476200 
89 -11.989200 
90 -12.263200 
91 -11.562200 
92 -11.275200 
93 -10.979200 
94 -10.667200 
95 -10.670200 
96 -10.778200 
97 -10.859200 
98 -10.713200 
99 -10.039200 
100 -9.586200 
101 -9.431200 
102 -9.597200 
103 -10.091200 
104 -10.872200 
105 -11.369200 
106 -11.583200 
107 -11.815200 
108 -12.064200 
109 -12.322200 
110 -12.597200 
111 -12.910200 
112 -13.171200 
113 -13.218200 
114 -13.335200 
115 -12.921200 
116 -12.836200 
117 -12.762200 
118 -12.711200 
119 -12.692200 
120 -12.716200 
121 -12.783200 

1 -11.354200 
2 -11.376200 
3 -11.499200 
4 -11.819200 
5 -12.239200 
6 -12.700200 
7 -13.185200 
8 -13.686200 
9 -14.175200 
10 -14.401200 
11 -14.377200 
12 -14.323200 
13 -14.451200 
14 -14.557200 
15 -14.464200 
16 -14.107200 
17 -13.532200 
18 -12.858200 
19 -12.231200 
20 -11.787200 
21 -11.627200 
22 -11.741200 
23 -11.849200 
24 -11.952200 
25 -12.049200 
26 -12.142200 
27 -12.230200 
28 -12.314200 
29 -12.394200 
30 -12.469200 
31 -12.540200 
32 -12.607200 
33 -12.669200 
34 -12.471200 
35 -12.129200 
36 -11.822200 
37 -11.558200 
38 -11.343200 
39 -11.185200 
40 -11.087200 
41 -11.054200 
42 -11.042200 
43 -11.007200 
44 -11.055200 
45 -12.004200 
46 -12.794200 
47 -13.114200 
48 -13.156200 
49 -13.054200 
50 -12.945200 
51 -12.614200 
52 -13.351200 
53 -14.007200 
54 -14.560200 
55 -14.995200 
56 -14.995200 
57 -14.821200 
58 -14.684200 
59 -14.595200 
60 -14.619200 
61 -14.546200 
62 -14.566200 
63 -14.614200 
64 -14.546200 
65 -14.536200 
66 -14.517200 
67 -14.486200 
68 -14.443200 
69 -14.387200 
70 -14.246200 
71 -14.011200 
72 -13.739200 
73 -13.438200 
74 -13.121200 
75 -12.803200 
76 -12.497200 
77 -12.221200 
78 -11.988200 
79 -11.812200 
80 -11.701200 
81 -11.664200 
82 -11.684200 
83 -11.740200 
84 -11.820200 
85 -11.904200 
86 -11.972200 
87 -12.006200 
88 -11.993200 
89 -12.227200 
90 -12.307200 
91 -12.621200 
92 -12.871200 
93 -13.051200 
94 -13.160200 
95 -13.204200 
96 -12.758200 
97 -11.727200 
98 -11.017200 
99 -11.019200 
100 -11.045200 
101 -11.054200 
102 -11.078200 
103 -11.151200 
104 -11.296200 
105 -12.018200 
106 -13.170200 
107 -13.219200 
108 -13.249200 
109 -13.259200 
110 -13.247200 
111 -13.216200 
112 -13.229200 
113 -13.486200 
114 -13.358200 
115 -13.413200 
116 -13.388200 
117 -13.299200 
118 -13.171200 
119 -13.027200 
120 -12.891200 
121 -12.783200 

1 -12.331200 
2 -12.445200 
3 -12.724200 
4 -13.070200 
5 -13.428200 
6 -13.762200 
7 -14.048200 
8 -14.270200 
9 -14.434200 
10 -14.765200 
11 -15.216200 
12 -15.591200 
13 -15.845200 
14 -15.979200 
15 -16.053200 
16 -16.135200 
17 -16.236200 
18 -16.336200 
19 -16.417200 
20 -16.468200 
21 -16.485200 
22 -16.415200 
23 -16.275200 
24 -16.073200 
25 -15.817200 
26 -15.517200 
27 -15.119200 
28 -14.575200 
29 -13.952200 
30 -13.261200 
31 -12.540200 
32 -12.607200 
33 -12.669200 
34 -12.725200 
35 -12.775200 
36 -12.819200 
37 -12.856200 
38 -12.886200 
39 -12.907200 
40 -12.920200 
41 -12.924200 
42 -12.950200 
43 -13.026200 
44 -13.143200 
45 -13.308200 
46 -13.620200 
47 -14.245200 
48 -14.302200 
49 -14.042200 
50 -13.993200 
51 -14.400200 
52 -14.843200 
53 -15.194200 
54 -15.387200 
55 -15.191200 
56 -15.303200 
57 -15.370200 
58 -15.152200 
59 -14.887200 
60 -14.648200 
61 -14.980200 
62 -14.812200 
63 -14.623200 
64 -14.666200 
65 -14.701200 
66 -14.703200 
67 -14.663200 
68 -14.574200 
69 -14.435200 
70 -14.321200 
71 -14.244200 
72 -14.161200 
73 -14.074200 
74 -13.986200 
75 -13.902200 
76 -13.824200 
77 -13.756200 
78 -13.700200 
79 -13.658200 
80 -13.633200 
81 -13.624200 
82 -13.727200 
83 -14.014200 
84 -14.436200 
85 -14.934200 
86 -14.608200 
87 -14.120200 
88 -13.559200 
89 -12.934200 
90 -12.915200 
91 -13.500200 
92 -13.955200 
93 -14.254200 
94 -14.360200 
95 -13.794200 
96 -13.193200 
97 -13.141200 
98 -13.069200 
99 -12.997200 
100 -12.944200 
101 -12.924200 
102 -12.939200 
103 -12.982200 
104 -13.042200 
105 -13.108200 
106 -13.190200 
107 -14.309200 
108 -14.568200 
109 -14.597200 
110 -14.521200 
111 -14.357200 
112 -14.119200 
113 -13.823200 
114 -13.783200 
115 -13.941200 
116 -14.070200 
117 -14.168200 
118 -14.240200 
119 -14.290200 
120 -14.320200 
121 -14.334200 

1 -12.331200 
2 -12.445200 
3 -12.724200 
4 -13.070200 
5 -13.428200 
6 -13.762200 
7 -14.048200 
8 -14.270200 
9 -14.434200 
10 -14.765200 
11 -15.216200 
12 -15.591200 
13 -15.845200 
14 -15.979200 
15 -16.053200 
16 -16.135200 
17 -16.236200 
18 -16.336200 
19 -16.417200 
20 -16.468200 
21 -16.485200 
22 -16.479200 
23 -16.389200 
24 -16.210200 
25 -15.939200 
26 -15.575200 
27 -15.179200 
28 -14.814200 
29 -14.428200 
30 -14.030200 
31 -13.627200 
32 -13.228200 
33 -12.840200 
34 -12.725200 
35 -12.775200 
36 -12.819200 
37 -12.856200 
38 -12.886200 
39 -12.907200 
40 -12.920200 
41 -12.924200 
42 -13.039200 
43 -13.341200 
44 -13.729200 
45 -14.095200 
46 -14.345200 
47 -14.421200 
48 -14.885200 
49 -15.351200 
50 -15.618200 
51 -15.714200 
52 -15.681200 
53 -15.560200 
54 -15.423200 
55 -15.525200 
56 -15.502200 
57 -15.480200 
58 -15.529200 
59 -15.456200 
60 -15.272200 
61 -14.993200 
62 -15.142200 
63 -15.276200 
64 -15.393200 
65 -15.492200 
66 -15.574200 
67 -15.641200 
68 -15.694200 
69 -15.733200 
70 -15.761200 
71 -15.779200 
72 -15.788200 
73 -15.790200 
74 -15.788200 
75 -15.781200 
76 -15.773200 
77 -15.764200 
78 -15.756200 
79 -15.749200 
80 -15.745200 
81 -15.744200 
82 -15.698200 
83 -15.561200 
84 -15.333200 
85 -15.014200 
86 -15.454200 
87 -15.940200 
88 -16.344200 
89 -16.615200 
90 -16.709200 
91 -16.590200 
92 -16.234200 
93 -15.643200 
94 -14.863200 
95 -14.427200 
96 -14.228200 
97 -13.932200 
98 -13.583200 
99 -13.251200 
100 -13.011200 
101 -12.924200 
102 -13.007200 
103 -13.236200 
104 -13.558200 
105 -13.907200 
106 -14.224200 
107 -14.521200 
108 -15.437200 
109 -16.240200 
110 -16.761200 
111 -16.992200 
112 -16.968200 
113 -16.747200 
114 -16.400200 
115 -15.994200 
116 -15.580200 
117 -15.189200 
118 -14.846200 
119 -14.574200 
120 -14.399200 
121 -14.334200 

