1 0.562700 
2 1.129700 
3 1.649700 
4 2.117700 
5 2.528700 
6 2.879700 
7 3.165700 
8 3.385700 
9 3.542700 
10 3.641700 
11 3.674700 
12 4.869700 
13 5.972700 
14 6.965700 
15 7.836700 
16 8.579700 
17 9.188700 
18 9.664700 
19 10.004700 
20 10.209700 
21 10.278700 
22 10.243700 
23 10.141700 
24 9.970700 
25 9.734700 
26 9.432700 
27 9.066700 
28 8.635700 
29 8.140700 
30 7.579700 
31 6.954700 
32 6.267700 
33 5.522700 
34 4.723700 
35 3.875700 
36 2.984700 
37 2.062700 
38 1.127700 
39 0.219700 
40 -0.555300 
41 -0.907300 
42 -0.814300 
43 -0.580300 
44 -0.280300 
45 0.033700 
46 0.337700 
47 0.617700 
48 0.868700 
49 1.085700 
50 1.267700 
51 1.411700 
52 1.516700 
53 1.581700 
54 1.603700 
55 1.583700 
56 1.520700 
57 1.414700 
58 1.264700 
59 1.071700 
60 0.837700 
61 0.562700 
62 2.240700 
63 3.884700 
64 5.361700 
65 6.656700 
66 7.757700 
67 8.659700 
68 9.362700 
69 9.868700 
70 10.175700 
71 10.278700 
72 10.209700 
73 10.004700 
74 9.664700 
75 9.188700 
76 8.579700 
77 7.836700 
78 6.965700 
79 5.972700 
80 4.869700 
81 3.674700 

1 0.562700 
2 0.961700 
3 1.516700 
4 2.023700 
5 2.465700 
6 2.838700 
7 3.141700 
8 3.375700 
9 3.539700 
10 3.628700 
11 3.658700 
12 2.375700 
13 1.008700 
14 -0.419300 
15 -1.887300 
16 -3.368300 
17 -4.829300 
18 -6.227300 
19 -7.468300 
20 -8.331300 
21 -8.622300 
22 -8.482300 
23 -8.100300 
24 -7.557300 
25 -6.934300 
26 -6.289300 
27 -5.653300 
28 -5.044300 
29 -4.467300 
30 -3.925300 
31 -3.418300 
32 -2.949300 
33 -2.521300 
34 -2.137300 
35 -1.801300 
36 -1.516300 
37 -1.287300 
38 -1.114300 
39 -0.996300 
40 -0.929300 
41 -0.907300 
42 -0.814300 
43 -0.580300 
44 -0.280300 
45 0.033700 
46 0.337700 
47 0.617700 
48 0.868700 
49 1.085700 
50 1.267700 
51 1.411700 
52 1.516700 
53 1.581700 
54 1.603700 
55 1.583700 
56 1.520700 
57 1.414700 
58 1.264700 
59 1.071700 
60 0.837700 
61 0.562700 
62 -0.103300 
63 -0.911300 
64 -1.843300 
65 -2.882300 
66 -4.006300 
67 -5.197300 
68 -6.322300 
69 -7.387300 
70 -8.265300 
71 -8.622300 
72 -8.331300 
73 -7.468300 
74 -6.227300 
75 -4.829300 
76 -3.368300 
77 -1.887300 
78 -0.419300 
79 1.008700 
80 2.375700 
81 3.658700 

1 0.562700 
2 -0.049300 
3 -0.700300 
4 -1.392300 
5 -2.121300 
6 -2.889300 
7 -3.690300 
8 -4.508300 
9 -5.293300 
10 -5.923300 
11 -6.179300 
12 -6.219300 
13 -6.337300 
14 -6.531300 
15 -6.412300 
16 -6.542300 
17 -6.900300 
18 -7.417300 
19 -7.983300 
20 -8.441300 
21 -8.622300 
22 -8.482300 
23 -8.100300 
24 -7.557300 
25 -6.934300 
26 -6.289300 
27 -5.653300 
28 -5.044300 
29 -4.467300 
30 -3.925300 
31 -3.418300 
32 -2.949300 
33 -2.521300 
34 -2.137300 
35 -1.801300 
36 -1.516300 
37 -1.287300 
38 -1.114300 
39 -0.996300 
40 -0.929300 
41 -0.907300 
42 -0.839300 
43 -0.652300 
44 -0.384300 
45 -0.077300 
46 0.235700 
47 0.532700 
48 0.802700 
49 1.035700 
50 1.228700 
51 1.376700 
52 1.479700 
53 1.533700 
54 1.537700 
55 1.490700 
56 1.391700 
57 1.238700 
58 1.034700 
59 0.783700 
60 0.513700 
61 0.562700 
62 -0.103300 
63 -0.911300 
64 -1.843300 
65 -2.882300 
66 -4.006300 
67 -5.197300 
68 -6.421300 
69 -7.570300 
70 -8.368300 
71 -8.622300 
72 -8.441300 
73 -7.983300 
74 -7.417300 
75 -6.900300 
76 -6.542300 
77 -6.412300 
78 -6.531300 
79 -6.337300 
80 -6.219300 
81 -6.179300 

1 -0.110300 
2 -0.571300 
3 -1.305300 
4 -2.106300 
5 -2.943300 
6 -3.802300 
7 -4.666300 
8 -5.516300 
9 -6.319300 
10 -6.994300 
11 -7.305300 
12 -7.164300 
13 -6.837300 
14 -6.532300 
15 -6.799300 
16 -7.132300 
17 -7.511300 
18 -7.907300 
19 -8.268300 
20 -8.527300 
21 -8.622300 
22 -8.622300 
23 -8.623300 
24 -8.630300 
25 -8.649300 
26 -8.278300 
27 -7.632300 
28 -7.031300 
29 -6.485300 
30 -5.993300 
31 -5.553300 
32 -5.162300 
33 -4.818300 
34 -4.517300 
35 -4.259300 
36 -4.041300 
37 -3.864300 
38 -3.727300 
39 -3.629300 
40 -3.571300 
41 -3.551300 
42 -3.681300 
43 -4.025300 
44 -4.500300 
45 -5.045300 
46 -5.626300 
47 -6.218300 
48 -6.807300 
49 -7.384300 
50 -7.950300 
51 -8.512300 
52 -9.088300 
53 -8.481300 
54 -7.322300 
55 -6.152300 
56 -4.990300 
57 -3.849300 
58 -2.742300 
59 -1.681300 
60 -0.693300 
61 -0.110300 
62 -0.752300 
63 -1.589300 
64 -2.451300 
65 -3.341300 
66 -4.275300 
67 -5.267300 
68 -6.421300 
69 -7.570300 
70 -8.368300 
71 -8.622300 
72 -8.527300 
73 -8.268300 
74 -7.907300 
75 -7.511300 
76 -7.132300 
77 -6.799300 
78 -6.532300 
79 -6.837300 
80 -7.164300 
81 -7.305300 

1 -14.719300 
2 -14.466300 
3 -13.824300 
4 -13.030300 
5 -12.263300 
6 -11.590300 
7 -10.999300 
8 -10.448300 
9 -9.907300 
10 -9.409300 
11 -9.160300 
12 -9.174300 
13 -9.216300 
14 -9.288300 
15 -9.393300 
16 -9.533300 
17 -9.708300 
18 -9.923300 
19 -10.191300 
20 -10.514300 
21 -10.696300 
22 -10.555300 
23 -10.165300 
24 -9.601300 
25 -8.949300 
26 -8.688300 
27 -8.761300 
28 -8.883300 
29 -9.073300 
30 -9.353300 
31 -9.752300 
32 -10.292300 
33 -9.295300 
34 -8.327300 
35 -7.423300 
36 -6.599300 
37 -5.849300 
38 -5.146300 
39 -4.466300 
40 -3.849300 
41 -3.551300 
42 -3.681300 
43 -4.025300 
44 -4.500300 
45 -5.045300 
46 -5.626300 
47 -6.218300 
48 -6.807300 
49 -7.384300 
50 -7.950300 
51 -8.512300 
52 -9.088300 
53 -9.704300 
54 -10.383300 
55 -11.140300 
56 -11.962300 
57 -12.804300 
58 -13.582300 
59 -14.203300 
60 -14.592300 
61 -14.719300 
62 -14.306300 
63 -13.406300 
64 -12.443300 
65 -11.634300 
66 -11.032300 
67 -10.625300 
68 -10.391300 
69 -10.350300 
70 -10.532300 
71 -10.696300 
72 -10.514300 
73 -10.191300 
74 -9.923300 
75 -9.708300 
76 -9.533300 
77 -9.393300 
78 -9.288300 
79 -9.216300 
80 -9.174300 
81 -9.160300 

1 -14.719300 
2 -14.660300 
3 -14.490300 
4 -14.233300 
5 -13.918300 
6 -13.582300 
7 -13.258300 
8 -12.976300 
9 -12.758300 
10 -12.622300 
11 -12.575300 
12 -11.981300 
13 -11.274300 
14 -10.704300 
15 -10.326300 
16 -10.151300 
17 -10.157300 
18 -10.290300 
19 -10.476300 
20 -10.634300 
21 -10.696300 
22 -10.702300 
23 -10.741300 
24 -10.862300 
25 -11.132300 
26 -11.605300 
27 -12.262300 
28 -12.879300 
29 -12.849300 
30 -12.173300 
31 -11.273300 
32 -10.300300 
33 -11.030300 
34 -11.975300 
35 -12.301300 
36 -11.168300 
37 -10.084300 
38 -9.125300 
39 -8.371300 
40 -7.894300 
41 -7.732300 
42 -7.852300 
43 -8.201300 
44 -8.745300 
45 -9.445300 
46 -10.255300 
47 -11.109300 
48 -11.850300 
49 -12.076300 
50 -11.558300 
51 -10.657300 
52 -9.605300 
53 -9.704300 
54 -10.383300 
55 -11.140300 
56 -11.962300 
57 -12.804300 
58 -13.582300 
59 -14.203300 
60 -14.592300 
61 -14.719300 
62 -14.306300 
63 -13.406300 
64 -12.443300 
65 -11.634300 
66 -11.032300 
67 -10.625300 
68 -10.391300 
69 -10.350300 
70 -10.532300 
71 -10.696300 
72 -10.634300 
73 -10.476300 
74 -10.290300 
75 -10.157300 
76 -10.151300 
77 -10.326300 
78 -10.704300 
79 -11.274300 
80 -11.981300 
81 -12.575300 

1 -27.881300 
2 -26.498300 
3 -24.954300 
4 -23.277300 
5 -21.498300 
6 -19.661300 
7 -17.832300 
8 -16.098300 
9 -14.586300 
10 -13.489300 
11 -13.072300 
12 -13.671300 
13 -14.409300 
14 -15.063300 
15 -15.603300 
16 -16.017300 
17 -16.307300 
18 -16.483300 
19 -16.570300 
20 -16.600300 
21 -16.606300 
22 -16.582300 
23 -16.500300 
24 -16.338300 
25 -16.068300 
26 -15.681300 
27 -15.207300 
28 -14.808300 
29 -14.928300 
30 -15.343300 
31 -15.463300 
32 -15.124300 
33 -14.392300 
34 -13.407300 
35 -13.158300 
36 -14.581300 
37 -16.197300 
38 -17.884300 
39 -19.423300 
40 -20.526300 
41 -20.930300 
42 -20.648300 
43 -19.901300 
44 -18.906300 
45 -17.847300 
46 -16.827300 
47 -15.907300 
48 -15.210300 
49 -15.096300 
50 -15.757300 
51 -16.801300 
52 -17.971300 
53 -19.170300 
54 -20.349300 
55 -21.479300 
56 -22.550300 
57 -23.567300 
58 -24.559300 
59 -25.572300 
60 -26.662300 
61 -27.881300 
62 -26.317300 
63 -24.384300 
64 -22.387300 
65 -20.583300 
66 -19.131300 
67 -18.080300 
68 -17.389300 
69 -16.960300 
70 -16.703300 
71 -16.606300 
72 -16.600300 
73 -16.570300 
74 -16.483300 
75 -16.307300 
76 -16.017300 
77 -15.603300 
78 -15.063300 
79 -14.409300 
80 -13.671300 
81 -13.072300 

1 -27.881300 
2 -27.961300 
3 -28.136300 
4 -28.291300 
5 -28.355300 
6 -28.321300 
7 -28.222300 
8 -28.098300 
9 -27.987300 
10 -27.454300 
11 -27.143300 
12 -26.206300 
13 -24.213300 
14 -22.320300 
15 -20.884300 
16 -19.797300 
17 -18.892300 
18 -17.988300 
19 -17.237300 
20 -16.772300 
21 -16.606300 
22 -16.709300 
23 -16.988300 
24 -17.375300 
25 -17.810300 
26 -18.258300 
27 -18.707300 
28 -19.158300 
29 -19.617300 
30 -20.087300 
31 -20.563300 
32 -21.031300 
33 -21.464300 
34 -21.822300 
35 -22.059300 
36 -22.130300 
37 -22.012300 
38 -21.729300 
39 -21.363300 
40 -21.053300 
41 -20.930300 
42 -21.016300 
43 -21.270300 
44 -21.676300 
45 -22.212300 
46 -22.849300 
47 -23.557300 
48 -24.309300 
49 -25.077300 
50 -25.839300 
51 -26.572300 
52 -27.256300 
53 -27.867300 
54 -28.382300 
55 -28.777300 
56 -29.034300 
57 -29.137300 
58 -29.076300 
59 -28.847300 
60 -28.447300 
61 -27.881300 
62 -26.317300 
63 -24.384300 
64 -22.387300 
65 -20.583300 
66 -19.131300 
67 -18.080300 
68 -17.389300 
69 -16.960300 
70 -16.703300 
71 -16.606300 
72 -16.772300 
73 -17.237300 
74 -17.988300 
75 -18.892300 
76 -19.797300 
77 -20.884300 
78 -22.320300 
79 -24.213300 
80 -26.206300 
81 -27.143300 

1 -27.881300 
2 -29.067300 
3 -30.010300 
4 -30.650300 
5 -30.919300 
6 -30.765300 
7 -30.188300 
8 -29.281300 
9 -28.265300 
10 -27.912300 
11 -27.885300 
12 -27.364300 
13 -25.976300 
14 -24.123300 
15 -22.202300 
16 -20.474300 
17 -19.060300 
18 -18.075300 
19 -17.349300 
20 -16.811300 
21 -16.606300 
22 -16.709300 
23 -16.988300 
24 -17.375300 
25 -17.810300 
26 -18.258300 
27 -18.707300 
28 -19.158300 
29 -19.617300 
30 -20.087300 
31 -20.563300 
32 -21.031300 
33 -21.464300 
34 -21.822300 
35 -22.059300 
36 -22.130300 
37 -22.012300 
38 -21.729300 
39 -21.363300 
40 -21.053300 
41 -20.930300 
42 -21.016300 
43 -21.270300 
44 -21.676300 
45 -22.212300 
46 -22.849300 
47 -23.557300 
48 -24.309300 
49 -25.077300 
50 -25.839300 
51 -26.572300 
52 -27.256300 
53 -27.867300 
54 -28.382300 
55 -28.777300 
56 -29.034300 
57 -29.137300 
58 -29.076300 
59 -28.847300 
60 -28.447300 
61 -27.881300 
62 -30.660300 
63 -32.897300 
64 -32.615300 
65 -29.506300 
66 -25.448300 
67 -22.008300 
68 -19.572300 
69 -17.954300 
70 -16.961300 
71 -16.606300 
72 -16.811300 
73 -17.349300 
74 -18.075300 
75 -19.060300 
76 -20.474300 
77 -22.202300 
78 -24.123300 
79 -25.976300 
80 -27.364300 
81 -27.885300 

