1 7.406100 
2 7.365100 
3 7.242100 
4 7.037100 
5 6.751100 
6 6.386100 
7 5.946100 
8 5.444100 
9 4.906100 
10 4.415100 
11 4.186100 
12 4.367100 
13 4.815100 
14 5.388100 
15 6.009100 
16 6.641100 
17 7.263100 
18 7.864100 
19 8.436100 
20 8.971100 
21 9.467100 
22 9.921100 
23 10.330100 
24 10.693100 
25 11.008100 
26 11.275100 
27 11.494100 
28 11.664100 
29 11.785100 
30 11.858100 
31 11.883100 
32 11.850100 
33 11.754100 
34 11.595100 
35 11.377100 
36 11.106100 
37 10.794100 
38 10.461100 
39 10.143100 
40 9.901100 
41 9.808100 
42 9.772100 
43 9.666100 
44 9.490100 
45 9.248100 
46 8.945100 
47 8.591100 
48 8.205100 
49 7.826100 
50 7.526100 
51 7.406100 
52 7.468100 
53 7.642100 
54 7.903100 
55 8.220100 
56 8.569100 
57 8.931100 
58 9.294100 
59 9.648100 
60 9.985100 
61 10.302100 
62 10.594100 
63 10.859100 
64 11.096100 
65 11.303100 
66 11.479100 
67 11.624100 
68 11.737100 
69 11.818100 
70 11.866100 
71 11.883100 
72 11.858100 
73 11.785100 
74 11.664100 
75 11.494100 
76 11.275100 
77 11.008100 
78 10.693100 
79 10.330100 
80 9.921100 
81 9.467100 
82 8.971100 
83 8.436100 
84 7.864100 
85 7.263100 
86 6.641100 
87 6.009100 
88 5.388100 
89 4.815100 
90 4.367100 
91 4.186100 

1 3.290100 
2 3.265100 
3 3.189100 
4 3.062100 
5 2.884100 
6 2.663100 
7 2.411100 
8 2.150100 
9 1.914100 
10 1.745100 
11 1.682100 
12 1.679100 
13 1.669100 
14 1.645100 
15 1.602100 
16 1.533100 
17 1.435100 
18 1.301100 
19 1.129100 
20 0.915100 
21 0.657100 
22 0.353100 
23 0.000100 
24 -0.402900 
25 -0.856900 
26 -1.360900 
27 -1.909900 
28 -2.494900 
29 -3.082900 
30 -3.591900 
31 -3.818900 
32 -3.197900 
33 -2.026900 
34 -0.777900 
35 0.437100 
36 1.579100 
37 2.620100 
38 3.528100 
39 4.262100 
40 4.755100 
41 4.933100 
42 4.907100 
43 4.831100 
44 4.702100 
45 4.522100 
46 4.297100 
47 4.040100 
48 3.774100 
49 3.531100 
50 3.355100 
51 3.290100 
52 3.270100 
53 3.211100 
54 3.112100 
55 2.972100 
56 2.792100 
57 2.570100 
58 2.307100 
59 2.005100 
60 1.662100 
61 1.280100 
62 0.858100 
63 0.397100 
64 -0.103900 
65 -0.641900 
66 -1.216900 
67 -1.822900 
68 -2.448900 
69 -3.064900 
70 -3.588900 
71 -3.818900 
72 -3.591900 
73 -3.082900 
74 -2.494900 
75 -1.909900 
76 -1.360900 
77 -0.856900 
78 -0.402900 
79 0.000100 
80 0.353100 
81 0.657100 
82 0.915100 
83 1.129100 
84 1.301100 
85 1.435100 
86 1.533100 
87 1.602100 
88 1.645100 
89 1.669100 
90 1.679100 
91 1.682100 

1 3.290100 
2 3.265100 
3 3.189100 
4 3.062100 
5 2.884100 
6 2.663100 
7 2.411100 
8 2.150100 
9 1.914100 
10 1.745100 
11 1.682100 
12 1.679100 
13 1.669100 
14 1.645100 
15 1.602100 
16 1.533100 
17 1.435100 
18 1.301100 
19 1.129100 
20 0.915100 
21 0.657100 
22 0.353100 
23 0.000100 
24 -0.402900 
25 -0.856900 
26 -1.360900 
27 -1.909900 
28 -2.494900 
29 -3.082900 
30 -3.591900 
31 -3.818900 
32 -3.832900 
33 -3.879900 
34 -3.977900 
35 -4.139900 
36 -4.371900 
37 -4.670900 
38 -5.015900 
39 -5.368900 
40 -5.653900 
41 -5.768900 
42 -5.143900 
43 -3.972900 
44 -2.712900 
45 -1.473900 
46 -0.296900 
47 0.787100 
48 1.747100 
49 2.539100 
50 3.088100 
51 3.290100 
52 3.240100 
53 3.098100 
54 2.886100 
55 2.626100 
56 2.330100 
57 2.008100 
58 1.661100 
59 1.291100 
60 0.895100 
61 0.474100 
62 0.028100 
63 -0.442900 
64 -0.934900 
65 -1.442900 
66 -1.958900 
67 -2.470900 
68 -2.957900 
69 -3.386900 
70 -3.699900 
71 -3.818900 
72 -3.591900 
73 -3.082900 
74 -2.494900 
75 -1.909900 
76 -1.360900 
77 -0.856900 
78 -0.402900 
79 0.000100 
80 0.353100 
81 0.657100 
82 0.915100 
83 1.129100 
84 1.301100 
85 1.435100 
86 1.533100 
87 1.602100 
88 1.645100 
89 1.669100 
90 1.679100 
91 1.682100 

1 -2.459900 
2 -2.496900 
3 -2.606900 
4 -2.783900 
5 -3.018900 
6 -2.659900 
7 -1.452900 
8 -0.345900 
9 0.622100 
10 1.369100 
11 1.682100 
12 1.539100 
13 1.210100 
14 0.834100 
15 0.485100 
16 0.183100 
17 -0.075900 
18 -0.307900 
19 -0.530900 
20 -0.763900 
21 -1.016900 
22 -1.298900 
23 -1.612900 
24 -1.954900 
25 -2.316900 
26 -2.685900 
27 -3.038900 
28 -3.353900 
29 -3.602900 
30 -3.763900 
31 -3.818900 
32 -3.832900 
33 -3.879900 
34 -3.977900 
35 -4.139900 
36 -4.371900 
37 -4.670900 
38 -5.015900 
39 -5.368900 
40 -5.653900 
41 -5.768900 
42 -5.778900 
43 -5.815900 
44 -5.901900 
45 -6.053900 
46 -5.309900 
47 -4.385900 
48 -3.602900 
49 -2.992900 
50 -2.597900 
51 -2.459900 
52 -2.529900 
53 -2.736900 
54 -3.074900 
55 -3.535900 
56 -4.107900 
57 -4.777900 
58 -5.530900 
59 -5.520900 
60 -5.211900 
61 -4.930900 
62 -4.681900 
63 -4.466900 
64 -4.286900 
65 -4.140900 
66 -4.026900 
67 -3.942900 
68 -3.883900 
69 -3.845900 
70 -3.825900 
71 -3.818900 
72 -3.763900 
73 -3.602900 
74 -3.353900 
75 -3.038900 
76 -2.685900 
77 -2.316900 
78 -1.954900 
79 -1.612900 
80 -1.298900 
81 -1.016900 
82 -0.763900 
83 -0.530900 
84 -0.307900 
85 -0.075900 
86 0.183100 
87 0.485100 
88 0.834100 
89 1.210100 
90 1.539100 
91 1.682100 

1 -7.775900 
2 -7.392900 
3 -6.439900 
4 -5.222900 
5 -3.932900 
6 -3.295900 
7 -3.590900 
8 -3.875900 
9 -4.114900 
10 -4.275900 
11 -4.331900 
12 -4.382900 
13 -4.531900 
14 -4.776900 
15 -5.112900 
16 -5.535900 
17 -6.040900 
18 -6.624900 
19 -7.282900 
20 -8.011900 
21 -8.804900 
22 -9.647900 
23 -10.515900 
24 -11.326900 
25 -11.570900 
26 -10.701900 
27 -9.619900 
28 -8.584900 
29 -7.664900 
30 -6.954900 
31 -6.660900 
32 -6.692900 
33 -6.786900 
34 -6.938900 
35 -7.138900 
36 -7.373900 
37 -7.622900 
38 -7.860900 
39 -8.058900 
40 -8.191900 
41 -8.237900 
42 -8.841900 
43 -8.434900 
44 -7.418900 
45 -6.338900 
46 -6.282900 
47 -6.586900 
48 -6.947900 
49 -7.325900 
50 -7.643900 
51 -7.775900 
52 -7.706900 
53 -7.516900 
54 -7.239900 
55 -6.912900 
56 -6.560900 
57 -6.203900 
58 -5.853900 
59 -6.352900 
60 -7.222900 
61 -8.105900 
62 -8.911900 
63 -9.354900 
64 -9.213900 
65 -8.810900 
66 -8.348900 
67 -7.884900 
68 -7.443900 
69 -7.055900 
70 -6.769900 
71 -6.660900 
72 -6.954900 
73 -7.664900 
74 -8.584900 
75 -9.619900 
76 -10.701900 
77 -11.570900 
78 -11.326900 
79 -10.515900 
80 -9.647900 
81 -8.804900 
82 -8.011900 
83 -7.282900 
84 -6.624900 
85 -6.040900 
86 -5.535900 
87 -5.112900 
88 -4.776900 
89 -4.531900 
90 -4.382900 
91 -4.331900 

1 -11.079900 
2 -10.809900 
3 -10.090900 
4 -9.123900 
5 -8.088900 
6 -7.094900 
7 -6.199900 
8 -5.438900 
9 -4.846900 
10 -4.464900 
11 -4.331900 
12 -4.382900 
13 -4.531900 
14 -4.776900 
15 -5.112900 
16 -5.535900 
17 -6.040900 
18 -6.624900 
19 -7.282900 
20 -8.011900 
21 -8.804900 
22 -9.647900 
23 -10.515900 
24 -11.326900 
25 -11.570900 
26 -10.701900 
27 -9.619900 
28 -8.584900 
29 -7.664900 
30 -6.954900 
31 -6.660900 
32 -7.328900 
33 -8.641900 
34 -10.122900 
35 -11.652900 
36 -12.565900 
37 -11.665900 
38 -10.846900 
39 -10.154900 
40 -9.665900 
41 -9.482900 
42 -9.194900 
43 -9.612900 
44 -9.767900 
45 -9.972900 
46 -10.210900 
47 -10.462900 
48 -10.701900 
49 -10.901900 
50 -11.033900 
51 -11.079900 
52 -11.095900 
53 -11.143900 
54 -11.224900 
55 -11.337900 
56 -11.485900 
57 -11.669900 
58 -11.889900 
59 -12.146900 
60 -12.249900 
61 -11.695900 
62 -11.272900 
63 -11.256900 
64 -11.851900 
65 -11.768900 
66 -10.624900 
67 -9.538900 
68 -8.530900 
69 -7.637900 
70 -6.947900 
71 -6.660900 
72 -6.954900 
73 -7.664900 
74 -8.584900 
75 -9.619900 
76 -10.701900 
77 -11.570900 
78 -11.326900 
79 -10.515900 
80 -9.647900 
81 -8.804900 
82 -8.011900 
83 -7.282900 
84 -6.624900 
85 -6.040900 
86 -5.535900 
87 -5.112900 
88 -4.776900 
89 -4.531900 
90 -4.382900 
91 -4.331900 

1 -11.079900 
2 -10.809900 
3 -10.090900 
4 -9.123900 
5 -8.088900 
6 -7.094900 
7 -6.199900 
8 -5.438900 
9 -4.846900 
10 -4.464900 
11 -4.331900 
12 -4.390900 
13 -4.568900 
14 -4.872900 
15 -5.304900 
16 -5.858900 
17 -6.520900 
18 -7.268900 
19 -8.084900 
20 -8.948900 
21 -9.843900 
22 -10.754900 
23 -11.662900 
24 -12.549900 
25 -13.112900 
26 -13.656900 
27 -14.419900 
28 -15.114900 
29 -15.660900 
30 -16.007900 
31 -16.127900 
32 -15.902900 
33 -15.293900 
34 -14.450900 
35 -13.511900 
36 -12.565900 
37 -11.665900 
38 -10.846900 
39 -10.154900 
40 -9.665900 
41 -9.482900 
42 -9.514900 
43 -9.950900 
44 -11.108900 
45 -12.212900 
46 -13.230900 
47 -13.323900 
48 -12.503900 
49 -11.794900 
50 -11.277900 
51 -11.079900 
52 -11.142900 
53 -11.314900 
54 -11.564900 
55 -11.858900 
56 -12.175900 
57 -12.503900 
58 -12.832900 
59 -12.845900 
60 -12.441900 
61 -12.775900 
62 -13.144900 
63 -13.544900 
64 -12.952900 
65 -12.711900 
66 -13.601900 
67 -14.428900 
68 -15.134900 
69 -15.673900 
70 -16.012900 
71 -16.127900 
72 -16.007900 
73 -15.660900 
74 -15.114900 
75 -14.419900 
76 -13.656900 
77 -13.112900 
78 -12.549900 
79 -11.662900 
80 -10.754900 
81 -9.843900 
82 -8.948900 
83 -8.084900 
84 -7.268900 
85 -6.520900 
86 -5.858900 
87 -5.304900 
88 -4.872900 
89 -4.568900 
90 -4.390900 
91 -4.331900 

1 -15.976900 
2 -16.416900 
3 -17.524900 
4 -18.941900 
5 -20.392900 
6 -21.483900 
7 -21.627900 
8 -21.757900 
9 -21.862900 
10 -21.930900 
11 -21.953900 
12 -22.040900 
13 -22.248900 
14 -22.449900 
15 -22.500900 
16 -22.302900 
17 -21.813900 
18 -21.046900 
19 -20.047900 
20 -18.875900 
21 -17.593900 
22 -16.260900 
23 -14.934900 
24 -13.715900 
25 -13.112900 
26 -13.656900 
27 -14.419900 
28 -15.114900 
29 -15.660900 
30 -16.007900 
31 -16.127900 
32 -15.902900 
33 -15.293900 
34 -14.450900 
35 -13.511900 
36 -13.174900 
37 -14.625900 
38 -15.921900 
39 -16.960900 
40 -17.554900 
41 -17.595900 
42 -17.385900 
43 -16.817900 
44 -16.021900 
45 -15.125900 
46 -14.209900 
47 -14.137900 
48 -14.903900 
49 -15.488900 
50 -15.853900 
51 -15.976900 
52 -15.915900 
53 -15.733900 
54 -15.438900 
55 -15.044900 
56 -14.568900 
57 -14.028900 
58 -13.446900 
59 -13.161900 
60 -13.486900 
61 -13.809900 
62 -14.128900 
63 -14.158900 
64 -13.969900 
65 -14.406900 
66 -14.840900 
67 -15.248900 
68 -15.605900 
69 -15.886900 
70 -16.065900 
71 -16.127900 
72 -16.007900 
73 -15.660900 
74 -15.114900 
75 -14.419900 
76 -13.656900 
77 -13.112900 
78 -13.715900 
79 -14.934900 
80 -16.260900 
81 -17.593900 
82 -18.875900 
83 -20.047900 
84 -21.046900 
85 -21.813900 
86 -22.302900 
87 -22.500900 
88 -22.449900 
89 -22.248900 
90 -22.040900 
91 -21.953900 

1 -21.032900 
2 -21.054900 
3 -21.117900 
4 -21.216900 
5 -21.342900 
6 -21.656900 
7 -22.531900 
8 -22.865900 
9 -22.660900 
10 -22.195900 
11 -21.953900 
12 -22.040900 
13 -22.248900 
14 -22.449900 
15 -22.500900 
16 -22.302900 
17 -21.813900 
18 -21.046900 
19 -20.047900 
20 -18.875900 
21 -17.593900 
22 -16.260900 
23 -14.934900 
24 -13.715900 
25 -13.392900 
26 -14.165900 
27 -14.839900 
28 -15.390900 
29 -15.796900 
30 -16.044900 
31 -16.127900 
32 -16.158900 
33 -16.251900 
34 -16.398900 
35 -16.590900 
36 -16.811900 
37 -17.042900 
38 -17.258900 
39 -17.436900 
40 -17.637900 
41 -17.873900 
42 -18.003900 
43 -18.379900 
44 -18.954900 
45 -19.644900 
46 -20.331900 
47 -20.880900 
48 -21.183900 
49 -21.219900 
50 -21.104900 
51 -21.032900 
52 -21.070900 
53 -21.149900 
54 -21.183900 
55 -21.085900 
56 -20.793900 
57 -20.285900 
58 -19.573900 
59 -18.686900 
60 -17.662900 
61 -16.543900 
62 -15.364900 
63 -14.442900 
64 -14.751900 
65 -15.049900 
66 -15.332900 
67 -15.589900 
68 -15.810900 
69 -15.981900 
70 -16.089900 
71 -16.127900 
72 -16.044900 
73 -15.796900 
74 -15.390900 
75 -14.839900 
76 -14.165900 
77 -13.392900 
78 -13.715900 
79 -14.934900 
80 -16.260900 
81 -17.593900 
82 -18.875900 
83 -20.047900 
84 -21.046900 
85 -21.813900 
86 -22.302900 
87 -22.500900 
88 -22.449900 
89 -22.248900 
90 -22.040900 
91 -21.953900 

