1 4.327500 
2 4.522500 
3 4.668500 
4 4.909500 
5 5.256500 
6 5.607500 
7 5.929500 
8 6.201500 
9 6.404500 
10 6.530500 
11 6.572500 
12 6.562500 
13 6.557500 
14 6.638500 
15 6.916500 
16 7.416500 
17 8.018500 
18 8.585500 
19 9.032500 
20 9.315500 
21 9.411500 
22 9.362500 
23 9.219500 
24 8.983500 
25 8.661500 
26 8.262500 
27 7.799500 
28 7.290500 
29 6.761500 
30 6.248500 
31 5.796500 
32 5.454500 
33 5.261500 
34 5.218500 
35 5.297500 
36 5.450500 
37 5.641500 
38 5.831500 
39 5.968500 
40 6.051500 
41 6.079500 
42 6.056500 
43 5.990500 
44 5.881500 
45 5.733500 
46 5.552500 
47 5.343500 
48 5.115500 
49 4.877500 
50 4.642500 
51 4.421500 
52 4.783500 
53 5.063500 
54 5.241500 
55 5.320500 
56 5.304500 
57 5.204500 
58 5.032500 
59 4.810500 
60 4.564500 
61 4.327500 
62 4.526500 
63 4.646500 
64 4.711500 
65 5.531500 
66 6.459500 
67 7.378500 
68 8.200500 
69 8.850500 
70 9.267500 
71 9.411500 
72 9.315500 
73 9.032500 
74 8.585500 
75 8.018500 
76 7.416500 
77 6.916500 
78 6.638500 
79 6.557500 
80 6.562500 
81 6.572500 

1 4.327500 
2 4.402500 
3 4.609500 
4 4.772500 
5 4.838500 
6 4.874500 
7 4.886500 
8 4.883500 
9 4.872500 
10 4.861500 
11 4.857500 
12 4.822500 
13 4.722500 
14 4.562500 
15 4.357500 
16 4.123500 
17 3.882500 
18 3.659500 
19 3.478500 
20 3.359500 
21 3.318500 
22 3.315500 
23 3.306500 
24 3.287500 
25 3.254500 
26 3.201500 
27 3.123500 
28 3.012500 
29 2.862500 
30 3.140500 
31 3.582500 
32 4.009500 
33 4.411500 
34 4.781500 
35 5.113500 
36 5.401500 
37 5.634500 
38 5.811500 
39 5.954500 
40 6.047500 
41 6.079500 
42 6.056500 
43 5.990500 
44 5.881500 
45 5.733500 
46 5.552500 
47 5.343500 
48 5.115500 
49 4.877500 
50 4.642500 
51 4.421500 
52 4.227500 
53 4.073500 
54 3.967500 
55 3.912500 
56 3.906500 
57 3.943500 
58 4.014500 
59 4.109500 
60 4.216500 
61 4.327500 
62 4.526500 
63 4.646500 
64 4.653500 
65 4.533500 
66 4.300500 
67 4.002500 
68 3.709500 
69 3.486500 
70 3.358500 
71 3.318500 
72 3.359500 
73 3.478500 
74 3.659500 
75 3.882500 
76 4.123500 
77 4.357500 
78 4.562500 
79 4.722500 
80 4.822500 
81 4.857500 

1 4.327500 
2 4.082500 
3 3.782500 
4 3.428500 
5 3.020500 
6 2.561500 
7 2.060500 
8 1.533500 
9 1.019500 
10 0.664500 
11 0.681500 
12 0.983500 
13 1.726500 
14 2.519500 
15 3.072500 
16 3.302500 
17 3.333500 
18 3.312500 
19 3.306500 
20 3.313500 
21 3.318500 
22 3.315500 
23 3.306500 
24 3.287500 
25 3.254500 
26 3.201500 
27 3.123500 
28 3.012500 
29 2.862500 
30 2.666500 
31 2.420500 
32 2.118500 
33 1.759500 
34 1.341500 
35 0.864500 
36 0.335500 
37 -0.235500 
38 -0.826500 
39 -1.390500 
40 -1.835500 
41 -2.014500 
42 -1.793500 
43 -1.225500 
44 -0.470500 
45 0.354500 
46 1.181500 
47 1.972500 
48 2.702500 
49 3.357500 
50 3.926500 
51 4.403500 
52 4.227500 
53 4.073500 
54 3.967500 
55 3.912500 
56 3.906500 
57 3.943500 
58 4.014500 
59 4.109500 
60 4.216500 
61 4.327500 
62 4.033500 
63 4.160500 
64 4.653500 
65 4.533500 
66 4.300500 
67 4.002500 
68 3.709500 
69 3.486500 
70 3.358500 
71 3.318500 
72 3.313500 
73 3.306500 
74 3.312500 
75 3.333500 
76 3.302500 
77 3.072500 
78 2.519500 
79 1.726500 
80 0.983500 
81 0.681500 

1 -0.015500 
2 -0.002500 
3 0.040500 
4 0.113500 
5 0.211500 
6 0.323500 
7 0.436500 
8 0.536500 
9 0.615500 
10 0.599500 
11 0.425500 
12 0.479500 
13 0.579500 
14 0.707500 
15 0.833500 
16 0.996500 
17 1.801500 
18 2.452500 
19 2.930500 
20 3.220500 
21 3.318500 
22 3.293500 
23 3.217500 
24 3.092500 
25 2.918500 
26 2.697500 
27 2.431500 
28 2.253500 
29 2.693500 
30 2.666500 
31 2.420500 
32 2.118500 
33 1.759500 
34 1.341500 
35 0.864500 
36 0.335500 
37 -0.235500 
38 -0.826500 
39 -1.390500 
40 -1.835500 
41 -2.014500 
42 -1.972500 
43 -1.854500 
44 -1.678500 
45 -1.464500 
46 -1.231500 
47 -0.994500 
48 -0.766500 
49 -0.554500 
50 -0.366500 
51 -0.209500 
52 -0.085500 
53 0.000500 
54 0.052500 
55 0.071500 
56 0.068500 
57 0.050500 
58 0.026500 
59 0.004500 
60 -0.010500 
61 -0.015500 
62 0.007500 
63 0.078500 
64 0.191500 
65 0.331500 
66 0.470500 
67 0.571500 
68 1.766500 
69 2.632500 
70 3.148500 
71 3.318500 
72 3.220500 
73 2.930500 
74 2.452500 
75 1.801500 
76 0.996500 
77 0.833500 
78 0.707500 
79 0.579500 
80 0.479500 
81 0.425500 

1 -0.015500 
2 -0.013500 
3 -0.008500 
4 -0.000500 
5 0.009500 
6 0.021500 
7 0.032500 
8 0.042500 
9 0.050500 
10 0.055500 
11 0.057500 
12 0.072500 
13 0.112500 
14 0.169500 
15 0.234500 
16 0.913500 
17 0.905500 
18 0.799500 
19 0.638500 
20 0.498500 
21 0.443500 
22 0.487500 
23 0.616500 
24 0.825500 
25 1.105500 
26 1.445500 
27 1.832500 
28 2.124500 
29 1.779500 
30 1.403500 
31 1.002500 
32 0.584500 
33 0.159500 
34 -0.261500 
35 -0.665500 
36 -1.039500 
37 -1.368500 
38 -1.641500 
39 -1.845500 
40 -1.971500 
41 -2.014500 
42 -1.972500 
43 -1.854500 
44 -1.678500 
45 -1.464500 
46 -1.231500 
47 -0.994500 
48 -0.766500 
49 -0.554500 
50 -0.366500 
51 -0.209500 
52 -0.085500 
53 0.000500 
54 0.052500 
55 0.071500 
56 0.068500 
57 0.050500 
58 0.026500 
59 0.004500 
60 -0.010500 
61 -0.015500 
62 0.007500 
63 0.078500 
64 0.191500 
65 0.331500 
66 0.470500 
67 0.571500 
68 0.599500 
69 0.553500 
70 0.479500 
71 0.443500 
72 0.498500 
73 0.638500 
74 0.799500 
75 0.905500 
76 0.913500 
77 0.234500 
78 0.169500 
79 0.112500 
80 0.072500 
81 0.057500 

1 -5.243500 
2 -5.328500 
3 -5.572500 
4 -5.946500 
5 -6.406500 
6 -6.140500 
7 -5.242500 
8 -4.391500 
9 -3.637500 
10 -3.070500 
11 -2.846500 
12 -2.566500 
13 -1.846500 
14 -0.908500 
15 0.073500 
16 0.296500 
17 0.350500 
18 0.392500 
19 0.421500 
20 0.438500 
21 0.443500 
22 0.425500 
23 0.372500 
24 0.287500 
25 0.178500 
26 0.055500 
27 -0.070500 
28 -0.189500 
29 -0.302500 
30 -0.426500 
31 -0.595500 
32 -0.862500 
33 -1.271500 
34 -1.839500 
35 -2.545500 
36 -3.345500 
37 -4.184500 
38 -4.997500 
39 -5.704500 
40 -6.201500 
41 -6.383500 
42 -6.428500 
43 -6.555500 
44 -6.744500 
45 -6.971500 
46 -7.212500 
47 -7.451500 
48 -7.575500 
49 -7.508500 
50 -7.395500 
51 -7.246500 
52 -7.068500 
53 -6.866500 
54 -6.644500 
55 -6.404500 
56 -6.153500 
57 -5.900500 
58 -5.660500 
59 -5.451500 
60 -5.301500 
61 -5.243500 
62 -5.543500 
63 -6.295500 
64 -4.779500 
65 -2.811500 
66 -0.995500 
67 0.550500 
68 0.599500 
69 0.553500 
70 0.479500 
71 0.443500 
72 0.438500 
73 0.421500 
74 0.392500 
75 0.350500 
76 0.296500 
77 0.073500 
78 -0.908500 
79 -1.846500 
80 -2.566500 
81 -2.846500 

1 -10.308500 
2 -9.612500 
3 -8.818500 
4 -7.956500 
5 -7.054500 
6 -6.905500 
7 -7.398500 
8 -7.839500 
9 -8.191500 
10 -8.419500 
11 -8.497500 
12 -8.992500 
13 -10.254500 
14 -10.934500 
15 -11.440500 
16 -12.009500 
17 -12.591500 
18 -13.130500 
19 -13.568500 
20 -13.855500 
21 -13.955500 
22 -14.009500 
23 -14.148500 
24 -14.313500 
25 -14.449500 
26 -14.530500 
27 -14.562500 
28 -14.579500 
29 -14.621500 
30 -14.718500 
31 -14.657500 
32 -13.929500 
33 -13.068500 
34 -12.111500 
35 -11.095500 
36 -10.058500 
37 -9.037500 
38 -8.075500 
39 -7.234500 
40 -6.619500 
41 -6.383500 
42 -6.428500 
43 -6.555500 
44 -6.744500 
45 -6.971500 
46 -7.212500 
47 -7.451500 
48 -7.674500 
49 -7.875500 
50 -8.052500 
51 -8.208500 
52 -8.349500 
53 -8.486500 
54 -8.629500 
55 -8.788500 
56 -8.972500 
57 -9.184500 
58 -9.428500 
59 -9.700500 
60 -9.995500 
61 -10.308500 
62 -8.816500 
63 -7.278500 
64 -8.578500 
65 -10.828500 
66 -13.160500 
67 -13.517500 
68 -13.765500 
69 -13.899500 
70 -13.946500 
71 -13.955500 
72 -13.855500 
73 -13.568500 
74 -13.130500 
75 -12.591500 
76 -12.009500 
77 -11.440500 
78 -10.934500 
79 -10.254500 
80 -8.992500 
81 -8.497500 

1 -10.308500 
2 -10.367500 
3 -10.534500 
4 -10.784500 
5 -11.082500 
6 -11.388500 
7 -11.204500 
8 -10.866500 
9 -10.531500 
10 -10.285500 
11 -10.195500 
12 -10.282500 
13 -10.536500 
14 -11.883500 
15 -13.533500 
16 -14.901500 
17 -15.395500 
18 -15.094500 
19 -14.592500 
20 -14.137500 
21 -13.955500 
22 -14.048500 
23 -14.309500 
24 -14.682500 
25 -15.089500 
26 -15.446500 
27 -15.679500 
28 -15.733500 
29 -15.581500 
30 -15.217500 
31 -14.657500 
32 -13.929500 
33 -13.068500 
34 -12.111500 
35 -11.095500 
36 -10.058500 
37 -9.037500 
38 -8.075500 
39 -7.234500 
40 -6.619500 
41 -6.383500 
42 -6.511500 
43 -6.806500 
44 -7.119500 
45 -7.365500 
46 -7.518500 
47 -7.583500 
48 -7.674500 
49 -7.875500 
50 -8.052500 
51 -8.208500 
52 -8.349500 
53 -8.486500 
54 -8.629500 
55 -8.788500 
56 -8.972500 
57 -9.184500 
58 -9.428500 
59 -9.700500 
60 -9.995500 
61 -10.308500 
62 -10.956500 
63 -11.592500 
64 -12.183500 
65 -12.710500 
66 -13.160500 
67 -13.517500 
68 -13.765500 
69 -13.899500 
70 -13.946500 
71 -13.955500 
72 -14.137500 
73 -14.592500 
74 -15.094500 
75 -15.395500 
76 -14.901500 
77 -13.533500 
78 -11.883500 
79 -10.536500 
80 -10.282500 
81 -10.195500 

1 -10.308500 
2 -10.877500 
3 -11.291500 
4 -11.530500 
5 -11.584500 
6 -11.464500 
7 -11.669500 
8 -11.898500 
9 -12.061500 
10 -12.155500 
11 -12.186500 
12 -12.478500 
13 -13.212500 
14 -14.097500 
15 -14.866500 
16 -15.330500 
17 -15.702500 
18 -15.755500 
19 -15.143500 
20 -14.329500 
21 -13.955500 
22 -14.048500 
23 -14.309500 
24 -14.682500 
25 -15.089500 
26 -15.446500 
27 -15.679500 
28 -15.733500 
29 -15.581500 
30 -15.217500 
31 -14.879500 
32 -15.088500 
33 -15.305500 
34 -15.475500 
35 -15.544500 
36 -15.473500 
37 -15.252500 
38 -14.913500 
39 -14.530500 
40 -14.217500 
41 -14.095500 
42 -14.190500 
43 -14.462500 
44 -14.871500 
45 -15.344500 
46 -15.787500 
47 -16.095500 
48 -16.181500 
49 -15.992500 
50 -15.536500 
51 -14.880500 
52 -14.143500 
53 -13.447500 
54 -12.881500 
55 -12.468500 
56 -12.174500 
57 -11.932500 
58 -11.671500 
59 -11.333500 
60 -10.883500 
61 -10.308500 
62 -10.956500 
63 -11.592500 
64 -12.183500 
65 -12.710500 
66 -13.189500 
67 -15.148500 
68 -16.129500 
69 -15.793500 
70 -14.620500 
71 -13.955500 
72 -14.329500 
73 -15.143500 
74 -15.755500 
75 -15.702500 
76 -15.330500 
77 -14.866500 
78 -14.097500 
79 -13.212500 
80 -12.478500 
81 -12.186500 

