1 4.263100 
2 4.398100 
3 4.711100 
4 5.079100 
5 5.436100 
6 5.756100 
7 6.025100 
8 6.238100 
9 6.392100 
10 6.485100 
11 6.516100 
12 7.256100 
13 8.330100 
14 9.339100 
15 10.237100 
16 11.008100 
17 11.646100 
18 12.147100 
19 12.506100 
20 12.723100 
21 12.795100 
22 12.759100 
23 12.651100 
24 12.470100 
25 12.219100 
26 11.896100 
27 11.505100 
28 11.044100 
29 10.517100 
30 9.924100 
31 9.268100 
32 8.551100 
33 7.775100 
34 6.944100 
35 6.063100 
36 5.137100 
37 4.176100 
38 3.192100 
39 2.211100 
40 1.295100 
41 0.755100 
42 1.063100 
43 1.583100 
44 2.104100 
45 2.593100 
46 3.039100 
47 3.439100 
48 3.791100 
49 4.094100 
50 4.347100 
51 4.551100 
52 4.705100 
53 4.810100 
54 4.866100 
55 4.874100 
56 4.836100 
57 4.754100 
58 4.634100 
59 4.488100 
60 4.341100 
61 4.263100 
62 4.873100 
63 6.264100 
64 7.697100 
65 9.003100 
66 10.137100 
67 11.081100 
68 11.825100 
69 12.362100 
70 12.687100 
71 12.795100 
72 12.723100 
73 12.506100 
74 12.147100 
75 11.646100 
76 11.008100 
77 10.237100 
78 9.339100 
79 8.330100 
80 7.256100 
81 6.516100 

1 1.868100 
2 2.461100 
3 3.000100 
4 3.484100 
5 3.909100 
6 4.271100 
7 4.569100 
8 4.801100 
9 4.966100 
10 5.065100 
11 5.098100 
12 4.258100 
13 2.885100 
14 1.390100 
15 -0.168900 
16 -1.752900 
17 -3.327900 
18 -4.847900 
19 -6.244900 
20 -7.406900 
21 -7.990900 
22 -7.685900 
23 -7.089900 
24 -6.423900 
25 -5.740900 
26 -5.063900 
27 -4.402900 
28 -3.763900 
29 -3.152900 
30 -2.573900 
31 -2.030900 
32 -1.525900 
33 -1.063900 
34 -0.648900 
35 -0.281900 
36 0.032100 
37 0.291100 
38 0.494100 
39 0.639100 
40 0.726100 
41 0.755100 
42 0.814100 
43 0.975100 
44 1.204100 
45 1.466100 
46 1.736100 
47 1.996100 
48 2.237100 
49 2.450100 
50 2.631100 
51 2.776100 
52 2.881100 
53 2.945100 
54 2.966100 
55 2.942100 
56 2.874100 
57 2.761100 
58 2.604100 
59 2.402100 
60 2.156100 
61 1.868100 
62 2.341100 
63 1.727100 
64 0.763100 
65 -0.377900 
66 -1.646900 
67 -3.006900 
68 -4.418900 
69 -5.829900 
70 -7.157900 
71 -7.990900 
72 -7.406900 
73 -6.244900 
74 -4.847900 
75 -3.327900 
76 -1.752900 
77 -0.168900 
78 1.390100 
79 2.885100 
80 4.258100 
81 5.098100 

1 1.868100 
2 1.678100 
3 1.199100 
4 0.561100 
5 -0.164900 
6 -0.937900 
7 -1.726900 
8 -2.495900 
9 -3.185900 
10 -3.700900 
11 -3.900900 
12 -3.916900 
13 -3.989900 
14 -4.161900 
15 -4.455900 
16 -4.875900 
17 -5.413900 
18 -6.054900 
19 -6.778900 
20 -7.527900 
21 -7.990900 
22 -7.685900 
23 -7.089900 
24 -6.423900 
25 -5.740900 
26 -5.063900 
27 -4.402900 
28 -3.763900 
29 -3.152900 
30 -2.573900 
31 -2.030900 
32 -1.525900 
33 -1.063900 
34 -0.648900 
35 -0.281900 
36 0.032100 
37 0.291100 
38 0.494100 
39 0.639100 
40 0.726100 
41 0.755100 
42 0.814100 
43 0.975100 
44 1.204100 
45 1.466100 
46 1.736100 
47 1.996100 
48 2.237100 
49 2.450100 
50 2.631100 
51 2.776100 
52 2.881100 
53 2.945100 
54 2.966100 
55 2.942100 
56 2.874100 
57 2.761100 
58 2.604100 
59 2.402100 
60 2.156100 
61 1.868100 
62 1.169100 
63 0.318100 
64 -0.668900 
65 -1.769900 
66 -2.959900 
67 -4.203900 
68 -5.456900 
69 -6.637900 
70 -7.586900 
71 -7.990900 
72 -7.527900 
73 -6.778900 
74 -6.054900 
75 -5.413900 
76 -4.875900 
77 -4.455900 
78 -4.161900 
79 -3.989900 
80 -3.916900 
81 -3.900900 

1 1.868100 
2 1.226100 
3 0.536100 
4 -0.200900 
5 -0.981900 
6 -1.809900 
7 -2.683900 
8 -3.602900 
9 -4.558900 
10 -5.505900 
11 -6.091900 
12 -6.123900 
13 -6.219900 
14 -6.378900 
15 -6.594900 
16 -6.860900 
17 -7.159900 
18 -7.463900 
19 -7.733900 
20 -7.921900 
21 -7.990900 
22 -8.002900 
23 -8.039900 
24 -8.100900 
25 -7.926900 
26 -7.471900 
27 -6.966900 
28 -6.420900 
29 -5.842900 
30 -5.249900 
31 -4.658900 
32 -4.084900 
33 -3.542900 
34 -3.041900 
35 -2.587900 
36 -2.180900 
37 -1.813900 
38 -1.463900 
39 -1.083900 
40 -0.611900 
41 -0.234900 
42 -0.582900 
43 -1.221900 
44 -1.942900 
45 -2.708900 
46 -3.504900 
47 -4.314900 
48 -5.116900 
49 -5.861900 
50 -6.432900 
51 -6.603900 
52 -6.237900 
53 -5.515900 
54 -4.625900 
55 -3.660900 
56 -2.665900 
57 -1.667900 
58 -0.685900 
59 0.259100 
60 1.135100 
61 1.868100 
62 1.169100 
63 0.318100 
64 -0.668900 
65 -1.769900 
66 -2.959900 
67 -4.203900 
68 -5.456900 
69 -6.637900 
70 -7.586900 
71 -7.990900 
72 -7.921900 
73 -7.733900 
74 -7.463900 
75 -7.159900 
76 -6.860900 
77 -6.594900 
78 -6.378900 
79 -6.219900 
80 -6.123900 
81 -6.091900 

1 -10.435900 
2 -10.380900 
3 -10.229900 
4 -10.005900 
5 -9.730900 
6 -9.412900 
7 -9.048900 
8 -8.644900 
9 -8.230900 
10 -7.885900 
11 -7.545900 
12 -7.546900 
13 -7.557900 
14 -7.596900 
15 -7.684900 
16 -7.835900 
17 -8.049900 
18 -8.318900 
19 -8.620900 
20 -8.930900 
21 -9.182900 
22 -8.978900 
23 -8.681900 
24 -8.330900 
25 -8.032900 
26 -7.540900 
27 -7.038900 
28 -6.547900 
29 -6.080900 
30 -5.645900 
31 -5.245900 
32 -4.882900 
33 -4.556900 
34 -4.268900 
35 -4.017900 
36 -3.805900 
37 -3.630900 
38 -3.494900 
39 -3.397900 
40 -3.339900 
41 -3.319900 
42 -3.408900 
43 -3.657900 
44 -4.029900 
45 -4.482900 
46 -4.985900 
47 -5.513900 
48 -6.048900 
49 -6.578900 
50 -7.096900 
51 -7.597900 
52 -8.077900 
53 -8.535900 
54 -8.963900 
55 -9.352900 
56 -9.693900 
57 -9.973900 
58 -10.186900 
59 -10.330900 
60 -10.410900 
61 -10.435900 
62 -10.357900 
63 -10.168900 
64 -9.923900 
65 -9.664900 
66 -9.424900 
67 -9.230900 
68 -9.096900 
69 -9.025900 
70 -9.035900 
71 -9.182900 
72 -8.930900 
73 -8.620900 
74 -8.318900 
75 -8.049900 
76 -7.835900 
77 -7.684900 
78 -7.596900 
79 -7.557900 
80 -7.546900 
81 -7.545900 

1 -10.435900 
2 -10.430900 
3 -10.414900 
4 -10.391900 
5 -10.362900 
6 -10.329900 
7 -10.297900 
8 -10.269900 
9 -9.239900 
10 -8.173900 
11 -7.743900 
12 -7.759900 
13 -7.807900 
14 -7.889900 
15 -8.009900 
16 -8.173900 
17 -8.381900 
18 -8.626900 
19 -8.874900 
20 -9.070900 
21 -9.182900 
22 -9.096900 
23 -8.852900 
24 -8.483900 
25 -8.187900 
26 -8.299900 
27 -8.436900 
28 -8.600900 
29 -8.790900 
30 -9.007900 
31 -9.251900 
32 -9.520900 
33 -9.623900 
34 -8.880900 
35 -7.994900 
36 -7.015900 
37 -5.999900 
38 -5.012900 
39 -4.145900 
40 -3.537900 
41 -3.319900 
42 -3.408900 
43 -3.657900 
44 -4.029900 
45 -4.482900 
46 -4.985900 
47 -5.513900 
48 -6.048900 
49 -6.578900 
50 -7.096900 
51 -7.597900 
52 -8.077900 
53 -8.535900 
54 -8.963900 
55 -9.352900 
56 -9.693900 
57 -9.973900 
58 -10.186900 
59 -10.330900 
60 -10.410900 
61 -10.435900 
62 -10.357900 
63 -10.168900 
64 -9.923900 
65 -9.664900 
66 -9.424900 
67 -9.230900 
68 -9.096900 
69 -9.025900 
70 -9.035900 
71 -9.182900 
72 -9.070900 
73 -8.874900 
74 -8.626900 
75 -8.381900 
76 -8.173900 
77 -8.009900 
78 -7.889900 
79 -7.807900 
80 -7.759900 
81 -7.743900 

1 -16.352900 
2 -15.914900 
3 -15.299900 
4 -14.524900 
5 -13.616900 
6 -12.601900 
7 -11.509900 
8 -10.375900 
9 -10.247900 
10 -10.232900 
11 -10.228900 
12 -10.225900 
13 -10.217900 
14 -10.198900 
15 -10.163900 
16 -10.104900 
17 -10.015900 
18 -9.888900 
19 -9.716900 
20 -9.499900 
21 -9.280900 
22 -9.434900 
23 -9.589900 
24 -9.723900 
25 -9.858900 
26 -10.016900 
27 -10.205900 
28 -10.408900 
29 -10.572900 
30 -10.629900 
31 -10.510900 
32 -10.176900 
33 -9.813900 
34 -10.125900 
35 -10.450900 
36 -10.775900 
37 -11.085900 
38 -11.361900 
39 -11.581900 
40 -11.723900 
41 -11.773900 
42 -11.797900 
43 -11.849900 
44 -11.876900 
45 -11.819900 
46 -11.639900 
47 -11.323900 
48 -10.890900 
49 -10.398900 
50 -9.979900 
51 -9.878900 
52 -10.245900 
53 -10.914900 
54 -11.703900 
55 -12.523900 
56 -13.330900 
57 -14.097900 
58 -14.802900 
59 -15.424900 
60 -15.946900 
61 -16.352900 
62 -15.835900 
63 -15.038900 
64 -14.079900 
65 -13.080900 
66 -12.136900 
67 -11.309900 
68 -10.627900 
69 -10.081900 
70 -9.625900 
71 -9.280900 
72 -9.499900 
73 -9.716900 
74 -9.888900 
75 -10.015900 
76 -10.104900 
77 -10.163900 
78 -10.198900 
79 -10.217900 
80 -10.225900 
81 -10.228900 

1 -16.352900 
2 -16.335900 
3 -16.278900 
4 -16.165900 
5 -15.992900 
6 -15.479900 
7 -14.784900 
8 -14.053900 
9 -13.399900 
10 -12.943900 
11 -12.780900 
12 -12.898900 
13 -13.147900 
14 -13.311900 
15 -13.069900 
16 -12.310900 
17 -11.582900 
18 -10.910900 
19 -10.287900 
20 -9.689900 
21 -9.280900 
22 -9.557900 
23 -10.071900 
24 -10.606900 
25 -11.112900 
26 -11.575900 
27 -11.991900 
28 -12.357900 
29 -12.672900 
30 -12.931900 
31 -13.130900 
32 -13.258900 
33 -13.308900 
34 -13.269900 
35 -13.139900 
36 -12.923900 
37 -12.642900 
38 -12.333900 
39 -12.048900 
40 -11.846900 
41 -11.773900 
42 -11.797900 
43 -11.870900 
44 -11.993900 
45 -12.165900 
46 -12.388900 
47 -12.661900 
48 -12.980900 
49 -13.340900 
50 -13.733900 
51 -14.147900 
52 -14.569900 
53 -14.983900 
54 -15.374900 
55 -15.729900 
56 -16.032900 
57 -16.270900 
58 -16.430900 
59 -16.500900 
60 -16.475900 
61 -16.352900 
62 -15.835900 
63 -15.038900 
64 -14.079900 
65 -13.080900 
66 -12.136900 
67 -11.309900 
68 -10.627900 
69 -10.081900 
70 -9.625900 
71 -9.280900 
72 -9.689900 
73 -10.287900 
74 -10.910900 
75 -11.582900 
76 -12.310900 
77 -13.069900 
78 -13.311900 
79 -13.147900 
80 -12.898900 
81 -12.780900 

1 -16.352900 
2 -16.592900 
3 -16.624900 
4 -16.441900 
5 -16.050900 
6 -15.772900 
7 -15.535900 
8 -15.314900 
9 -15.138900 
10 -15.026900 
11 -14.988900 
12 -14.839900 
13 -14.419900 
14 -13.799900 
15 -13.235900 
16 -12.876900 
17 -12.273900 
18 -11.499900 
19 -10.634900 
20 -9.781900 
21 -9.280900 
22 -9.557900 
23 -10.071900 
24 -10.606900 
25 -11.112900 
26 -11.575900 
27 -11.991900 
28 -12.357900 
29 -12.672900 
30 -12.931900 
31 -13.130900 
32 -13.258900 
33 -13.308900 
34 -13.269900 
35 -13.139900 
36 -12.923900 
37 -12.642900 
38 -12.333900 
39 -12.048900 
40 -11.846900 
41 -11.773900 
42 -11.797900 
43 -11.870900 
44 -11.993900 
45 -12.165900 
46 -12.388900 
47 -12.661900 
48 -12.980900 
49 -13.340900 
50 -13.733900 
51 -14.147900 
52 -14.569900 
53 -14.983900 
54 -15.374900 
55 -15.729900 
56 -16.032900 
57 -16.270900 
58 -16.430900 
59 -16.500900 
60 -16.475900 
61 -16.352900 
62 -16.760900 
63 -16.612900 
64 -16.005900 
65 -15.125900 
66 -14.135900 
67 -13.119900 
68 -12.100900 
69 -11.065900 
70 -10.012900 
71 -9.280900 
72 -9.781900 
73 -10.634900 
74 -11.499900 
75 -12.273900 
76 -12.876900 
77 -13.235900 
78 -13.799900 
79 -14.419900 
80 -14.839900 
81 -14.988900 

