1 5.583900 
2 5.623900 
3 5.733900 
4 5.888900 
5 6.062900 
6 6.234900 
7 6.390900 
8 6.520900 
9 6.617900 
10 6.677900 
11 6.697900 
12 6.691900 
13 6.675900 
14 6.656900 
15 6.646900 
16 6.666900 
17 6.741900 
18 6.895900 
19 7.138900 
20 7.458900 
21 7.827900 
22 8.215900 
23 8.599900 
24 8.961900 
25 9.290900 
26 9.577900 
27 9.817900 
28 10.007900 
29 10.144900 
30 10.227900 
31 10.254900 
32 10.234900 
33 10.172900 
34 10.069900 
35 9.927900 
36 9.748900 
37 9.534900 
38 9.290900 
39 9.023900 
40 8.740900 
41 8.452900 
42 8.173900 
43 7.917900 
44 7.698900 
45 7.525900 
46 7.398900 
47 7.312900 
48 7.258900 
49 7.226900 
50 7.210900 
51 7.205900 
52 7.167900 
53 7.054900 
54 6.872900 
55 6.633900 
56 6.361900 
57 6.098900 
58 5.906900 
59 5.836900 
60 5.876900 
61 5.967900 
62 5.822900 
63 5.705900 
64 5.645900 
65 5.676900 
66 5.813900 
67 6.050900 
68 6.368900 
69 6.745900 
70 7.158900 
71 7.589900 
72 8.019900 
73 8.436900 
74 8.828900 
75 9.185900 
76 9.500900 
77 9.766900 
78 9.977900 
79 10.130900 
80 10.223900 
81 10.254900 
82 10.234900 
83 10.172900 
84 10.069900 
85 9.927900 
86 9.748900 
87 9.534900 
88 9.290900 
89 9.023900 
90 8.740900 
91 8.452900 
92 8.173900 
93 7.917900 
94 7.698900 
95 7.525900 
96 7.398900 
97 7.312900 
98 7.258900 
99 7.226900 
100 7.210900 
101 7.205900 

1 4.665900 
2 4.970900 
3 5.243900 
4 5.483900 
5 5.690900 
6 5.864900 
7 6.005900 
8 6.114900 
9 6.192900 
10 6.238900 
11 6.253900 
12 6.240900 
13 6.201900 
14 6.136900 
15 6.047900 
16 5.935900 
17 5.802900 
18 5.650900 
19 5.483900 
20 5.303900 
21 5.115900 
22 4.923900 
23 4.732900 
24 4.546900 
25 4.371900 
26 4.212900 
27 4.074900 
28 3.962900 
29 3.879900 
30 3.828900 
31 3.810900 
32 3.820900 
33 3.849900 
34 3.894900 
35 3.954900 
36 4.023900 
37 4.096900 
38 4.166900 
39 4.227900 
40 4.267900 
41 4.275900 
42 4.239900 
43 4.145900 
44 3.983900 
45 3.753900 
46 3.758900 
47 3.811900 
48 3.855900 
49 3.888900 
50 3.908900 
51 3.915900 
52 3.944900 
53 4.030900 
54 4.167900 
55 4.347900 
56 4.557900 
57 4.780900 
58 4.995900 
59 5.190900 
60 5.358900 
61 5.501900 
62 5.309900 
63 5.129900 
64 4.959900 
65 4.786900 
66 4.603900 
67 4.657900 
68 4.721900 
69 4.744900 
70 4.729900 
71 4.681900 
72 4.605900 
73 4.508900 
74 4.395900 
75 4.274900 
76 4.154900 
77 4.042900 
78 3.946900 
79 3.873900 
80 3.826900 
81 3.810900 
82 3.820900 
83 3.849900 
84 3.894900 
85 3.954900 
86 4.023900 
87 4.096900 
88 4.166900 
89 4.227900 
90 4.267900 
91 4.275900 
92 4.239900 
93 4.145900 
94 3.983900 
95 3.753900 
96 3.758900 
97 3.811900 
98 3.855900 
99 3.888900 
100 3.908900 
101 3.915900 

1 4.665900 
2 4.326900 
3 3.957900 
4 3.556900 
5 3.127900 
6 2.672900 
7 2.194900 
8 1.699900 
9 1.203900 
10 0.747900 
11 0.513900 
12 0.626900 
13 0.935900 
14 1.372900 
15 1.863900 
16 2.342900 
17 2.753900 
18 3.052900 
19 3.218900 
20 3.259900 
21 3.200900 
22 3.072900 
23 2.902900 
24 3.043900 
25 3.247900 
26 3.419900 
27 3.560900 
28 3.670900 
29 3.748900 
30 3.795900 
31 3.810900 
32 3.800900 
33 3.771900 
34 3.724900 
35 3.665900 
36 3.600900 
37 3.536900 
38 3.485900 
39 3.456900 
40 3.452900 
41 3.475900 
42 3.517900 
43 3.573900 
44 3.635900 
45 3.698900 
46 3.758900 
47 3.811900 
48 3.855900 
49 3.888900 
50 3.908900 
51 3.915900 
52 3.880900 
53 3.776900 
54 3.607900 
55 3.377900 
56 3.649900 
57 3.843900 
58 3.901900 
59 3.800900 
60 3.579900 
61 3.328900 
62 3.664900 
63 3.955900 
64 4.200900 
65 4.398900 
66 4.550900 
67 4.411900 
68 4.218900 
69 4.031900 
70 3.857900 
71 3.703900 
72 3.578900 
73 3.488900 
74 3.444900 
75 3.450900 
76 3.501900 
77 3.589900 
78 3.685900 
79 3.754900 
80 3.796900 
81 3.810900 
82 3.800900 
83 3.771900 
84 3.724900 
85 3.665900 
86 3.600900 
87 3.536900 
88 3.485900 
89 3.456900 
90 3.452900 
91 3.475900 
92 3.517900 
93 3.573900 
94 3.635900 
95 3.698900 
96 3.758900 
97 3.811900 
98 3.855900 
99 3.888900 
100 3.908900 
101 3.915900 

1 2.131900 
2 2.070900 
3 1.899900 
4 1.646900 
5 1.345900 
6 1.027900 
7 0.720900 
8 0.451900 
9 0.240900 
10 0.105900 
11 0.059900 
12 0.071900 
13 0.107900 
14 0.165900 
15 0.244900 
16 0.516900 
17 0.881900 
18 1.246900 
19 1.600900 
20 1.938900 
21 2.254900 
22 2.545900 
23 2.809900 
24 3.043900 
25 3.247900 
26 3.419900 
27 3.560900 
28 3.670900 
29 3.748900 
30 3.795900 
31 3.810900 
32 3.800900 
33 3.771900 
34 3.724900 
35 3.665900 
36 3.600900 
37 3.536900 
38 3.485900 
39 3.456900 
40 3.452900 
41 3.475900 
42 3.517900 
43 3.573900 
44 3.635900 
45 3.698900 
46 3.462900 
47 3.134900 
48 2.803900 
49 2.511900 
50 2.308900 
51 2.235900 
52 2.362900 
53 2.664900 
54 3.021900 
55 3.363900 
56 3.093900 
57 2.768900 
58 2.418900 
59 2.069900 
60 1.757900 
61 1.522900 
62 1.793900 
63 2.038900 
64 2.251900 
65 2.426900 
66 2.563900 
67 2.661900 
68 2.719900 
69 2.739900 
70 2.725900 
71 2.678900 
72 2.750900 
73 2.960900 
74 3.151900 
75 3.320900 
76 3.467900 
77 3.581900 
78 3.668900 
79 3.743900 
80 3.793900 
81 3.810900 
82 3.800900 
83 3.771900 
84 3.724900 
85 3.665900 
86 3.600900 
87 3.536900 
88 3.485900 
89 3.456900 
90 3.452900 
91 3.475900 
92 3.517900 
93 3.573900 
94 3.635900 
95 3.698900 
96 3.462900 
97 3.134900 
98 2.803900 
99 2.511900 
100 2.308900 
101 2.235900 

1 -0.646100 
2 -0.646100 
3 -0.646100 
4 -0.645100 
5 -0.645100 
6 -0.645100 
7 -0.645100 
8 -0.644100 
9 -0.644100 
10 -0.644100 
11 -0.644100 
12 -0.583100 
13 -0.410100 
14 -0.151100 
15 0.166900 
16 0.516900 
17 0.881900 
18 1.246900 
19 1.600900 
20 1.938900 
21 2.254900 
22 2.545900 
23 2.809900 
24 2.711900 
25 2.514900 
26 2.326900 
27 2.157900 
28 2.015900 
29 1.908900 
30 1.842900 
31 1.820900 
32 1.824900 
33 1.838900 
34 1.856900 
35 1.876900 
36 1.888900 
37 1.885900 
38 1.854900 
39 1.787900 
40 1.678900 
41 1.530900 
42 1.350900 
43 1.147900 
44 0.932900 
45 0.715900 
46 0.507900 
47 0.318900 
48 0.158900 
49 0.036900 
50 -0.039100 
51 -0.065100 
52 -0.056100 
53 -0.032100 
54 0.005900 
55 0.052900 
56 0.103900 
57 0.152900 
58 0.187900 
59 0.195900 
60 0.157900 
61 0.056900 
62 0.263900 
63 0.490900 
64 0.731900 
65 0.984900 
66 1.244900 
67 1.508900 
68 1.771900 
69 2.030900 
70 2.282900 
71 2.523900 
72 2.605900 
73 2.511900 
74 2.402900 
75 2.284900 
76 2.166900 
77 2.054900 
78 1.958900 
79 1.883900 
80 1.836900 
81 1.820900 
82 1.824900 
83 1.838900 
84 1.856900 
85 1.876900 
86 1.888900 
87 1.885900 
88 1.854900 
89 1.787900 
90 1.678900 
91 1.530900 
92 1.350900 
93 1.147900 
94 0.932900 
95 0.715900 
96 0.507900 
97 0.318900 
98 0.158900 
99 0.036900 
100 -0.039100 
101 -0.065100 

1 -5.383100 
2 -4.999100 
3 -4.565100 
4 -4.089100 
5 -3.577100 
6 -3.039100 
7 -2.484100 
8 -1.923100 
9 -1.376100 
10 -0.889100 
11 -0.644100 
12 -0.583100 
13 -0.410100 
14 -0.151100 
15 0.166900 
16 0.341900 
17 0.453900 
18 0.577900 
19 0.710900 
20 0.847900 
21 0.986900 
22 1.122900 
23 1.253900 
24 1.375900 
25 1.486900 
26 1.584900 
27 1.667900 
28 1.733900 
29 1.781900 
30 1.810900 
31 1.820900 
32 1.824900 
33 1.838900 
34 1.856900 
35 1.876900 
36 1.888900 
37 1.885900 
38 1.854900 
39 1.787900 
40 1.678900 
41 1.530900 
42 1.350900 
43 1.147900 
44 0.932900 
45 0.715900 
46 0.507900 
47 0.318900 
48 0.158900 
49 0.036900 
50 -0.039100 
51 -0.065100 
52 -0.228100 
53 -0.638100 
54 -1.173100 
55 -1.764100 
56 -2.361100 
57 -2.913100 
58 -3.351100 
59 -3.631100 
60 -3.830100 
61 -4.071100 
62 -3.650100 
63 -3.257100 
64 -2.889100 
65 -2.529100 
66 -2.153100 
67 -1.744100 
68 -1.298100 
69 -0.826100 
70 -0.345100 
71 0.121900 
72 0.556900 
73 0.938900 
74 1.253900 
75 1.488900 
76 1.646900 
77 1.739900 
78 1.787900 
79 1.809900 
80 1.818900 
81 1.820900 
82 1.824900 
83 1.838900 
84 1.856900 
85 1.876900 
86 1.888900 
87 1.885900 
88 1.854900 
89 1.787900 
90 1.678900 
91 1.530900 
92 1.350900 
93 1.147900 
94 0.932900 
95 0.715900 
96 0.507900 
97 0.318900 
98 0.158900 
99 0.036900 
100 -0.039100 
101 -0.065100 

1 -5.383100 
2 -5.712100 
3 -5.849100 
4 -5.875100 
5 -5.919100 
6 -5.986100 
7 -6.084100 
8 -6.215100 
9 -6.376100 
10 -6.541100 
11 -6.625100 
12 -6.700100 
13 -6.914100 
14 -7.240100 
15 -7.644100 
16 -8.097100 
17 -8.571100 
18 -9.044100 
19 -9.498100 
20 -9.916100 
21 -10.287100 
22 -10.598100 
23 -10.844100 
24 -11.022100 
25 -11.135100 
26 -11.191100 
27 -11.202100 
28 -11.184100 
29 -11.154100 
30 -11.130100 
31 -11.120100 
32 -11.135100 
33 -11.177100 
34 -11.243100 
35 -11.326100 
36 -11.417100 
37 -11.507100 
38 -11.564100 
39 -11.325100 
40 -10.963100 
41 -10.488100 
42 -9.919100 
43 -9.278100 
44 -8.589100 
45 -7.877100 
46 -7.170100 
47 -6.500100 
48 -5.903100 
49 -5.423100 
50 -5.106100 
51 -4.995100 
52 -4.976100 
53 -4.922100 
54 -4.840100 
55 -4.743100 
56 -4.654100 
57 -4.612100 
58 -4.674100 
59 -4.845100 
60 -4.941100 
61 -4.687100 
62 -5.393100 
63 -6.090100 
64 -6.771100 
65 -7.428100 
66 -7.827100 
67 -8.084100 
68 -8.483100 
69 -8.994100 
70 -9.574100 
71 -10.174100 
72 -10.743100 
73 -10.962100 
74 -11.112100 
75 -11.199100 
76 -11.233100 
77 -11.227100 
78 -11.197100 
79 -11.160100 
80 -11.131100 
81 -11.120100 
82 -11.135100 
83 -11.177100 
84 -11.243100 
85 -11.326100 
86 -11.417100 
87 -11.507100 
88 -11.564100 
89 -11.325100 
90 -10.963100 
91 -10.488100 
92 -9.919100 
93 -9.278100 
94 -8.589100 
95 -7.877100 
96 -7.170100 
97 -6.500100 
98 -5.903100 
99 -5.423100 
100 -5.106100 
101 -4.995100 

1 -5.832100 
2 -5.836100 
3 -5.985100 
4 -6.200100 
5 -6.362100 
6 -6.475100 
7 -6.549100 
8 -6.592100 
9 -6.613100 
10 -6.623100 
11 -6.625100 
12 -6.700100 
13 -6.914100 
14 -7.240100 
15 -7.644100 
16 -8.097100 
17 -8.571100 
18 -9.044100 
19 -9.498100 
20 -9.916100 
21 -10.287100 
22 -10.598100 
23 -10.844100 
24 -11.022100 
25 -11.135100 
26 -11.191100 
27 -11.202100 
28 -11.184100 
29 -11.154100 
30 -11.130100 
31 -11.120100 
32 -11.135100 
33 -11.177100 
34 -11.243100 
35 -11.326100 
36 -11.417100 
37 -11.507100 
38 -11.586100 
39 -11.646100 
40 -11.680100 
41 -11.684100 
42 -11.656100 
43 -11.597100 
44 -11.512100 
45 -11.407100 
46 -11.291100 
47 -11.175100 
48 -11.070100 
49 -10.986100 
50 -10.931100 
51 -10.913100 
52 -10.904100 
53 -10.875100 
54 -10.815100 
55 -10.713100 
56 -10.418100 
57 -9.950100 
58 -9.355100 
59 -8.718100 
60 -8.209100 
61 -8.054100 
62 -7.945100 
63 -7.821100 
64 -7.728100 
65 -7.716100 
66 -8.053100 
67 -8.640100 
68 -9.180100 
69 -9.666100 
70 -10.092100 
71 -10.452100 
72 -10.743100 
73 -11.235100 
74 -11.606100 
75 -11.827100 
76 -11.690100 
77 -11.512100 
78 -11.353100 
79 -11.227100 
80 -11.147100 
81 -11.120100 
82 -11.135100 
83 -11.177100 
84 -11.243100 
85 -11.326100 
86 -11.417100 
87 -11.507100 
88 -11.586100 
89 -11.646100 
90 -11.680100 
91 -11.684100 
92 -11.656100 
93 -11.597100 
94 -11.512100 
95 -11.407100 
96 -11.291100 
97 -11.175100 
98 -11.070100 
99 -10.986100 
100 -10.931100 
101 -10.913100 

1 -9.363100 
2 -9.334100 
3 -9.245100 
4 -9.099100 
5 -8.900100 
6 -8.656100 
7 -8.376100 
8 -8.076100 
9 -7.777100 
10 -7.522100 
11 -7.406100 
12 -7.551100 
13 -7.958100 
14 -8.557100 
15 -9.274100 
16 -10.044100 
17 -10.814100 
18 -11.540100 
19 -12.180100 
20 -12.702100 
21 -13.076100 
22 -13.284100 
23 -13.319100 
24 -13.191100 
25 -12.924100 
26 -12.560100 
27 -12.149100 
28 -11.749100 
29 -11.417100 
30 -11.197100 
31 -11.120100 
32 -11.163100 
33 -11.278100 
34 -11.432100 
35 -11.579100 
36 -11.673100 
37 -11.676100 
38 -11.586100 
39 -11.646100 
40 -11.680100 
41 -11.684100 
42 -11.656100 
43 -11.597100 
44 -11.512100 
45 -11.407100 
46 -11.291100 
47 -11.175100 
48 -11.070100 
49 -10.986100 
50 -10.931100 
51 -10.913100 
52 -10.923100 
53 -10.931100 
54 -10.886100 
55 -10.728100 
56 -10.556100 
57 -10.338100 
58 -10.060100 
59 -9.730100 
60 -9.368100 
61 -9.005100 
62 -9.532100 
63 -10.044100 
64 -10.529100 
65 -10.972100 
66 -11.363100 
67 -11.693100 
68 -11.954100 
69 -12.142100 
70 -12.254100 
71 -12.293100 
72 -12.263100 
73 -12.174100 
74 -12.038100 
75 -11.872100 
76 -11.884100 
77 -11.793100 
78 -11.598100 
79 -11.370100 
80 -11.189100 
81 -11.120100 
82 -11.163100 
83 -11.278100 
84 -11.432100 
85 -11.579100 
86 -11.673100 
87 -11.676100 
88 -11.586100 
89 -11.646100 
90 -11.680100 
91 -11.684100 
92 -11.656100 
93 -11.597100 
94 -11.512100 
95 -11.407100 
96 -11.291100 
97 -11.175100 
98 -11.070100 
99 -10.986100 
100 -10.931100 
101 -10.913100 

