1 3.731600 
2 3.800800 
3 3.936200 
4 4.071100 
5 4.182600 
6 4.262600 
7 4.308800 
8 4.321300 
9 4.303500 
10 4.261500 
11 4.208300 
12 4.168300 
13 4.181400 
14 4.282300 
15 4.459400 
16 4.669700 
17 4.876900 
18 5.057100 
19 5.195100 
20 5.281500 
21 5.310900 
22 5.408200 
23 5.519800 
24 5.642800 
25 5.774200 
26 5.910700 
27 6.049500 
28 6.187800 
29 6.323200 
30 6.453600 
31 6.577400 
32 6.693100 
33 6.799400 
34 6.895300 
35 6.980000 
36 7.052700 
37 7.113000 
38 7.160300 
39 7.194300 
40 7.214800 
41 7.221600 
42 7.190700 
43 7.098700 
44 6.948200 
45 6.743500 
46 6.490400 
47 6.195900 
48 5.868400 
49 5.517300 
50 5.153300 
51 4.789300 
52 4.442900 
53 4.145300 
54 4.004100 
55 4.192100 
56 4.342500 
57 4.457000 
58 4.538500 
59 4.590400 
60 4.617300 
61 4.624900 
62 4.623400 
63 4.619500 
64 4.613800 
65 4.607200 
66 4.600300 
67 4.593800 
68 4.588000 
69 4.583400 
70 4.580000 
71 4.578000 
72 4.599400 
73 4.720300 
74 4.830400 
75 4.928300 
76 5.013200 
77 5.083900 
78 5.139600 
79 5.179800 
80 5.204200 
81 5.212300 
82 5.201700 
83 5.170400 
84 5.120100 
85 5.054600 
86 4.981100 
87 4.917900 
88 4.906300 
89 4.990900 
90 5.162200 
91 5.389800 
92 5.649300 
93 5.920900 
94 6.188700 
95 6.440400 
96 6.666500 
97 6.860000 
98 7.015500 
99 7.129200 
100 7.198400 
101 7.221600 
102 7.191600 
103 7.102200 
104 6.955800 
105 6.756800 
106 6.511800 
107 6.230700 
108 5.928100 
109 5.625500 
110 5.353300 
111 5.147700 
112 5.034900 
113 5.010900 
114 5.045800 
115 5.106700 
116 5.169100 
117 5.218200 
118 5.245600 
119 5.247500 
120 5.222700 
121 5.172000 

1 3.731600 
2 3.800800 
3 3.936200 
4 4.071100 
5 4.182600 
6 4.262600 
7 4.308800 
8 4.321300 
9 4.303500 
10 4.261500 
11 4.208300 
12 4.168300 
13 4.181400 
14 4.282300 
15 4.459400 
16 4.669700 
17 4.876900 
18 5.057100 
19 5.195100 
20 5.281500 
21 5.310900 
22 5.229600 
23 5.165700 
24 5.119000 
25 5.088600 
26 5.072600 
27 5.068800 
28 5.074900 
29 5.088600 
30 5.107500 
31 5.130000 
32 5.154400 
33 5.179300 
34 5.203500 
35 5.226200 
36 5.246400 
37 5.263800 
38 5.277800 
39 5.288100 
40 5.294300 
41 5.296400 
42 5.270900 
43 5.195700 
44 5.075500 
45 4.917800 
46 4.732700 
47 4.532600 
48 4.330800 
49 4.140900 
50 3.974500 
51 3.838600 
52 3.734100 
53 3.777200 
54 3.947200 
55 3.853100 
56 3.793200 
57 3.723500 
58 3.630500 
59 3.514300 
60 3.388300 
61 3.310400 
62 3.330000 
63 3.397200 
64 3.498400 
65 3.620800 
66 3.756100 
67 3.898500 
68 4.044100 
69 4.189600 
70 4.332200 
71 4.469500 
72 4.577200 
73 4.577400 
74 4.578600 
75 4.580400 
76 4.582500 
77 4.584600 
78 4.586500 
79 4.588000 
80 4.589000 
81 4.589300 
82 4.571300 
83 4.517200 
84 4.482700 
85 4.485600 
86 4.498100 
87 4.517800 
88 4.521100 
89 4.480500 
90 4.419200 
91 4.376800 
92 4.382700 
93 4.448700 
94 4.565600 
95 4.711700 
96 4.864800 
97 5.007800 
98 5.129100 
99 5.220500 
100 5.277200 
101 5.296400 
102 5.275100 
103 5.211800 
104 5.108900 
105 4.970200 
106 4.802600 
107 4.616100 
108 4.426500 
109 4.255400 
110 4.125900 
111 4.055500 
112 4.062600 
113 4.156400 
114 4.301600 
115 4.459200 
116 4.612700 
117 4.756100 
118 4.886400 
119 5.001200 
120 5.097300 
121 5.172000 

1 3.187500 
2 3.123100 
3 2.997000 
4 2.873900 
5 2.774600 
6 2.698700 
7 2.637300 
8 2.583300 
9 2.544500 
10 2.565600 
11 2.691300 
12 2.855300 
13 2.969800 
14 2.980000 
15 2.887000 
16 2.726500 
17 2.530200 
18 2.320200 
19 2.114200 
20 1.932100 
21 1.834400 
22 1.896800 
23 1.935300 
24 1.952500 
25 1.951500 
26 1.935400 
27 1.907600 
28 1.870800 
29 1.827600 
30 1.780300 
31 1.730900 
32 1.685900 
33 1.662900 
34 1.637100 
35 1.609600 
36 1.581700 
37 1.554800 
38 1.530800 
39 1.511800 
40 1.499500 
41 1.495200 
42 1.621100 
43 1.791700 
44 1.979400 
45 2.180700 
46 2.390500 
47 2.602100 
48 2.808100 
49 3.000500 
50 3.171600 
51 3.312800 
52 3.511300 
53 3.655700 
54 3.594500 
55 3.542000 
56 3.491900 
57 3.441400 
58 3.391600 
59 3.347100 
60 3.316300 
61 3.310400 
62 3.320700 
63 3.341600 
64 3.374400 
65 3.419400 
66 3.476600 
67 3.545300 
68 3.624000 
69 3.710500 
70 3.802400 
71 3.897000 
72 3.991600 
73 4.083400 
74 4.170200 
75 4.249600 
76 4.319900 
77 4.379400 
78 4.427000 
79 4.461700 
80 4.482800 
81 4.489800 
82 4.488400 
83 4.485100 
84 4.427300 
85 4.302100 
86 4.142100 
87 3.948200 
88 3.721200 
89 3.462700 
90 3.174100 
91 2.857000 
92 2.629700 
93 2.604200 
94 2.516600 
95 2.385200 
96 2.229500 
97 2.064200 
98 1.900100 
99 1.743800 
100 1.599700 
101 1.495200 
102 1.602300 
103 1.749400 
104 1.904200 
105 2.059800 
106 2.208700 
107 2.340900 
108 2.449400 
109 2.621800 
110 2.926200 
111 3.192800 
112 3.373400 
113 3.462100 
114 3.508200 
115 3.551900 
116 3.597500 
117 3.635200 
118 3.655900 
119 3.654000 
120 3.627000 
121 3.574800 

1 3.187500 
2 3.123100 
3 2.997000 
4 2.873900 
5 2.774600 
6 2.698700 
7 2.637300 
8 2.583300 
9 2.544500 
10 2.565600 
11 2.691300 
12 2.855300 
13 2.969800 
14 2.980000 
15 2.887000 
16 2.726500 
17 2.530200 
18 2.320200 
19 2.114200 
20 1.932100 
21 1.834400 
22 1.745900 
23 1.685800 
24 1.706500 
25 1.721900 
26 1.732200 
27 1.737000 
28 1.736600 
29 1.731000 
30 1.720400 
31 1.705200 
32 1.685900 
33 1.662900 
34 1.637100 
35 1.609600 
36 1.581700 
37 1.554800 
38 1.530800 
39 1.511800 
40 1.499500 
41 1.495200 
42 1.469000 
43 1.389600 
44 1.256100 
45 1.069100 
46 1.198400 
47 1.645200 
48 2.079400 
49 2.488200 
50 2.865300 
51 3.207000 
52 3.411800 
53 3.445000 
54 3.370400 
55 3.194700 
56 3.000400 
57 2.844900 
58 2.754000 
59 2.736900 
60 2.782600 
61 2.828700 
62 2.808200 
63 2.747700 
64 2.658600 
65 2.551900 
66 2.434000 
67 2.308600 
68 2.178400 
69 2.045100 
70 2.012600 
71 2.000700 
72 1.984800 
73 1.966000 
74 1.945400 
75 1.924500 
76 1.904500 
77 1.886200 
78 1.871000 
79 1.859500 
80 1.852300 
81 1.849900 
82 1.842000 
83 1.818500 
84 1.779600 
85 1.725700 
86 1.683400 
87 1.916200 
88 2.135200 
89 2.326500 
90 2.480200 
91 2.585600 
92 2.513900 
93 2.148200 
94 1.764900 
95 1.372800 
96 1.108600 
97 1.183000 
98 1.318700 
99 1.416600 
100 1.475700 
101 1.495200 
102 1.480000 
103 1.434900 
104 1.363800 
105 1.274000 
106 1.440300 
107 1.801100 
108 2.173100 
109 2.413200 
110 2.427300 
111 2.427500 
112 2.513800 
113 2.642600 
114 2.776100 
115 2.907900 
116 3.038800 
117 3.167700 
118 3.290800 
119 3.403000 
120 3.499100 
121 3.574800 

1 1.732600 
2 1.741900 
3 1.758100 
4 1.763900 
5 1.757600 
6 1.758300 
7 1.797200 
8 1.891600 
9 2.022000 
10 2.118200 
11 2.107200 
12 2.022200 
13 1.908200 
14 1.786200 
15 1.670400 
16 1.573600 
17 1.508700 
18 1.488300 
19 1.545700 
20 1.608100 
21 1.629600 
22 1.660100 
23 1.685800 
24 1.706500 
25 1.721900 
26 1.732200 
27 1.737000 
28 1.736600 
29 1.731000 
30 1.720400 
31 1.705200 
32 1.681200 
33 1.633000 
34 1.587500 
35 1.545800 
36 1.508800 
37 1.477500 
38 1.452500 
39 1.434200 
40 1.423200 
41 1.419500 
42 1.303200 
43 1.159300 
44 1.013500 
45 1.034600 
46 1.140200 
47 1.239100 
48 1.320400 
49 1.378200 
50 1.561700 
51 1.724100 
52 1.861400 
53 1.971000 
54 2.050800 
55 2.100000 
56 2.118900 
57 2.108300 
58 2.070700 
59 2.008700 
60 1.926500 
61 1.829000 
62 1.877500 
63 1.919500 
64 1.954400 
65 1.981900 
66 2.002000 
67 2.014800 
68 2.020400 
69 2.019500 
70 1.910700 
71 1.776700 
72 1.645200 
73 1.518100 
74 1.397400 
75 1.285700 
76 1.185100 
77 1.137500 
78 1.123100 
79 1.112900 
80 1.106800 
81 1.104800 
82 1.098200 
83 1.081000 
84 1.247600 
85 1.454300 
86 1.657500 
87 1.575500 
88 1.480800 
89 1.374700 
90 1.361700 
91 1.409400 
92 1.408100 
93 1.365100 
94 1.292200 
95 1.202200 
96 1.010700 
97 1.033700 
98 1.077200 
99 1.198100 
100 1.322200 
101 1.419500 
102 1.328000 
103 1.231400 
104 1.176400 
105 1.190300 
106 1.273200 
107 1.412200 
108 1.578900 
109 1.750800 
110 1.892800 
111 1.919300 
112 1.755900 
113 1.471100 
114 1.128900 
115 0.757800 
116 0.628600 
117 0.507200 
118 0.367700 
119 0.212000 
120 0.043000 
121 -0.135300 

1 1.732600 
2 1.741900 
3 1.758100 
4 1.763900 
5 1.757600 
6 1.758300 
7 1.797200 
8 1.891600 
9 2.022000 
10 2.118200 
11 2.107200 
12 2.022200 
13 1.908200 
14 1.786200 
15 1.670400 
16 1.573600 
17 1.508700 
18 1.488300 
19 1.545700 
20 1.608100 
21 1.629600 
22 1.660100 
23 1.630900 
24 1.511300 
25 1.464300 
26 1.414300 
27 1.361700 
28 1.307300 
29 1.251600 
30 1.195300 
31 1.139400 
32 1.084700 
33 1.031900 
34 0.982300 
35 0.936600 
36 0.895900 
37 0.861100 
38 0.833000 
39 0.812400 
40 0.799800 
41 0.795500 
42 0.812900 
43 0.863000 
44 0.940200 
45 0.865900 
46 0.822200 
47 0.971800 
48 1.179400 
49 1.371000 
50 1.379600 
51 1.339800 
52 1.251300 
53 1.120600 
54 0.959200 
55 0.946400 
56 1.108900 
57 1.271700 
58 1.430300 
59 1.579500 
60 1.714200 
61 1.829000 
62 1.776200 
63 1.721700 
64 1.666300 
65 1.610700 
66 1.555600 
67 1.501900 
68 1.450000 
69 1.400700 
70 1.354300 
71 1.311400 
72 1.272100 
73 1.236800 
74 1.205600 
75 1.178700 
76 1.156000 
77 1.098400 
78 1.027700 
79 0.975500 
80 0.943300 
81 0.932500 
82 0.971200 
83 1.078600 
84 1.046200 
85 1.001300 
86 0.944700 
87 0.991200 
88 1.137800 
89 1.267200 
90 1.258500 
91 1.134000 
92 1.003100 
93 0.868600 
94 0.733400 
95 0.803400 
96 0.989100 
97 0.877800 
98 0.896500 
99 0.845600 
100 0.808600 
101 0.795500 
102 0.813100 
103 0.868100 
104 0.971400 
105 1.150800 
106 1.178000 
107 1.092800 
108 1.032800 
109 0.997500 
110 0.975000 
111 0.952600 
112 0.921400 
113 0.875900 
114 0.812800 
115 0.730500 
116 0.372600 
117 -0.016300 
118 -0.399100 
119 -0.496800 
120 -0.317600 
121 -0.135300 

1 0.076700 
2 0.069600 
3 0.077700 
4 0.123500 
5 0.198500 
6 0.274300 
7 0.318900 
8 0.316600 
9 0.280400 
10 0.242500 
11 0.240500 
12 0.306600 
13 0.451400 
14 0.654600 
15 0.879300 
16 1.094400 
17 1.280800 
18 1.426800 
19 1.501300 
20 1.570700 
21 1.629600 
22 1.594300 
23 1.554800 
24 1.511300 
25 1.464300 
26 1.414300 
27 1.361700 
28 1.307300 
29 1.251600 
30 1.195300 
31 1.139400 
32 1.084700 
33 1.031900 
34 0.982300 
35 0.936600 
36 0.895900 
37 0.861100 
38 0.833000 
39 0.812400 
40 0.799800 
41 0.795500 
42 0.771000 
43 0.696600 
44 0.569200 
45 0.769800 
46 0.764000 
47 0.560200 
48 0.396400 
49 0.222300 
50 0.256300 
51 0.370900 
52 0.498500 
53 0.638100 
54 0.788300 
55 0.780100 
56 0.596600 
57 0.421000 
58 0.265000 
59 0.140100 
60 0.058200 
61 0.029500 
62 0.036600 
63 0.056800 
64 0.088000 
65 0.126800 
66 0.170200 
67 0.214600 
68 0.257400 
69 0.296900 
70 0.332200 
71 0.362800 
72 0.388800 
73 0.410700 
74 0.428800 
75 0.443800 
76 0.455800 
77 0.465300 
78 0.472400 
79 0.477300 
80 0.480200 
81 0.481000 
82 0.494000 
83 0.535200 
84 0.608600 
85 0.713900 
86 0.845000 
87 0.876500 
88 0.798000 
89 0.710100 
90 0.614000 
91 0.510700 
92 0.401400 
93 0.293400 
94 0.563400 
95 0.600900 
96 0.736800 
97 0.646700 
98 0.631400 
99 0.722300 
100 0.777200 
101 0.795500 
102 0.781500 
103 0.740100 
104 0.674100 
105 0.589000 
106 0.491100 
107 0.523500 
108 0.585800 
109 0.630100 
110 0.642600 
111 0.602200 
112 0.482600 
113 0.261500 
114 -0.064000 
115 -0.468400 
116 -0.896700 
117 -0.802400 
118 -0.663000 
119 -0.765100 
120 -1.100200 
121 -1.383700 

1 0.076700 
2 0.069600 
3 0.077700 
4 0.123500 
5 0.198500 
6 0.274300 
7 0.318900 
8 0.316600 
9 0.280400 
10 0.242500 
11 0.240500 
12 0.306600 
13 0.451400 
14 0.654600 
15 0.879300 
16 1.094400 
17 1.280800 
18 1.426800 
19 1.501300 
20 1.570700 
21 1.629600 
22 1.594300 
23 1.554800 
24 1.489600 
25 1.323800 
26 1.135900 
27 0.929100 
28 0.707000 
29 0.473300 
30 0.231900 
31 -0.013100 
32 -0.257600 
33 -0.392400 
34 -0.286400 
35 -0.188400 
36 -0.100000 
37 -0.023100 
38 0.039900 
39 0.087000 
40 0.116300 
41 0.126100 
42 0.158000 
43 0.249500 
44 0.427600 
45 0.565900 
46 0.715800 
47 0.521500 
48 0.167000 
49 0.153900 
50 0.037200 
51 -0.158600 
52 -0.364100 
53 -0.577400 
54 -0.796500 
55 -1.019000 
56 -1.242200 
57 -1.463000 
58 -1.677900 
59 -1.883600 
60 -2.076900 
61 -2.254600 
62 -2.178900 
63 -2.123100 
64 -2.089900 
65 -2.080200 
66 -2.092900 
67 -2.126500 
68 -2.178900 
69 -2.247600 
70 -2.330300 
71 -2.424500 
72 -2.527600 
73 -2.636600 
74 -2.748300 
75 -2.859100 
76 -2.861600 
77 -2.857400 
78 -2.851800 
79 -2.846500 
80 -2.842600 
81 -2.841200 
82 -2.804500 
83 -2.696100 
84 -2.520800 
85 -2.286800 
86 -2.004500 
87 -1.687600 
88 -1.349300 
89 -1.002300 
90 -0.656900 
91 -0.321600 
92 -0.003000 
93 0.286700 
94 0.356400 
95 0.560200 
96 0.475300 
97 0.505600 
98 0.389300 
99 0.231500 
100 0.150900 
101 0.126100 
102 0.140400 
103 0.182800 
104 0.254700 
105 0.351700 
106 0.446900 
107 0.379000 
108 0.238300 
109 0.060600 
110 -0.145600 
111 -0.363200 
112 -0.572600 
113 -0.751400 
114 -0.875500 
115 -0.925500 
116 -0.901300 
117 -1.292500 
118 -1.562500 
119 -1.657900 
120 -1.584200 
121 -1.383700 

1 -2.539400 
2 -2.564700 
3 -2.642200 
4 -2.758500 
5 -2.883700 
6 -2.985500 
7 -3.038200 
8 -3.022800 
9 -2.914900 
10 -2.678400 
11 -2.345400 
12 -2.043500 
13 -1.844600 
14 -1.747100 
15 -1.718300 
16 -1.726100 
17 -1.749000 
18 -1.774600 
19 -1.796100 
20 -1.810100 
21 -1.814700 
22 -1.709200 
23 -1.598000 
24 -1.482100 
25 -1.362400 
26 -1.239900 
27 -1.115600 
28 -0.990500 
29 -0.865800 
30 -0.742400 
31 -0.621700 
32 -0.504600 
33 -0.392400 
34 -0.286400 
35 -0.188400 
36 -0.100000 
37 -0.023100 
38 0.039900 
39 0.087000 
40 0.116300 
41 0.126100 
42 0.149000 
43 0.232700 
44 0.389900 
45 0.384100 
46 0.137600 
47 -0.026300 
48 0.061400 
49 -0.235300 
50 -0.674600 
51 -1.134200 
52 -1.592100 
53 -2.020200 
54 -2.388500 
55 -2.667100 
56 -2.780300 
57 -2.742900 
58 -2.706700 
59 -2.650400 
60 -2.447100 
61 -2.254600 
62 -2.336700 
63 -2.413800 
64 -2.485600 
65 -2.551700 
66 -2.612000 
67 -2.666100 
68 -2.713700 
69 -2.754800 
70 -2.789000 
71 -2.816500 
72 -2.837200 
73 -2.851600 
74 -2.860000 
75 -2.862900 
76 -2.964900 
77 -3.060900 
78 -3.142800 
79 -3.205600 
80 -3.226200 
81 -3.230900 
82 -3.217500 
83 -3.098400 
84 -2.912900 
85 -2.676600 
86 -2.404300 
87 -2.105400 
88 -1.623500 
89 -1.186900 
90 -0.796200 
91 -0.450000 
92 -0.144900 
93 0.122500 
94 0.166000 
95 0.154900 
96 0.346200 
97 0.361300 
98 0.264200 
99 0.189500 
100 0.142300 
101 0.126100 
102 0.132200 
103 0.147300 
104 0.161600 
105 0.158700 
106 0.116100 
107 0.016000 
108 -0.140500 
109 -0.341000 
110 -0.575500 
111 -0.837100 
112 -1.120000 
113 -1.417700 
114 -1.721400 
115 -2.021100 
116 -2.305100 
117 -2.561200 
118 -2.777300 
119 -2.942100 
120 -3.047300 
121 -3.090600 

1 -2.539400 
2 -2.564700 
3 -2.642200 
4 -2.758500 
5 -2.883700 
6 -2.985500 
7 -3.038200 
8 -3.022800 
9 -2.914900 
10 -2.678400 
11 -2.345400 
12 -2.043500 
13 -1.844600 
14 -1.747100 
15 -1.718300 
16 -1.726100 
17 -1.749000 
18 -1.774600 
19 -1.796100 
20 -1.810100 
21 -1.814700 
22 -1.709200 
23 -1.598000 
24 -1.482100 
25 -1.362400 
26 -1.239900 
27 -1.115600 
28 -0.990500 
29 -0.865800 
30 -0.742400 
31 -0.621700 
32 -0.504600 
33 -0.497300 
34 -0.727300 
35 -0.942800 
36 -1.138500 
37 -1.308800 
38 -1.448400 
39 -1.552400 
40 -1.616600 
41 -1.638300 
42 -1.332300 
43 -0.863000 
44 -0.480600 
45 -0.250600 
46 -0.120700 
47 -0.170000 
48 -0.536600 
49 -0.959300 
50 -1.434300 
51 -1.956300 
52 -2.518200 
53 -2.867800 
54 -2.845600 
55 -2.815600 
56 -2.834000 
57 -2.879200 
58 -2.809300 
59 -2.676000 
60 -2.654500 
61 -2.646600 
62 -2.648800 
63 -2.655600 
64 -2.667600 
65 -2.684800 
66 -2.707300 
67 -2.735100 
68 -2.768100 
69 -2.805600 
70 -2.847300 
71 -2.892100 
72 -2.939100 
73 -2.987100 
74 -3.034600 
75 -3.080100 
76 -3.122100 
77 -3.159100 
78 -3.189500 
79 -3.212300 
80 -3.245200 
81 -3.258700 
82 -3.229000 
83 -3.223200 
84 -3.213200 
85 -3.192400 
86 -2.630300 
87 -2.108700 
88 -1.799900 
89 -1.486100 
90 -1.174400 
91 -0.871600 
92 -0.582600 
93 -0.312600 
94 -0.065500 
95 0.035000 
96 -0.118100 
97 -0.320500 
98 -0.608500 
99 -0.984600 
100 -1.393300 
101 -1.638300 
102 -1.377400 
103 -0.941300 
104 -0.549400 
105 -0.297300 
106 -0.219200 
107 -0.272100 
108 -0.407000 
109 -0.593800 
110 -0.816800 
111 -1.067400 
112 -1.340100 
113 -1.630900 
114 -1.935800 
115 -2.250800 
116 -2.574100 
117 -2.814600 
118 -2.924600 
119 -3.017500 
120 -3.077000 
121 -3.090600 

1 -9.143300 
2 -8.893200 
3 -8.297800 
4 -7.562700 
5 -6.780000 
6 -5.991400 
7 -5.225000 
8 -4.510800 
9 -3.893400 
10 -3.439500 
11 -3.153000 
12 -2.941900 
13 -2.751000 
14 -2.567200 
15 -2.391000 
16 -2.228000 
17 -2.084900 
18 -1.968400 
19 -1.883200 
20 -1.832000 
21 -1.814700 
22 -1.914100 
23 -2.006200 
24 -2.090500 
25 -2.166600 
26 -2.233800 
27 -2.292400 
28 -2.342100 
29 -2.383200 
30 -2.416100 
31 -2.441200 
32 -2.459200 
33 -2.471300 
34 -2.478100 
35 -2.481000 
36 -2.481000 
37 -2.479100 
38 -2.476600 
39 -2.474000 
40 -2.472200 
41 -2.471800 
42 -2.485100 
43 -2.523000 
44 -2.577600 
45 -2.640300 
46 -2.703200 
47 -2.760600 
48 -2.808800 
49 -2.845600 
50 -2.869800 
51 -2.881200 
52 -2.880200 
53 -3.111100 
54 -3.724500 
55 -4.346400 
56 -4.965100 
57 -5.571200 
58 -6.158500 
59 -6.727500 
60 -7.284700 
61 -7.818600 
62 -7.621400 
63 -7.415500 
64 -7.216500 
65 -7.023700 
66 -6.836600 
67 -6.655200 
68 -6.479500 
69 -6.310200 
70 -6.147800 
71 -5.993600 
72 -5.848600 
73 -5.714300 
74 -5.592000 
75 -5.483000 
76 -5.388700 
77 -5.310300 
78 -5.248400 
79 -5.203900 
80 -5.177000 
81 -5.168000 
82 -4.909700 
83 -4.376200 
84 -3.782000 
85 -3.199000 
86 -3.180000 
87 -3.155800 
88 -3.125900 
89 -3.089900 
90 -3.047500 
91 -2.998700 
92 -2.943600 
93 -2.882800 
94 -2.817300 
95 -2.749100 
96 -2.680700 
97 -2.615400 
98 -2.557500 
99 -2.511700 
100 -2.482000 
101 -2.471800 
102 -2.482400 
103 -2.513100 
104 -2.557900 
105 -2.609200 
106 -2.658400 
107 -2.697900 
108 -2.721700 
109 -2.726100 
110 -2.710400 
111 -2.678300 
112 -2.638200 
113 -2.604800 
114 -2.597000 
115 -2.631100 
116 -2.709000 
117 -2.910000 
118 -3.267800 
119 -3.640400 
120 -3.987300 
121 -4.261000 

1 -9.143300 
2 -8.893200 
3 -8.297800 
4 -7.562700 
5 -6.780000 
6 -5.991400 
7 -5.225000 
8 -4.510800 
9 -3.893400 
10 -3.439500 
11 -3.153000 
12 -2.941900 
13 -2.751000 
14 -2.567200 
15 -2.391000 
16 -2.228000 
17 -2.084900 
18 -1.968400 
19 -1.883200 
20 -1.832000 
21 -1.814700 
22 -1.914100 
23 -2.006200 
24 -2.090500 
25 -2.166600 
26 -2.233800 
27 -2.292400 
28 -2.342100 
29 -2.383200 
30 -2.416100 
31 -2.441200 
32 -2.459200 
33 -2.471300 
34 -2.478100 
35 -2.481000 
36 -2.481000 
37 -2.479100 
38 -2.476600 
39 -2.474000 
40 -2.472200 
41 -2.471800 
42 -2.817400 
43 -3.421800 
44 -4.084200 
45 -4.774000 
46 -5.481700 
47 -6.202000 
48 -6.931400 
49 -7.667100 
50 -8.406700 
51 -9.147900 
52 -9.888500 
53 -10.560600 
54 -10.716500 
55 -10.560500 
56 -9.870600 
57 -9.222800 
58 -8.693100 
59 -8.296100 
60 -8.025200 
61 -7.859600 
62 -7.807600 
63 -7.770800 
64 -7.745400 
65 -7.727600 
66 -7.713400 
67 -7.699200 
68 -7.681600 
69 -7.657300 
70 -7.623700 
71 -7.579100 
72 -7.522600 
73 -7.454700 
74 -7.377300 
75 -7.293500 
76 -7.207800 
77 -7.125800 
78 -7.053200 
79 -6.996100 
80 -6.959500 
81 -6.946900 
82 -7.227400 
83 -7.824200 
84 -8.509800 
85 -9.182700 
86 -9.730200 
87 -10.042600 
88 -9.804900 
89 -9.244100 
90 -8.661300 
91 -8.062900 
92 -7.454200 
93 -6.839500 
94 -6.222800 
95 -5.607900 
96 -4.998300 
97 -4.398100 
98 -3.812300 
99 -3.251200 
100 -2.746200 
101 -2.471800 
102 -2.741000 
103 -3.211600 
104 -3.694700 
105 -4.148200 
106 -4.551900 
107 -4.892800 
108 -5.162100 
109 -5.356100 
110 -5.474800 
111 -5.521700 
112 -5.502500 
113 -5.425400 
114 -5.301000 
115 -5.144000 
116 -4.974000 
117 -4.813200 
118 -4.679300 
119 -4.568600 
120 -4.445600 
121 -4.261000 

1 -11.452100 
2 -11.642700 
35 -11.786000 
36 -11.514700 
37 -11.282200 
38 -11.094400 
39 -10.955900 
40 -10.871000 
41 -10.842400 
42 -10.838200 
43 -10.825200 
44 -10.801000 
45 -10.763400 
46 -10.711900 
47 -10.648500 
48 -10.578600 
49 -10.511300 
50 -10.459000 
51 -10.437600 
52 -10.465700 
53 -10.625600 
54 -11.356900 
55 -11.245900 
56 -10.684500 
57 -9.998000 
58 -9.369700 
59 -8.803400 
60 -8.295700 
61 -7.859600 
62 -8.124000 
63 -8.408900 
64 -8.698800 
65 -8.994000 
66 -9.294400 
67 -9.599700 
68 -9.909100 
69 -10.221600 
70 -10.535300 
71 -10.848300 
72 -11.158000 
73 -11.461200 
74 -11.677000 
75 -11.575900 
76 -11.495800 
77 -11.434200 
78 -11.389200 
79 -11.358600 
80 -11.340800 
81 -11.335100 
82 -11.291300 
83 -11.187800 
84 -11.085900 
85 -11.060400 
86 -10.828300 
87 -10.336000 
88 -10.184100 
89 -10.268400 
90 -10.342200 
91 -10.417000 
92 -10.493200 
93 -10.567700 
94 -10.636600 
95 -10.697100 
96 -10.746700 
97 -10.785000 
98 -10.812200 
99 -10.829800 
100 -10.839300 
101 -10.842400 
102 -10.868000 
103 -10.945000 
104 -11.072100 
105 -11.247900 
106 -11.469200 
107 -11.730000 
117 -11.923600 
118 -11.628900 
119 -11.382900 
120 -11.218100 
121 -11.165300 

1 -11.452100 
2 -11.642700 
54 -11.633200 
55 -11.418900 
56 -11.596000 
72 -11.948200 
73 -11.800600 
74 -11.753900 
83 -11.939400 
84 -11.646200 
85 -11.269900 
86 -11.221200 
87 -11.672300 
119 -11.670900 
120 -11.302000 
121 -11.165300 

