1 9.175400 
2 9.206400 
3 9.294400 
4 9.423400 
5 9.574400 
6 9.729400 
7 9.874400 
8 9.997400 
9 10.089400 
10 10.147400 
11 10.167400 
12 10.402400 
13 10.959400 
14 11.620400 
15 12.271400 
16 12.859400 
17 13.359400 
18 13.759400 
19 14.049400 
20 14.225400 
21 14.284400 
22 14.255400 
23 14.166400 
24 14.020400 
25 13.816400 
26 13.555400 
27 13.241400 
28 12.874400 
29 12.456400 
30 11.992400 
31 11.485400 
32 10.939400 
33 10.363400 
34 9.765400 
35 9.158400 
36 8.562400 
37 8.002400 
38 7.510400 
39 7.125400 
40 6.879400 
41 6.795400 
42 6.857400 
43 7.027400 
44 7.270400 
45 7.548400 
46 7.837400 
47 8.117400 
48 8.378400 
49 8.614400 
50 8.818400 
51 8.990400 
52 9.128400 
53 9.231400 
54 9.300400 
55 9.336400 
56 9.343400 
57 9.323400 
58 9.285400 
59 9.238400 
60 9.194400 
61 9.175400 
62 9.303400 
63 9.771400 
64 10.520400 
65 11.371400 
66 12.192400 
67 12.915400 
68 13.501400 
69 13.933400 
70 14.196400 
71 14.284400 
72 14.225400 
73 14.049400 
74 13.759400 
75 13.359400 
76 12.859400 
77 12.271400 
78 11.620400 
79 10.959400 
80 10.402400 
81 10.167400 

1 2.737400 
2 3.284400 
3 3.771400 
4 4.199400 
5 4.568400 
6 4.878400 
7 5.132400 
8 5.328400 
9 5.468400 
10 5.551400 
11 5.579400 
12 5.236400 
13 4.360400 
14 3.173400 
15 1.806400 
16 0.337400 
17 -1.163600 
18 -2.609600 
19 -3.870600 
20 -4.767600 
21 -5.099600 
22 -5.003600 
23 -4.729600 
24 -4.311600 
25 -3.791600 
26 -3.206600 
27 -2.588600 
28 -1.961600 
29 -1.341600 
30 -0.742600 
31 -0.176600 
32 0.347400 
33 0.821400 
34 1.236400 
35 1.584400 
36 1.859400 
37 2.052400 
38 2.163400 
39 2.201400 
40 2.195400 
41 2.187400 
42 2.222400 
43 2.323400 
44 2.474400 
45 2.656400 
46 2.853400 
47 3.049400 
48 3.233400 
49 3.398400 
50 3.538400 
51 3.648400 
52 3.726400 
53 3.769400 
54 3.776400 
55 3.745400 
56 3.676400 
57 3.568400 
58 3.421400 
59 3.233400 
60 3.005400 
61 2.737400 
62 3.592400 
63 3.764400 
64 3.307400 
65 2.408400 
66 1.209400 
67 -0.197600 
68 -1.731600 
69 -3.270600 
70 -4.556600 
71 -5.099600 
72 -4.767600 
73 -3.870600 
74 -2.609600 
75 -1.163600 
76 0.337400 
77 1.806400 
78 3.173400 
79 4.360400 
80 5.236400 
81 5.579400 

1 2.737400 
2 2.657400 
3 2.423400 
4 2.053400 
5 1.573400 
6 1.011400 
7 0.402400 
8 -0.209600 
9 -0.761600 
10 -1.161600 
11 -1.310600 
12 -1.369600 
13 -1.544600 
14 -1.833600 
15 -2.231600 
16 -2.727600 
17 -3.300600 
18 -3.911600 
19 -4.491600 
20 -4.931600 
21 -5.099600 
22 -5.013600 
23 -4.763600 
24 -4.378600 
25 -3.894600 
26 -3.344600 
27 -2.759600 
28 -2.163600 
29 -1.576600 
30 -1.012600 
31 -0.479600 
32 0.012400 
33 0.460400 
34 0.860400 
35 1.209400 
36 1.507400 
37 1.751400 
38 1.941400 
39 2.077400 
40 2.159400 
41 2.187400 
42 2.222400 
43 2.323400 
44 2.474400 
45 2.656400 
46 2.853400 
47 3.049400 
48 3.233400 
49 3.398400 
50 3.538400 
51 3.648400 
52 3.726400 
53 3.769400 
54 3.776400 
55 3.745400 
56 3.676400 
57 3.568400 
58 3.421400 
59 3.233400 
60 3.005400 
61 2.737400 
62 2.081400 
63 1.269400 
64 0.313400 
65 -0.757600 
66 -1.890600 
67 -2.991600 
68 -3.933600 
69 -4.605600 
70 -4.982600 
71 -5.099600 
72 -4.931600 
73 -4.491600 
74 -3.911600 
75 -3.300600 
76 -2.727600 
77 -2.231600 
78 -1.833600 
79 -1.544600 
80 -1.369600 
81 -1.310600 

1 2.737400 
2 2.131400 
3 1.467400 
4 0.747400 
5 -0.024600 
6 -0.837600 
7 -1.676600 
8 -2.510600 
9 -3.276600 
10 -3.860600 
11 -4.088600 
12 -4.111600 
13 -4.176600 
14 -4.280600 
15 -4.415600 
16 -4.568600 
17 -4.726600 
18 -4.873600 
19 -4.993600 
20 -5.072600 
21 -5.099600 
22 -5.013600 
23 -4.763600 
24 -4.378600 
25 -3.894600 
26 -3.344600 
27 -2.759600 
28 -2.163600 
29 -1.576600 
30 -1.012600 
31 -0.479600 
32 0.012400 
33 0.460400 
34 0.860400 
35 1.209400 
36 1.507400 
37 1.751400 
38 1.941400 
39 2.077400 
40 2.159400 
41 2.187400 
42 2.083400 
43 1.789400 
44 1.343400 
45 0.785400 
46 0.148400 
47 -0.539600 
48 -1.247600 
49 -1.939600 
50 -2.559600 
51 -3.027600 
52 -3.237600 
53 -3.109600 
54 -2.655600 
55 -1.969600 
56 -1.157600 
57 -0.298600 
58 0.554400 
59 1.363400 
60 2.101400 
61 2.737400 
62 2.081400 
63 1.269400 
64 0.313400 
65 -0.757600 
66 -1.890600 
67 -2.991600 
68 -3.933600 
69 -4.605600 
70 -4.982600 
71 -5.099600 
72 -5.072600 
73 -4.993600 
74 -4.873600 
75 -4.726600 
76 -4.568600 
77 -4.415600 
78 -4.280600 
79 -4.176600 
80 -4.111600 
81 -4.088600 

1 -20.081600 
2 -18.837600 
3 -17.608600 
4 -16.390600 
5 -15.183600 
6 -13.994600 
7 -12.840600 
8 -11.756600 
9 -10.742600 
10 -10.029600 
11 -9.776600 
12 -9.873600 
13 -10.148600 
14 -10.519600 
15 -11.016600 
16 -11.613600 
17 -12.263600 
18 -12.902600 
19 -13.448600 
20 -13.820600 
21 -13.952600 
22 -13.985600 
23 -14.086600 
24 -14.255600 
25 -14.493600 
26 -13.925600 
27 -12.800600 
28 -11.694600 
29 -10.645600 
30 -9.676600 
31 -8.797600 
32 -8.014600 
33 -7.325600 
34 -6.729600 
35 -6.221600 
36 -5.799600 
37 -5.458600 
38 -5.197600 
39 -5.011600 
40 -4.901600 
41 -4.864600 
42 -4.958600 
43 -5.233600 
44 -5.675600 
45 -6.269600 
46 -6.999600 
47 -7.852600 
48 -8.819600 
49 -9.891600 
50 -11.055600 
51 -12.294600 
52 -12.054600 
53 -11.936600 
54 -12.274600 
55 -12.970600 
56 -13.912600 
57 -15.018600 
58 -16.229600 
59 -17.503600 
60 -18.801600 
61 -20.081600 
62 -18.589600 
63 -17.018600 
64 -15.625600 
65 -14.519600 
66 -13.763600 
67 -13.399600 
68 -13.414600 
69 -13.659600 
70 -13.879600 
71 -13.952600 
72 -13.820600 
73 -13.448600 
74 -12.902600 
75 -12.263600 
76 -11.613600 
77 -11.016600 
78 -10.519600 
79 -10.148600 
80 -9.873600 
81 -9.776600 

1 -20.081600 
2 -19.732600 
3 -18.827600 
4 -17.566600 
5 -16.106600 
6 -14.586600 
7 -13.120600 
8 -11.807600 
9 -10.806600 
10 -10.110600 
11 -9.844600 
12 -9.921600 
13 -10.167600 
14 -10.659600 
15 -11.344600 
16 -12.196600 
17 -13.134600 
18 -13.936600 
19 -14.218600 
20 -14.065600 
21 -13.952600 
22 -14.015600 
23 -14.198600 
24 -14.483600 
25 -14.848600 
26 -14.804600 
27 -15.191600 
28 -15.658600 
29 -16.208600 
30 -16.848600 
31 -17.407600 
32 -15.936600 
33 -14.276600 
34 -12.547600 
35 -10.849600 
36 -9.258600 
37 -7.833600 
38 -6.623600 
39 -5.682600 
40 -5.075600 
41 -4.864600 
42 -4.958600 
43 -5.233600 
44 -5.675600 
45 -6.269600 
46 -6.999600 
47 -7.852600 
48 -8.819600 
49 -9.891600 
50 -11.055600 
51 -12.294600 
52 -13.586600 
53 -14.894600 
54 -16.176600 
55 -17.382600 
56 -18.464600 
57 -19.378600 
58 -20.085600 
59 -20.525600 
60 -20.545600 
61 -20.081600 
62 -18.589600 
63 -17.018600 
64 -15.625600 
65 -14.519600 
66 -13.763600 
67 -13.399600 
68 -13.414600 
69 -13.659600 
70 -13.879600 
71 -13.952600 
72 -14.065600 
73 -14.218600 
74 -13.936600 
75 -13.134600 
76 -12.196600 
77 -11.344600 
78 -10.659600 
79 -10.167600 
80 -9.921600 
81 -9.844600 

1 -20.081600 
2 -21.347600 
3 -21.818600 
4 -21.756600 
5 -21.679600 
6 -21.593600 
7 -21.509600 
8 -21.433600 
9 -21.373600 
10 -21.323600 
11 -21.300600 
12 -21.120600 
13 -20.615600 
14 -19.875600 
15 -19.012600 
16 -18.133600 
17 -17.348600 
18 -16.551600 
19 -15.181600 
20 -14.275600 
21 -13.952600 
22 -14.015600 
23 -14.198600 
24 -14.483600 
25 -14.848600 
26 -15.277600 
27 -15.760600 
28 -16.295600 
29 -16.883600 
30 -17.532600 
31 -17.581600 
32 -18.409600 
33 -19.333600 
34 -20.344600 
35 -21.424600 
36 -22.538600 
37 -23.632600 
38 -24.630600 
39 -25.441600 
40 -25.974600 
41 -26.160600 
42 -25.812600 
43 -24.833600 
44 -23.391600 
45 -21.683600 
46 -19.881600 
47 -18.103600 
48 -16.431600 
49 -14.921600 
50 -13.632600 
51 -12.644600 
52 -13.586600 
53 -14.894600 
54 -16.176600 
55 -17.382600 
56 -18.464600 
57 -19.378600 
58 -20.085600 
59 -20.525600 
60 -20.545600 
61 -20.081600 
62 -21.797600 
63 -21.405600 
64 -20.728600 
65 -19.880600 
66 -18.993600 
67 -18.195600 
68 -17.613600 
69 -15.938600 
70 -14.534600 
71 -13.952600 
72 -14.275600 
73 -15.181600 
74 -16.551600 
75 -17.348600 
76 -18.133600 
77 -19.012600 
78 -19.875600 
79 -20.615600 
80 -21.120600 
81 -21.300600 

1 -21.871600 
2 -21.858600 
3 -21.973600 
4 -21.955600 
5 -21.872600 
6 -21.750600 
7 -21.616600 
8 -21.489600 
9 -21.388600 
10 -21.334600 
11 -21.321600 
12 -21.214600 
13 -20.907600 
14 -20.441600 
15 -19.874600 
16 -19.270600 
17 -18.294600 
18 -16.838600 
19 -16.881600 
20 -17.275600 
21 -17.472600 
22 -17.293600 
23 -16.781600 
24 -15.994600 
25 -15.014600 
26 -15.277600 
27 -15.760600 
28 -16.295600 
29 -16.883600 
30 -17.532600 
31 -18.247600 
32 -19.037600 
33 -19.905600 
34 -20.845600 
35 -21.843600 
36 -22.868600 
37 -23.869600 
38 -24.778600 
39 -25.512600 
40 -25.993600 
41 -26.160600 
42 -26.140600 
43 -26.080600 
44 -25.983600 
45 -25.856600 
46 -25.704600 
47 -25.535600 
48 -25.355600 
49 -25.170600 
50 -24.982600 
51 -24.793600 
52 -24.599600 
53 -24.393600 
54 -24.163600 
55 -23.893600 
56 -23.568600 
57 -23.175600 
58 -22.718600 
59 -22.248600 
60 -21.933600 
61 -21.871600 
62 -21.797600 
63 -21.405600 
64 -20.728600 
65 -19.880600 
66 -18.993600 
67 -18.195600 
68 -17.613600 
69 -17.355600 
70 -17.396600 
71 -17.472600 
72 -17.275600 
73 -16.881600 
74 -16.838600 
75 -18.294600 
76 -19.270600 
77 -19.874600 
78 -20.441600 
79 -20.907600 
80 -21.214600 
81 -21.321600 

1 -21.871600 
2 -21.920600 
3 -22.641600 
4 -23.963600 
5 -25.300600 
6 -26.624600 
7 -27.884600 
8 -29.008600 
9 -29.907600 
10 -30.491600 
11 -30.694600 
12 -29.912600 
13 -27.901600 
14 -25.336600 
15 -22.742600 
16 -20.367600 
17 -18.690600 
18 -18.186600 
19 -17.799600 
20 -17.555600 
21 -17.472600 
22 -17.586600 
23 -17.905600 
24 -18.371600 
25 -18.894600 
26 -19.368600 
27 -19.675600 
28 -19.697600 
29 -19.342600 
30 -18.571600 
31 -18.247600 
32 -19.037600 
33 -19.905600 
34 -20.845600 
35 -21.843600 
36 -22.868600 
37 -23.869600 
38 -24.778600 
39 -25.512600 
40 -25.993600 
41 -26.160600 
42 -26.140600 
43 -26.080600 
44 -25.983600 
45 -25.856600 
46 -25.704600 
47 -25.535600 
48 -25.355600 
49 -25.170600 
50 -24.982600 
51 -24.793600 
52 -24.599600 
53 -24.393600 
54 -24.163600 
55 -23.893600 
56 -23.568600 
57 -23.175600 
58 -22.718600 
59 -22.248600 
60 -21.933600 
61 -21.871600 
62 -22.366600 
63 -23.837600 
64 -24.062600 
65 -23.104600 
66 -21.453600 
67 -19.572600 
68 -17.693600 
69 -17.355600 
70 -17.396600 
71 -17.472600 
72 -17.555600 
73 -17.799600 
74 -18.186600 
75 -18.690600 
76 -20.367600 
77 -22.742600 
78 -25.336600 
79 -27.901600 
80 -29.912600 
81 -30.694600 

