#No.: ETA [eV], sigma_den, r0_den, simga_s, r0_s, sigma_p, r0_p, sigma_d, r0_d, stos(y1s), stos(y2s), stos(y3s), stop(y1p), stop(y2p), stop(y3p), stod(y1d), stod(y2d), stod(y3d), sdt, sdt3kbt 
#| iter | 1/target | x0 | x1 | x2 | x3 | x4 | x5 | x6 | x7 | x8 | x9 | x10 | x11 | x12 | x13 | x14 | x15 | x16 | SDT | SDT(3kbT) |
No.1: 9.999, 8.3, 21.6, 7.3, 4.3, 8.0, 4.4, 9.0, 3.7, 1.05, 2.05, 3.23, 0.80, 1.62, 3.58, 2.12, 5.15, 11.37, 9.999, 9.999
No.2: 9.999, 10.4, 6.2, 4.9, 3.0, 5.3, 7.2, 5.0, 5.3, 1.25, 2.24, 3.98, 1.14, 2.94, 4.42, 3.15, 7.43, 15.90, 9.999, 9.999
No.3: 9.999, 12.4, 10.8, 8.5, 3.2, 6.8, 7.3, 6.0, 4.8, 0.68, 1.41, 5.83, 1.17, 1.41, 6.07, 3.75, 6.88, 10.31, 9.999, 9.999
No.4: 0.272167, 12.2, 8.1, 5.0, 4.3, 8.1, 5.3, 4.7, 5.8, 1.05, 2.21, 4.24, 0.93, 1.46, 5.41, 2.04, 6.20, 14.12, 0.194083, 2.58519
No.5: 9.999, 16.2, 18.1, 6.3, 5.4, 8.2, 7.2, 7.7, 6.7, 0.83, 1.81, 6.65, 0.69, 1.60, 6.29, 2.55, 4.38, 16.20, 9.999, 9.999
No.6: 0.400394, 15.5, 13.8, 6.6, 3.7, 9.1, 6.0, 4.5, 6.1, 0.82, 2.23, 6.89, 1.05, 2.38, 3.67, 3.67, 5.60, 13.02, 0.240194, 2.58519
No.7: 9.999, 15.3, 12.0, 5.2, 6.0, 8.1, 3.9, 8.4, 6.7, 1.23, 2.53, 6.67, 1.02, 1.40, 6.75, 3.14, 7.95, 9.32, 9.999, 9.999
No.8: 9.999, 3.9, 3.0, 5.1, 3.8, 7.5, 7.6, 7.4, 3.7, 1.14, 1.75, 3.33, 0.61, 1.78, 6.49, 2.83, 6.04, 15.42, 9.999, 9.999
No.9: 9.999, 14.2, 12.8, 5.0, 3.6, 8.2, 5.9, 4.5, 3.9, 1.26, 2.29, 6.50, 1.11, 2.28, 3.75, 1.86, 4.19, 8.16, 9.999, 9.999
No.10: 0.776959, 5.1, 9.2, 7.7, 5.6, 5.3, 3.7, 4.8, 5.6, 1.01, 2.30, 6.05, 0.73, 2.32, 6.91, 3.46, 4.70, 12.25, 0.570712, 2.58519
No.11: 9.999, 6.8, 28.7, 6.4, 5.0, 5.5, 6.7, 4.8, 4.7, 1.14, 1.69, 5.43, 0.85, 2.27, 6.05, 3.10, 4.80, 8.36, 9.999, 9.999
No.12: 9.999, 11.6, 16.4, 4.5, 3.7, 7.7, 7.5, 9.4, 5.9, 1.22, 2.41, 6.73, 0.77, 1.48, 6.02, 3.31, 7.57, 16.24, 9.999, 9.999
No.13: 9.999, 7.9, 15.4, 5.1, 3.3, 7.1, 3.7, 9.4, 7.0, 0.60, 1.66, 5.52, 0.97, 2.87, 6.71, 2.54, 7.81, 9.34, 9.999, 9.999
No.14: 9.999, 7.0, 5.9, 6.8, 4.7, 8.6, 4.8, 7.0, 6.1, 0.60, 2.34, 6.30, 0.83, 2.89, 5.44, 3.53, 7.30, 15.99, 9.999, 9.999
No.15: 9.999, 8.6, 23.9, 6.6, 5.1, 9.2, 3.6, 9.5, 5.1, 1.26, 2.35, 4.42, 1.21, 2.31, 3.93, 3.34, 6.30, 8.24, 9.999, 9.999
No.16: 0.35539, 14.5, 17.7, 8.9, 4.0, 7.9, 5.4, 6.4, 5.3, 0.87, 1.89, 5.61, 0.79, 2.33, 6.07, 3.48, 6.91, 14.11, 0.215422, 2.58519
No.17: 0.361373, 11.4, 13.9, 9.1, 5.1, 5.9, 4.6, 8.9, 5.8, 1.14, 2.30, 6.92, 1.06, 1.70, 4.85, 2.44, 7.09, 15.76, 0.326916, 2.58519
No.18: 9.999, 13.0, 16.3, 9.6, 3.5, 8.7, 7.2, 8.0, 5.9, 0.70, 2.13, 6.15, 0.98, 2.13, 4.53, 1.88, 5.29, 8.48, 9.999, 9.999
No.19: 0.352097, 7.2, 8.4, 7.0, 5.3, 5.5, 4.6, 8.9, 5.3, 1.02, 1.76, 5.48, 0.81, 2.86, 6.68, 2.26, 4.14, 9.51, 0.289786, 2.58519
No.20: 9.999, 3.6, 16.2, 5.6, 4.6, 8.5, 3.7, 6.1, 7.2, 1.17, 2.25, 5.04, 0.70, 2.38, 5.29, 3.07, 4.29, 14.59, 9.999, 9.999
No.21: 9.999, 15.0, 27.7, 4.6, 5.4, 8.3, 4.7, 5.8, 6.2, 0.83, 2.66, 6.36, 1.18, 1.54, 5.70, 3.17, 6.29, 15.03, 9.999, 9.999
No.22: 0.42739, 8.7, 23.3, 9.6, 4.7, 7.2, 4.1, 6.3, 3.7, 0.70, 2.58, 6.98, 0.80, 1.61, 6.65, 2.84, 7.86, 13.55, 0.383573, 2.58519
No.23: 0.421439, 2.5, 12.2, 5.5, 3.7, 5.8, 6.7, 6.8, 3.8, 0.94, 1.72, 6.50, 1.07, 2.49, 3.95, 2.64, 6.17, 16.76, 0.278148, 2.58519
No.24: 9.999, 14.0, 10.4, 9.4, 5.6, 4.6, 6.5, 6.9, 7.5, 0.74, 1.81, 3.34, 1.00, 2.74, 4.67, 3.26, 5.86, 12.68, 9.999, 9.999
No.25: 9.999, 3.3, 13.9, 6.7, 5.6, 7.7, 4.2, 4.9, 3.7, 0.64, 2.12, 3.64, 1.03, 2.67, 5.87, 3.30, 5.14, 15.45, 9.999, 9.999
No.26: 9.999, 3.8, 3.2, 8.6, 4.2, 9.1, 3.7, 8.5, 4.1, 1.02, 1.40, 6.09, 0.86, 2.58, 4.94, 2.65, 5.72, 12.07, 9.999, 9.999
No.27: 9.999, 10.1, 2.5, 7.7, 5.9, 9.6, 6.5, 8.3, 7.3, 0.87, 1.78, 6.83, 1.21, 2.66, 6.70, 2.03, 4.34, 9.46, 9.999, 9.999
No.28: 9.999, 4.7, 5.6, 7.2, 3.9, 9.2, 5.1, 6.7, 5.7, 1.24, 1.43, 6.31, 0.69, 1.80, 6.33, 2.37, 7.89, 10.18, 9.999, 9.999
No.29: 9.999, 12.8, 26.2, 7.7, 3.9, 4.5, 6.0, 6.1, 5.7, 1.22, 2.07, 3.33, 0.95, 1.90, 6.49, 2.87, 6.63, 11.88, 9.999, 9.999
No.30: 9.999, 5.8, 12.3, 6.1, 3.5, 7.6, 5.3, 8.7, 4.3, 1.07, 1.77, 6.76, 1.24, 2.74, 6.72, 2.20, 4.04, 9.82, 9.999, 9.999
No.31: 9.999, 10.7, 11.7, 9.6, 5.6, 7.5, 7.6, 9.1, 6.0, 0.61, 1.53, 3.45, 0.75, 2.45, 5.11, 2.79, 4.42, 12.95, 9.999, 9.999
No.32: 9.999, 3.0, 14.5, 7.9, 4.5, 4.5, 5.0, 7.0, 6.6, 0.91, 2.12, 4.65, 1.26, 1.65, 6.92, 3.30, 7.21, 13.51, 9.999, 9.999
No.33: 9.999, 4.1, 2.7, 6.9, 3.3, 6.1, 5.7, 8.0, 6.8, 0.68, 1.42, 6.10, 0.81, 2.97, 4.07, 2.43, 5.92, 14.63, 9.999, 9.999
No.34: 9.999, 9.8, 24.0, 7.0, 5.7, 8.8, 6.3, 7.9, 6.0, 0.78, 2.28, 3.28, 1.05, 2.49, 4.93, 3.60, 6.44, 7.80, 9.999, 9.999
No.35: 9.999, 12.1, 11.8, 6.3, 3.6, 8.4, 4.9, 8.3, 6.7, 0.74, 1.72, 6.47, 0.73, 2.58, 4.33, 3.31, 5.50, 15.11, 9.999, 9.999
No.36: 9.999, 5.0, 6.2, 5.5, 5.9, 8.1, 5.9, 6.0, 7.0, 0.89, 2.87, 4.66, 0.61, 1.56, 5.79, 3.37, 4.01, 9.86, 9.999, 9.999
No.37: 9.999, 12.6, 15.2, 8.2, 3.5, 7.8, 6.7, 5.6, 6.1, 1.11, 2.41, 3.71, 1.26, 1.64, 4.00, 2.61, 5.40, 9.09, 9.999, 9.999
No.38: 9.999, 11.0, 10.3, 6.5, 3.9, 4.9, 7.3, 6.4, 5.8, 0.93, 1.59, 6.00, 1.24, 2.06, 6.19, 1.85, 7.26, 9.50, 9.999, 9.999
No.39: 9.999, 5.1, 4.5, 5.4, 4.8, 4.7, 6.8, 5.4, 5.8, 1.10, 1.62, 5.16, 0.77, 1.95, 3.64, 3.34, 4.12, 16.73, 9.999, 9.999
No.40: 1.446276, 10.3, 8.2, 6.5, 5.4, 8.2, 7.7, 5.9, 3.6, 1.23, 2.76, 6.11, 1.09, 1.66, 6.50, 1.78, 7.36, 12.84, 2.855773, 2.58519
No.41: 9.999, 13.0, 16.2, 8.1, 2.9, 8.5, 7.3, 5.7, 4.1, 0.74, 1.87, 5.91, 1.13, 1.98, 6.15, 3.27, 6.30, 11.41, 9.999, 9.999
No.42: 0.341332, 15.3, 16.9, 8.7, 4.3, 6.3, 6.4, 5.6, 5.5, 0.81, 2.39, 4.32, 0.69, 1.85, 5.56, 2.40, 5.63, 11.80, 0.198326, 2.58519
No.43: 9.999, 15.2, 14.4, 8.4, 4.6, 7.0, 7.1, 4.8, 6.0, 1.24, 2.21, 6.20, 0.91, 2.44, 3.73, 2.62, 7.57, 13.27, 9.999, 9.999
No.44: 9.999, 5.0, 25.0, 9.6, 3.1, 6.1, 7.5, 4.5, 7.0, 1.18, 2.09, 4.18, 1.07, 2.25, 6.83, 3.01, 7.27, 7.83, 9.999, 9.999
No.45: 9.999, 5.9, 23.8, 8.0, 4.2, 7.1, 4.4, 9.5, 4.8, 0.66, 1.61, 5.04, 0.68, 2.88, 6.63, 2.74, 7.35, 11.56, 9.999, 9.999
No.46: 0.386726, 2.3, 21.5, 7.8, 3.5, 6.1, 4.3, 6.6, 4.6, 0.87, 2.95, 5.37, 1.14, 2.20, 6.23, 3.15, 7.01, 11.45, 0.319166, 2.58519
No.47: 0.466788, 6.9, 28.6, 6.3, 4.0, 8.1, 4.7, 8.6, 4.8, 0.97, 2.17, 5.64, 0.85, 2.76, 5.58, 2.25, 7.07, 11.69, 0.31123, 2.58519
No.48: 9.999, 14.9, 26.1, 8.0, 3.6, 4.5, 5.3, 9.3, 5.0, 1.13, 1.66, 3.93, 0.99, 2.83, 4.92, 3.61, 4.86, 13.30, 9.999, 9.999
No.49: 9.999, 7.2, 6.3, 6.4, 4.1, 4.8, 6.2, 8.1, 6.1, 1.04, 1.65, 5.95, 1.07, 2.49, 4.19, 3.15, 4.64, 11.62, 9.999, 9.999
No.50: 0.275156, 4.3, 16.1, 5.8, 5.7, 8.6, 5.3, 7.6, 4.2, 0.94, 1.86, 6.55, 0.72, 2.13, 4.86, 2.75, 4.36, 10.87, 0.262351, 2.58519
No.51: 0.347927, 14.9, 20.3, 7.8, 4.8, 6.9, 5.4, 7.6, 7.1, 1.11, 2.31, 5.63, 0.68, 2.14, 6.97, 3.67, 6.44, 9.13, 0.236507, 2.58519
No.52: 9.999, 15.9, 4.2, 5.9, 3.1, 8.1, 6.3, 6.4, 4.4, 1.10, 1.93, 6.99, 0.63, 1.70, 4.83, 1.96, 6.35, 8.19, 9.999, 9.999
No.53: 9.999, 14.0, 15.4, 6.9, 6.1, 6.3, 6.8, 7.3, 7.3, 0.84, 1.77, 5.22, 0.61, 2.42, 4.56, 2.20, 5.53, 11.24, 9.999, 9.999
No.54: 9.999, 15.7, 3.6, 7.4, 3.5, 7.7, 7.6, 9.0, 5.5, 1.08, 2.63, 6.83, 0.97, 1.99, 7.00, 1.86, 5.89, 8.04, 9.999, 9.999
No.55: 9.999, 9.5, 16.5, 7.2, 4.2, 5.9, 3.9, 6.6, 3.7, 0.79, 2.19, 3.80, 0.85, 1.61, 5.98, 2.71, 5.60, 15.82, 9.999, 9.999
No.56: 9.999, 16.5, 5.4, 5.5, 5.4, 6.0, 4.5, 4.5, 5.2, 0.85, 2.44, 5.78, 0.93, 2.63, 3.77, 1.91, 5.38, 15.01, 9.999, 9.999
No.57: 9.999, 3.1, 6.5, 8.8, 5.2, 9.2, 3.7, 4.8, 5.5, 0.83, 2.89, 3.29, 0.67, 2.43, 4.76, 2.39, 6.06, 16.80, 9.999, 9.999
No.58: 0.50975, 9.4, 16.8, 5.6, 5.1, 5.2, 4.0, 9.0, 4.6, 0.86, 2.30, 6.62, 0.90, 2.79, 4.19, 2.29, 5.08, 12.74, 0.439074, 2.58519
No.59: 0.27878, 9.9, 4.5, 9.5, 3.9, 7.9, 4.9, 8.5, 4.9, 1.20, 2.59, 6.54, 1.25, 2.69, 4.31, 2.81, 5.12, 12.80, 0.279765, 2.58519
No.60: 9.999, 13.5, 14.9, 8.4, 4.7, 4.7, 4.1, 5.5, 5.0, 0.63, 2.35, 4.03, 0.62, 1.90, 3.37, 3.15, 6.55, 11.67, 9.999, 9.999
No.61: 9.999, 9.7, 18.9, 9.4, 3.1, 5.7, 3.8, 6.6, 7.2, 0.65, 2.14, 4.87, 1.17, 2.11, 3.29, 3.51, 6.49, 15.24, 9.999, 9.999
No.62: 9.999, 3.9, 23.0, 9.5, 4.0, 9.1, 5.4, 5.7, 7.5, 1.06, 1.48, 6.42, 0.62, 2.16, 4.14, 3.68, 7.72, 13.34, 9.999, 9.999
No.63: 9.999, 15.1, 21.1, 8.8, 4.9, 7.2, 4.6, 6.0, 7.2, 0.88, 1.48, 5.52, 1.09, 1.79, 5.51, 3.40, 3.90, 8.94, 9.999, 9.999
No.64: 9.999, 15.5, 7.9, 5.9, 5.8, 7.4, 4.1, 5.6, 6.0, 0.76, 1.59, 6.36, 1.20, 2.16, 5.50, 2.81, 6.35, 15.54, 9.999, 9.999
No.65: 0.627753, 4.5, 24.9, 8.3, 6.0, 7.2, 4.4, 8.4, 3.6, 0.82, 2.86, 5.51, 1.25, 1.94, 5.49, 2.96, 6.31, 8.29, 0.491088, 2.58519
No.66: 9.999, 10.9, 25.2, 5.1, 4.8, 4.6, 4.4, 8.5, 3.6, 0.80, 1.41, 5.52, 1.16, 2.80, 4.45, 1.99, 6.77, 11.76, 9.999, 9.999
No.67: 9.999, 17.0, 17.9, 6.4, 3.7, 7.5, 6.5, 4.8, 7.6, 1.11, 2.68, 4.34, 1.23, 2.20, 4.95, 2.93, 4.80, 10.53, 9.999, 9.999
No.68: 9.999, 13.3, 4.6, 7.7, 3.4, 8.4, 6.8, 9.1, 4.5, 0.71, 2.01, 5.06, 0.90, 2.46, 4.93, 3.17, 6.60, 14.10, 9.999, 9.999
No.69: 0.294161, 6.9, 24.1, 8.7, 4.9, 8.0, 5.6, 4.9, 4.6, 0.91, 1.70, 5.56, 1.11, 2.07, 3.61, 1.97, 5.27, 9.52, 0.194845, 2.58519
No.70: 0.348821, 2.4, 21.9, 5.5, 4.6, 9.1, 4.8, 9.0, 7.3, 0.82, 2.48, 5.98, 0.82, 2.74, 4.85, 3.50, 6.49, 13.04, 0.283152, 2.58519
No.71: 9.999, 15.5, 4.5, 8.9, 5.6, 7.7, 7.5, 7.5, 4.4, 0.89, 1.92, 6.56, 0.72, 2.75, 5.76, 2.44, 4.32, 13.54, 9.999, 9.999
No.72: 0.744529, 16.9, 12.6, 6.6, 6.2, 9.3, 4.2, 6.5, 5.5, 0.98, 2.64, 6.99, 0.95, 1.66, 3.51, 2.49, 4.20, 13.53, 0.559166, 2.58519
No.73: 9.999, 9.4, 13.6, 9.5, 3.3, 5.4, 7.3, 7.5, 4.9, 0.59, 1.75, 4.22, 1.22, 1.41, 6.34, 2.12, 6.61, 10.99, 9.999, 9.999
No.74: 9.999, 4.2, 7.9, 5.9, 6.0, 6.5, 5.6, 5.8, 7.2, 0.85, 1.86, 6.63, 1.19, 2.51, 5.01, 3.42, 5.80, 11.06, 9.999, 9.999
No.75: 0.363022, 12.8, 7.5, 6.2, 3.1, 9.0, 5.5, 8.4, 4.6, 1.00, 2.07, 3.68, 1.17, 2.58, 5.47, 2.23, 6.34, 13.56, 0.351071, 2.58519
No.76: 9.999, 7.8, 5.8, 8.0, 4.6, 5.7, 4.3, 5.4, 7.1, 1.27, 2.85, 4.16, 0.65, 1.87, 6.04, 2.99, 6.56, 7.83, 9.999, 9.999
No.77: 0.35672, 7.3, 23.2, 6.4, 4.9, 9.4, 5.2, 6.5, 6.9, 1.03, 2.01, 5.30, 1.15, 2.16, 5.47, 3.34, 4.10, 12.64, 0.244739, 2.58519
No.78: 9.999, 12.4, 13.2, 8.3, 4.7, 8.1, 7.4, 8.9, 4.3, 0.77, 1.49, 3.75, 0.90, 1.92, 4.06, 3.62, 6.63, 13.20, 9.999, 9.999
No.79: 9.999, 16.7, 8.7, 6.2, 4.7, 7.2, 5.2, 8.1, 6.4, 1.06, 2.28, 5.73, 0.65, 1.72, 5.14, 1.95, 5.34, 12.65, 9.999, 9.999
No.80: 0.598798, 7.4, 18.8, 7.1, 2.9, 5.9, 5.8, 8.4, 3.8, 0.97, 2.67, 6.78, 1.00, 2.96, 4.90, 3.24, 3.83, 14.71, 0.457375, 2.58519
No.81: 9.999, 11.8, 27.2, 9.5, 6.2, 5.2, 3.9, 4.8, 3.6, 1.26, 1.53, 3.51, 0.78, 2.86, 6.13, 2.96, 7.25, 15.91, 9.999, 9.999
No.82: 9.999, 14.7, 20.7, 6.9, 3.8, 4.6, 7.2, 8.5, 4.9, 1.14, 1.90, 5.08, 0.83, 1.95, 4.19, 3.59, 6.79, 7.99, 9.999, 9.999
No.83: 9.999, 6.7, 27.1, 6.8, 4.9, 9.6, 6.8, 6.2, 3.9, 0.72, 2.23, 6.93, 0.95, 2.91, 6.60, 2.79, 5.27, 14.22, 9.999, 9.999
No.84: 0.409342, 8.3, 23.7, 4.5, 3.9, 4.7, 4.8, 6.3, 7.5, 0.92, 1.83, 6.77, 0.71, 2.77, 6.86, 3.69, 3.83, 8.28, 0.28299, 2.58519
No.85: 9.999, 9.6, 19.6, 5.0, 3.6, 9.5, 4.8, 9.2, 7.3, 1.23, 1.63, 3.65, 1.11, 2.75, 6.43, 3.55, 5.31, 11.79, 9.999, 9.999
No.86: 0.287337, 12.3, 8.0, 5.2, 4.1, 8.2, 5.3, 5.2, 5.6, 1.04, 2.19, 4.14, 0.96, 1.62, 5.42, 2.06, 6.22, 14.03, 0.194457, 2.58519
No.87: 9.999, 12.0, 8.1, 4.7, 4.0, 8.8, 5.0, 4.6, 5.7, 1.10, 2.31, 3.62, 0.93, 1.38, 5.57, 1.74, 6.02, 13.85, 9.999, 9.999
No.88: 0.266442, 12.4, 8.0, 5.2, 4.3, 7.8, 5.4, 5.0, 5.8, 1.03, 2.16, 4.44, 0.95, 1.57, 5.34, 2.17, 6.28, 14.19, 0.18873, 2.58519
No.89: 0.254111, 12.1, 8.0, 5.3, 4.4, 7.9, 5.5, 5.1, 6.1, 0.93, 2.09, 4.25, 0.82, 1.38, 5.33, 2.09, 6.15, 13.85, 0.181323, 2.58519
No.90: 0.275636, 12.1, 8.3, 5.0, 4.3, 7.5, 5.4, 5.2, 5.7, 1.00, 2.04, 4.24, 0.81, 1.38, 5.24, 1.85, 6.08, 13.86, 0.191449, 2.58519
No.91: 9.999, 12.3, 8.2, 4.9, 3.9, 7.9, 5.6, 5.0, 6.0, 0.78, 2.30, 4.53, 0.73, 1.38, 5.22, 2.23, 6.49, 13.70, 9.999, 9.999
No.92: 0.255281, 12.2, 8.1, 5.3, 4.5, 7.8, 5.3, 5.1, 5.8, 1.09, 2.01, 4.13, 0.94, 1.48, 5.38, 1.93, 5.99, 14.11, 0.192735, 2.58519
No.93: 9.999, 11.9, 7.8, 5.1, 4.3, 7.8, 5.4, 5.1, 5.8, 1.07, 2.08, 4.27, 0.86, 1.50, 5.22, 2.02, 6.09, 13.98, 9.999, 9.999
No.94: 0.267557, 12.3, 8.3, 5.2, 4.4, 7.9, 5.4, 5.1, 5.9, 1.00, 2.11, 4.20, 0.91, 1.45, 5.42, 2.00, 6.15, 14.02, 0.190677, 2.58519
No.95: 9.999, 12.3, 8.0, 5.3, 4.4, 8.1, 5.4, 5.0, 5.9, 1.02, 2.13, 4.23, 0.94, 1.52, 5.44, 2.11, 6.16, 14.14, 9.999, 9.999
No.96: 9.999, 12.6, 6.3, 5.4, 4.6, 7.4, 5.8, 5.1, 6.2, 1.00, 2.30, 3.76, 0.88, 1.60, 5.66, 1.96, 5.59, 12.74, 9.999, 9.999
No.97: 0.264, 12.2, 8.2, 5.1, 4.4, 7.7, 5.4, 5.1, 5.8, 1.02, 2.07, 4.24, 0.89, 1.43, 5.33, 1.96, 6.10, 13.99, 0.189674, 2.58519
No.98: 0.234617, 10.4, 5.6, 5.9, 4.4, 7.8, 5.6, 4.5, 6.3, 0.91, 1.89, 4.12, 0.75, 1.45, 5.43, 2.02, 5.82, 14.58, 0.21593, 2.58519
No.99: 9.999, 11.9, 5.0, 5.5, 4.1, 8.3, 6.0, 5.0, 6.2, 0.86, 1.80, 4.01, 0.69, 1.56, 5.73, 1.98, 5.63, 14.47, 9.999, 9.999
No.100: 0.230875, 11.0, 5.2, 6.2, 4.6, 7.8, 5.7, 4.6, 6.2, 0.89, 1.95, 4.15, 0.70, 1.56, 5.17, 2.10, 5.75, 14.03, 0.243848, 2.58519
No.101: 9.999, 10.9, 5.3, 6.2, 4.5, 7.8, 5.6, 4.6, 6.3, 0.90, 1.94, 4.14, 0.71, 1.54, 5.23, 2.08, 5.77, 14.16, 9.999, 9.999
No.102: 9.999, 11.8, 3.7, 6.0, 4.4, 7.5, 6.0, 4.5, 6.0, 0.89, 2.03, 4.15, 0.69, 1.48, 5.14, 2.07, 5.91, 14.61, 9.999, 9.999
No.103: 9.999, 11.3, 5.2, 6.4, 4.5, 7.9, 5.9, 4.7, 6.4, 0.89, 1.93, 4.37, 0.73, 1.52, 5.37, 2.05, 5.58, 13.53, 9.999, 9.999
No.104: 9.999, 11.3, 6.2, 6.4, 4.6, 8.0, 5.7, 4.5, 6.2, 0.89, 1.91, 3.99, 0.73, 1.59, 5.09, 2.12, 5.66, 14.16, 9.999, 9.999
No.105: 0.82787, 11.1, 5.1, 6.3, 4.6, 7.8, 5.7, 4.6, 6.2, 0.89, 1.96, 4.15, 0.69, 1.58, 5.12, 2.11, 5.74, 13.96, 1.613143, 2.58519
No.106: 9.999, 10.5, 4.5, 6.3, 4.5, 8.0, 5.6, 4.6, 6.4, 0.88, 2.00, 4.18, 0.68, 1.53, 5.33, 2.02, 5.82, 13.95, 9.999, 9.999
No.107: 0.169347, 11.2, 5.7, 6.2, 4.6, 7.6, 5.6, 4.7, 6.3, 0.89, 1.89, 4.02, 0.70, 1.58, 5.01, 2.02, 5.55, 14.31, 0.192608, 2.58519
No.108: 9.999, 11.2, 5.6, 6.2, 4.6, 7.6, 5.6, 4.7, 6.3, 0.89, 1.90, 4.04, 0.70, 1.58, 5.02, 2.02, 5.57, 14.27, 9.999, 9.999
No.109: 0.165812, 11.1, 5.6, 6.1, 4.6, 7.7, 5.5, 4.7, 6.4, 0.89, 1.87, 4.11, 0.69, 1.57, 5.12, 2.02, 5.64, 14.50, 0.194571, 2.58519
No.110: 0.17494, 10.9, 5.5, 6.0, 4.5, 7.8, 5.4, 4.7, 6.6, 0.90, 1.91, 4.19, 0.68, 1.61, 5.13, 2.00, 5.75, 14.50, 0.2004, 2.58519
No.111: 0.15077, 11.0, 6.2, 6.2, 4.6, 7.5, 5.6, 4.7, 6.4, 0.90, 1.83, 4.11, 0.71, 1.53, 5.08, 2.00, 5.75, 14.33, 0.167903, 2.58519
No.112: 0.140768, 10.7, 6.2, 6.3, 4.6, 7.6, 5.5, 4.6, 6.4, 0.91, 1.85, 4.14, 0.71, 1.51, 5.05, 2.01, 5.78, 14.24, 0.16627, 2.58519
No.113: 0.156182, 10.4, 6.7, 6.4, 4.6, 7.7, 5.5, 4.5, 6.5, 0.91, 1.83, 4.16, 0.72, 1.54, 5.07, 1.97, 5.84, 14.11, 0.160651, 2.58519
No.114: 0.126759, 10.4, 6.2, 6.4, 4.7, 7.6, 5.5, 4.5, 6.3, 0.92, 1.83, 4.07, 0.71, 1.54, 4.98, 2.04, 5.84, 14.18, 0.164451, 2.58519
No.115: 9.999, 10.4, 5.9, 6.3, 4.7, 7.5, 5.4, 4.5, 6.3, 0.93, 1.81, 4.02, 0.70, 1.56, 5.03, 2.07, 5.83, 14.19, 9.999, 9.999
No.116: 0.149579, 10.5, 6.5, 6.4, 4.6, 7.5, 5.5, 4.5, 6.4, 0.92, 1.81, 4.05, 0.71, 1.54, 5.01, 2.02, 5.79, 14.16, 0.164332, 2.58519
No.117: 0.142801, 10.2, 6.1, 6.4, 4.6, 7.6, 5.5, 4.5, 6.3, 0.91, 1.81, 4.09, 0.70, 1.55, 4.96, 2.02, 5.87, 14.18, 0.171598, 2.58519
No.118: 0.125664, 10.5, 6.1, 6.3, 4.7, 7.6, 5.4, 4.5, 6.4, 0.92, 1.83, 4.04, 0.71, 1.55, 4.99, 2.04, 5.81, 14.20, 0.166025, 2.58519
No.119: 0.141042, 10.4, 5.8, 6.4, 4.7, 7.7, 5.4, 4.5, 6.3, 0.92, 1.84, 4.04, 0.71, 1.56, 5.00, 2.06, 5.84, 14.22, 0.179369, 2.58519
No.120: 0.126787, 10.5, 6.2, 6.4, 4.7, 7.6, 5.5, 4.5, 6.4, 0.92, 1.85, 4.02, 0.70, 1.56, 4.99, 2.06, 5.83, 14.18, 0.164361, 2.58519
No.121: 0.126888, 10.4, 6.1, 6.4, 4.7, 7.6, 5.5, 4.5, 6.3, 0.92, 1.83, 4.06, 0.70, 1.55, 4.98, 2.03, 5.84, 14.19, 0.165775, 2.58519
No.122: 0.125658, 10.5, 6.2, 6.4, 4.7, 7.6, 5.4, 4.5, 6.4, 0.92, 1.84, 4.04, 0.70, 1.55, 4.97, 2.06, 5.80, 14.25, 0.164749, 2.58519
No.123: 9.999, 10.4, 6.2, 6.4, 4.7, 7.6, 5.4, 4.5, 6.4, 0.92, 1.85, 4.04, 0.70, 1.55, 4.97, 2.05, 5.79, 14.23, 9.999, 9.999
No.124: 0.12565, 10.6, 6.2, 6.4, 4.7, 7.6, 5.4, 4.5, 6.4, 0.92, 1.83, 4.03, 0.70, 1.55, 4.95, 2.07, 5.79, 14.30, 0.164711, 2.58519
No.125: 0.126948, 10.7, 6.3, 6.4, 4.7, 7.6, 5.4, 4.5, 6.4, 0.91, 1.83, 4.02, 0.71, 1.55, 4.96, 2.07, 5.79, 14.32, 0.164103, 2.58519
No.126: 0.125635, 10.6, 6.2, 6.4, 4.7, 7.6, 5.4, 4.5, 6.4, 0.92, 1.84, 4.01, 0.70, 1.54, 4.94, 2.07, 5.81, 14.33, 0.164659, 2.58519
No.127: 0.126977, 10.7, 6.3, 6.4, 4.7, 7.6, 5.4, 4.5, 6.4, 0.92, 1.83, 4.03, 0.70, 1.55, 4.94, 2.07, 5.82, 14.31, 0.164062, 2.58519
No.128: 0.125677, 10.6, 6.1, 6.4, 4.7, 7.6, 5.4, 4.5, 6.4, 0.92, 1.83, 4.01, 0.71, 1.55, 4.95, 2.07, 5.82, 14.29, 0.165902, 2.58519
No.129: 0.125669, 10.6, 6.2, 6.4, 4.7, 7.6, 5.4, 4.5, 6.4, 0.92, 1.84, 4.02, 0.70, 1.54, 4.94, 2.07, 5.81, 14.33, 0.164662, 2.58519
No.130: 0.125625, 10.6, 6.2, 6.4, 4.7, 7.6, 5.4, 4.5, 6.4, 0.92, 1.84, 4.02, 0.71, 1.55, 4.94, 2.07, 5.82, 14.35, 0.164717, 2.58519
No.131: 0.126781, 10.6, 6.3, 6.4, 4.7, 7.6, 5.4, 4.5, 6.4, 0.92, 1.84, 4.03, 0.71, 1.55, 4.95, 2.06, 5.83, 14.37, 0.164113, 2.58519
No.132: 0.12566, 10.6, 6.1, 6.4, 4.7, 7.6, 5.4, 4.5, 6.4, 0.92, 1.84, 4.03, 0.71, 1.54, 4.95, 2.06, 5.83, 14.33, 0.165861, 2.58519
No.133: 0.12561, 10.5, 6.2, 6.4, 4.7, 7.6, 5.4, 4.5, 6.4, 0.92, 1.84, 4.01, 0.71, 1.55, 4.95, 2.07, 5.81, 14.36, 0.164758, 2.58519
No.134: 0.125755, 10.5, 6.1, 6.4, 4.7, 7.6, 5.4, 4.5, 6.4, 0.92, 1.83, 4.02, 0.71, 1.55, 4.96, 2.07, 5.82, 14.34, 0.16596, 2.58519
No.135: 0.125675, 10.6, 6.1, 6.4, 4.7, 7.6, 5.4, 4.5, 6.4, 0.92, 1.83, 4.02, 0.71, 1.54, 4.95, 2.07, 5.81, 14.38, 0.1659, 2.58519
No.136: 0.125605, 10.6, 6.2, 6.4, 4.7, 7.6, 5.4, 4.5, 6.4, 0.92, 1.84, 4.01, 0.71, 1.54, 4.94, 2.07, 5.82, 14.35, 0.164693, 2.58519
No.137: 0.125623, 10.6, 6.2, 6.4, 4.7, 7.6, 5.4, 4.5, 6.4, 0.92, 1.84, 4.01, 0.71, 1.54, 4.95, 2.07, 5.82, 14.34, 0.164702, 2.58519
No.138: 0.125696, 10.5, 6.1, 6.4, 4.7, 7.6, 5.4, 4.5, 6.4, 0.92, 1.84, 4.01, 0.71, 1.55, 4.94, 2.07, 5.82, 14.36, 0.165919, 2.58519
No.139: 0.125653, 10.6, 6.1, 6.4, 4.7, 7.6, 5.4, 4.5, 6.4, 0.92, 1.84, 4.00, 0.71, 1.55, 4.95, 2.07, 5.81, 14.36, 0.165864, 2.58519
No.140: 0.12569, 10.5, 6.1, 6.4, 4.7, 7.6, 5.4, 4.5, 6.4, 0.92, 1.84, 4.01, 0.71, 1.54, 4.95, 2.07, 5.81, 14.34, 0.165919, 2.58519
No.141: 0.125585, 10.5, 6.2, 6.4, 4.7, 7.6, 5.4, 4.5, 6.4, 0.92, 1.84, 4.01, 0.71, 1.54, 4.95, 2.07, 5.81, 14.34, 0.164715, 2.58519
No.142: 0.125585, 10.5, 6.2, 6.4, 4.7, 7.6, 5.4, 4.5, 6.4, 0.92, 1.84, 4.01, 0.71, 1.54, 4.95, 2.07, 5.81, 14.34, 0.164715, 2.58519
No.143: 0.125623, 10.6, 6.2, 6.4, 4.7, 7.6, 5.4, 4.5, 6.4, 0.92, 1.84, 4.01, 0.71, 1.54, 4.95, 2.07, 5.81, 14.35, 0.164702, 2.58519
No.144: 0.125626, 10.6, 6.2, 6.4, 4.7, 7.6, 5.4, 4.5, 6.4, 0.92, 1.84, 4.00, 0.71, 1.54, 4.95, 2.07, 5.82, 14.34, 0.164703, 2.58519
No.145: 0.125662, 10.5, 6.1, 6.4, 4.7, 7.6, 5.4, 4.5, 6.4, 0.92, 1.84, 4.00, 0.71, 1.54, 4.94, 2.07, 5.82, 14.35, 0.165916, 2.58519
No.146: 0.125592, 10.5, 6.2, 6.4, 4.7, 7.6, 5.4, 4.5, 6.4, 0.92, 1.84, 4.00, 0.71, 1.54, 4.95, 2.07, 5.81, 14.34, 0.164701, 2.58519
No.147: 0.12569, 10.5, 6.1, 6.4, 4.7, 7.6, 5.4, 4.5, 6.4, 0.92, 1.84, 4.01, 0.71, 1.54, 4.95, 2.07, 5.82, 14.35, 0.165919, 2.58519
No.148: 0.125669, 10.6, 6.1, 6.4, 4.7, 7.6, 5.4, 4.5, 6.4, 0.92, 1.84, 4.01, 0.71, 1.54, 4.95, 2.07, 5.81, 14.34, 0.165879, 2.58519
No.149: 0.125626, 10.6, 6.2, 6.4, 4.7, 7.6, 5.4, 4.5, 6.4, 0.92, 1.84, 4.00, 0.71, 1.54, 4.95, 2.07, 5.81, 14.35, 0.164703, 2.58519
No.150: 0.125673, 10.5, 6.1, 6.4, 4.7, 7.6, 5.4, 4.5, 6.4, 0.92, 1.84, 4.01, 0.71, 1.54, 4.94, 2.07, 5.81, 14.34, 0.165915, 2.58519
No.151: 0.125592, 10.5, 6.2, 6.4, 4.7, 7.6, 5.4, 4.5, 6.4, 0.92, 1.84, 4.00, 0.71, 1.54, 4.95, 2.07, 5.81, 14.34, 0.164701, 2.58519
No.152: 0.125585, 10.5, 6.2, 6.4, 4.7, 7.6, 5.4, 4.5, 6.4, 0.92, 1.84, 4.01, 0.71, 1.54, 4.95, 2.07, 5.81, 14.35, 0.164715, 2.58519
No.153: 0.125669, 10.6, 6.1, 6.4, 4.7, 7.6, 5.4, 4.5, 6.4, 0.92, 1.84, 4.01, 0.71, 1.54, 4.95, 2.07, 5.81, 14.35, 0.165879, 2.58519
No.154: 0.125592, 10.5, 6.2, 6.4, 4.7, 7.6, 5.4, 4.5, 6.4, 0.92, 1.84, 4.00, 0.71, 1.54, 4.95, 2.07, 5.81, 14.34, 0.164701, 2.58519
No.155: 0.125585, 10.5, 6.2, 6.4, 4.7, 7.6, 5.4, 4.5, 6.4, 0.92, 1.84, 4.01, 0.71, 1.54, 4.95, 2.07, 5.81, 14.34, 0.164715, 2.58519
No.156: 0.125592, 10.5, 6.2, 6.4, 4.7, 7.6, 5.4, 4.5, 6.4, 0.92, 1.84, 4.00, 0.71, 1.54, 4.95, 2.07, 5.81, 14.34, 0.164701, 2.58519
No.157: 0.125585, 10.5, 6.2, 6.4, 4.7, 7.6, 5.4, 4.5, 6.4, 0.92, 1.84, 4.01, 0.71, 1.54, 4.95, 2.07, 5.81, 14.34, 0.164715, 2.58519
No.158: 0.125623, 10.6, 6.2, 6.4, 4.7, 7.6, 5.4, 4.5, 6.4, 0.92, 1.84, 4.01, 0.71, 1.54, 4.95, 2.07, 5.81, 14.34, 0.164702, 2.58519
No.159: 0.125585, 10.5, 6.2, 6.4, 4.7, 7.6, 5.4, 4.5, 6.4, 0.92, 1.84, 4.01, 0.71, 1.54, 4.95, 2.07, 5.81, 14.35, 0.164715, 2.58519
No.160: 0.125684, 10.5, 6.1, 6.4, 4.7, 7.6, 5.4, 4.5, 6.4, 0.92, 1.84, 4.00, 0.71, 1.54, 4.95, 2.07, 5.81, 14.34, 0.165918, 2.58519
No.161: 0.125585, 10.5, 6.2, 6.4, 4.7, 7.6, 5.4, 4.5, 6.4, 0.92, 1.84, 4.01, 0.71, 1.54, 4.95, 2.07, 5.81, 14.35, 0.164715, 2.58519
No.162: 0.125592, 10.5, 6.2, 6.4, 4.7, 7.6, 5.4, 4.5, 6.4, 0.92, 1.84, 4.00, 0.71, 1.54, 4.95, 2.07, 5.81, 14.34, 0.164701, 2.58519
No.163: 0.125585, 10.5, 6.2, 6.4, 4.7, 7.6, 5.4, 4.5, 6.4, 0.92, 1.84, 4.01, 0.71, 1.54, 4.95, 2.07, 5.81, 14.34, 0.164715, 2.58519
No.164: 0.125585, 10.5, 6.2, 6.4, 4.7, 7.6, 5.4, 4.5, 6.4, 0.92, 1.84, 4.01, 0.71, 1.54, 4.95, 2.07, 5.81, 14.34, 0.164715, 2.58519
No.165: 0.125585, 10.5, 6.2, 6.4, 4.7, 7.6, 5.4, 4.5, 6.4, 0.92, 1.84, 4.01, 0.71, 1.54, 4.95, 2.07, 5.81, 14.34, 0.164715, 2.58519
No.166: 0.125585, 10.5, 6.2, 6.4, 4.7, 7.6, 5.4, 4.5, 6.4, 0.92, 1.84, 4.01, 0.71, 1.54, 4.95, 2.07, 5.81, 14.34, 0.164715, 2.58519
No.167: 0.125585, 10.5, 6.2, 6.4, 4.7, 7.6, 5.4, 4.5, 6.4, 0.92, 1.84, 4.01, 0.71, 1.54, 4.95, 2.07, 5.81, 14.34, 0.164715, 2.58519
No.168: 0.125585, 10.5, 6.2, 6.4, 4.7, 7.6, 5.4, 4.5, 6.4, 0.92, 1.84, 4.01, 0.71, 1.54, 4.95, 2.07, 5.81, 14.34, 0.164715, 2.58519
No.169: 0.125585, 10.5, 6.2, 6.4, 4.7, 7.6, 5.4, 4.5, 6.4, 0.92, 1.84, 4.01, 0.71, 1.54, 4.95, 2.07, 5.81, 14.34, 0.164715, 2.58519
No.170: 0.125592, 10.5, 6.2, 6.4, 4.7, 7.6, 5.4, 4.5, 6.4, 0.92, 1.84, 4.00, 0.71, 1.54, 4.95, 2.07, 5.81, 14.34, 0.164701, 2.58519
No.171: 0.125585, 10.5, 6.2, 6.4, 4.7, 7.6, 5.4, 4.5, 6.4, 0.92, 1.84, 4.01, 0.71, 1.54, 4.95, 2.07, 5.81, 14.34, 0.164715, 2.58519
No.172: 0.125585, 10.5, 6.2, 6.4, 4.7, 7.6, 5.4, 4.5, 6.4, 0.92, 1.84, 4.01, 0.71, 1.54, 4.95, 2.07, 5.81, 14.34, 0.164715, 2.58519
No.173: 0.125592, 10.5, 6.2, 6.4, 4.7, 7.6, 5.4, 4.5, 6.4, 0.92, 1.84, 4.00, 0.71, 1.54, 4.95, 2.07, 5.81, 14.34, 0.164701, 2.58519
No.174: 0.125585, 10.5, 6.2, 6.4, 4.7, 7.6, 5.4, 4.5, 6.4, 0.92, 1.84, 4.01, 0.71, 1.54, 4.95, 2.07, 5.81, 14.34, 0.164715, 2.58519
No.175: 0.125592, 10.5, 6.2, 6.4, 4.7, 7.6, 5.4, 4.5, 6.4, 0.92, 1.84, 4.00, 0.71, 1.54, 4.95, 2.07, 5.81, 14.34, 0.164701, 2.58519
No.176: 0.125592, 10.5, 6.2, 6.4, 4.7, 7.6, 5.4, 4.5, 6.4, 0.92, 1.84, 4.00, 0.71, 1.54, 4.95, 2.07, 5.81, 14.34, 0.164701, 2.58519
No.177: 0.125585, 10.5, 6.2, 6.4, 4.7, 7.6, 5.4, 4.5, 6.4, 0.92, 1.84, 4.01, 0.71, 1.54, 4.95, 2.07, 5.81, 14.34, 0.164715, 2.58519
No.178: 0.125585, 10.5, 6.2, 6.4, 4.7, 7.6, 5.4, 4.5, 6.4, 0.92, 1.84, 4.01, 0.71, 1.54, 4.95, 2.07, 5.81, 14.34, 0.164715, 2.58519
No.179: 0.125585, 10.5, 6.2, 6.4, 4.7, 7.6, 5.4, 4.5, 6.4, 0.92, 1.84, 4.01, 0.71, 1.54, 4.95, 2.07, 5.81, 14.34, 0.164715, 2.58519
No.180: 0.125585, 10.5, 6.2, 6.4, 4.7, 7.6, 5.4, 4.5, 6.4, 0.92, 1.84, 4.01, 0.71, 1.54, 4.95, 2.07, 5.81, 14.34, 0.164715, 2.58519
No.181: 0.125585, 10.5, 6.2, 6.4, 4.7, 7.6, 5.4, 4.5, 6.4, 0.92, 1.84, 4.01, 0.71, 1.54, 4.95, 2.07, 5.81, 14.34, 0.164715, 2.58519
No.182: 0.125585, 10.5, 6.2, 6.4, 4.7, 7.6, 5.4, 4.5, 6.4, 0.92, 1.84, 4.01, 0.71, 1.54, 4.95, 2.07, 5.81, 14.34, 0.164715, 2.58519
No.183: 0.125585, 10.5, 6.2, 6.4, 4.7, 7.6, 5.4, 4.5, 6.4, 0.92, 1.84, 4.01, 0.71, 1.54, 4.95, 2.07, 5.81, 14.34, 0.164715, 2.58519
No.184: 0.125585, 10.5, 6.2, 6.4, 4.7, 7.6, 5.4, 4.5, 6.4, 0.92, 1.84, 4.01, 0.71, 1.54, 4.95, 2.07, 5.81, 14.34, 0.164715, 2.58519
No.185: 0.125585, 10.5, 6.2, 6.4, 4.7, 7.6, 5.4, 4.5, 6.4, 0.92, 1.84, 4.01, 0.71, 1.54, 4.95, 2.07, 5.81, 14.34, 0.164715, 2.58519
No.186: 0.125585, 10.5, 6.2, 6.4, 4.7, 7.6, 5.4, 4.5, 6.4, 0.92, 1.84, 4.01, 0.71, 1.54, 4.95, 2.07, 5.81, 14.34, 0.164715, 2.58519
No.187: 0.125585, 10.5, 6.2, 6.4, 4.7, 7.6, 5.4, 4.5, 6.4, 0.92, 1.84, 4.01, 0.71, 1.54, 4.95, 2.07, 5.81, 14.34, 0.164715, 2.58519
No.188: 0.125585, 10.5, 6.2, 6.4, 4.7, 7.6, 5.4, 4.5, 6.4, 0.92, 1.84, 4.01, 0.71, 1.54, 4.95, 2.07, 5.81, 14.34, 0.164715, 2.58519
No.189: 0.125585, 10.5, 6.2, 6.4, 4.7, 7.6, 5.4, 4.5, 6.4, 0.92, 1.84, 4.01, 0.71, 1.54, 4.95, 2.07, 5.81, 14.34, 0.164715, 2.58519
No.190: 0.125585, 10.5, 6.2, 6.4, 4.7, 7.6, 5.4, 4.5, 6.4, 0.92, 1.84, 4.01, 0.71, 1.54, 4.95, 2.07, 5.81, 14.34, 0.164715, 2.58519
No.191: 0.125585, 10.5, 6.2, 6.4, 4.7, 7.6, 5.4, 4.5, 6.4, 0.92, 1.84, 4.01, 0.71, 1.54, 4.95, 2.07, 5.81, 14.34, 0.164715, 2.58519
No.192: 0.125585, 10.5, 6.2, 6.4, 4.7, 7.6, 5.4, 4.5, 6.4, 0.92, 1.84, 4.01, 0.71, 1.54, 4.95, 2.07, 5.81, 14.34, 0.164715, 2.58519
No.193: 0.125585, 10.5, 6.2, 6.4, 4.7, 7.6, 5.4, 4.5, 6.4, 0.92, 1.84, 4.01, 0.71, 1.54, 4.95, 2.07, 5.81, 14.34, 0.164715, 2.58519
No.194: 0.125585, 10.5, 6.2, 6.4, 4.7, 7.6, 5.4, 4.5, 6.4, 0.92, 1.84, 4.01, 0.71, 1.54, 4.95, 2.07, 5.81, 14.34, 0.164715, 2.58519
No.195: 0.125585, 10.5, 6.2, 6.4, 4.7, 7.6, 5.4, 4.5, 6.4, 0.92, 1.84, 4.01, 0.71, 1.54, 4.95, 2.07, 5.81, 14.34, 0.164715, 2.58519
No.196: 0.125585, 10.5, 6.2, 6.4, 4.7, 7.6, 5.4, 4.5, 6.4, 0.92, 1.84, 4.01, 0.71, 1.54, 4.95, 2.07, 5.81, 14.34, 0.164715, 2.58519
No.197: 0.125585, 10.5, 6.2, 6.4, 4.7, 7.6, 5.4, 4.5, 6.4, 0.92, 1.84, 4.01, 0.71, 1.54, 4.95, 2.07, 5.81, 14.34, 0.164715, 2.58519
No.198: 0.125585, 10.5, 6.2, 6.4, 4.7, 7.6, 5.4, 4.5, 6.4, 0.92, 1.84, 4.01, 0.71, 1.54, 4.95, 2.07, 5.81, 14.34, 0.164715, 2.58519
No.199: 0.125585, 10.5, 6.2, 6.4, 4.7, 7.6, 5.4, 4.5, 6.4, 0.92, 1.84, 4.01, 0.71, 1.54, 4.95, 2.07, 5.81, 14.34, 0.164715, 2.58519
No.200: 0.125585, 10.5, 6.2, 6.4, 4.7, 7.6, 5.4, 4.5, 6.4, 0.92, 1.84, 4.01, 0.71, 1.54, 4.95, 2.07, 5.81, 14.34, 0.164715, 2.58519
No.201: 0.125585, 10.5, 6.2, 6.4, 4.7, 7.6, 5.4, 4.5, 6.4, 0.92, 1.84, 4.01, 0.71, 1.54, 4.95, 2.07, 5.81, 14.34, 0.164715, 2.58519
No.202: 0.125585, 10.5, 6.2, 6.4, 4.7, 7.6, 5.4, 4.5, 6.4, 0.92, 1.84, 4.01, 0.71, 1.54, 4.95, 2.07, 5.81, 14.34, 0.164715, 2.58519
No.203: 0.125585, 10.5, 6.2, 6.4, 4.7, 7.6, 5.4, 4.5, 6.4, 0.92, 1.84, 4.01, 0.71, 1.54, 4.95, 2.07, 5.81, 14.34, 0.164715, 2.58519
No.204: 0.125585, 10.5, 6.2, 6.4, 4.7, 7.6, 5.4, 4.5, 6.4, 0.92, 1.84, 4.01, 0.71, 1.54, 4.95, 2.07, 5.81, 14.34, 0.164715, 2.58519
No.205: 0.125585, 10.5, 6.2, 6.4, 4.7, 7.6, 5.4, 4.5, 6.4, 0.92, 1.84, 4.01, 0.71, 1.54, 4.95, 2.07, 5.81, 14.34, 0.164715, 2.58519
No.206: 0.125585, 10.5, 6.2, 6.4, 4.7, 7.6, 5.4, 4.5, 6.4, 0.92, 1.84, 4.01, 0.71, 1.54, 4.95, 2.07, 5.81, 14.34, 0.164715, 2.58519
No.207: 0.125585, 10.5, 6.2, 6.4, 4.7, 7.6, 5.4, 4.5, 6.4, 0.92, 1.84, 4.01, 0.71, 1.54, 4.95, 2.07, 5.81, 14.34, 0.164715, 2.58519
No.208: 0.125585, 10.5, 6.2, 6.4, 4.7, 7.6, 5.4, 4.5, 6.4, 0.92, 1.84, 4.01, 0.71, 1.54, 4.95, 2.07, 5.81, 14.34, 0.164715, 2.58519
No.209: 0.125585, 10.5, 6.2, 6.4, 4.7, 7.6, 5.4, 4.5, 6.4, 0.92, 1.84, 4.01, 0.71, 1.54, 4.95, 2.07, 5.81, 14.34, 0.164715, 2.58519
No.210: 0.125585, 10.5, 6.2, 6.4, 4.7, 7.6, 5.4, 4.5, 6.4, 0.92, 1.84, 4.01, 0.71, 1.54, 4.95, 2.07, 5.81, 14.34, 0.164715, 2.58519
No.211: 0.125585, 10.5, 6.2, 6.4, 4.7, 7.6, 5.4, 4.5, 6.4, 0.92, 1.84, 4.01, 0.71, 1.54, 4.95, 2.07, 5.81, 14.34, 0.164715, 2.58519
No.212: 0.125585, 10.5, 6.2, 6.4, 4.7, 7.6, 5.4, 4.5, 6.4, 0.92, 1.84, 4.01, 0.71, 1.54, 4.95, 2.07, 5.81, 14.34, 0.164715, 2.58519
No.213: 0.125585, 10.5, 6.2, 6.4, 4.7, 7.6, 5.4, 4.5, 6.4, 0.92, 1.84, 4.01, 0.71, 1.54, 4.95, 2.07, 5.81, 14.34, 0.164715, 2.58519
No.214: 0.125585, 10.5, 6.2, 6.4, 4.7, 7.6, 5.4, 4.5, 6.4, 0.92, 1.84, 4.01, 0.71, 1.54, 4.95, 2.07, 5.81, 14.34, 0.164715, 2.58519
No.215: 0.125585, 10.5, 6.2, 6.4, 4.7, 7.6, 5.4, 4.5, 6.4, 0.92, 1.84, 4.01, 0.71, 1.54, 4.95, 2.07, 5.81, 14.34, 0.164715, 2.58519
No.216: 0.125585, 10.5, 6.2, 6.4, 4.7, 7.6, 5.4, 4.5, 6.4, 0.92, 1.84, 4.01, 0.71, 1.54, 4.95, 2.07, 5.81, 14.34, 0.164715, 2.58519
No.217: 0.125585, 10.5, 6.2, 6.4, 4.7, 7.6, 5.4, 4.5, 6.4, 0.92, 1.84, 4.01, 0.71, 1.54, 4.95, 2.07, 5.81, 14.34, 0.164715, 2.58519
No.218: 0.125585, 10.5, 6.2, 6.4, 4.7, 7.6, 5.4, 4.5, 6.4, 0.92, 1.84, 4.01, 0.71, 1.54, 4.95, 2.07, 5.81, 14.34, 0.164715, 2.58519
No.219: 0.125585, 10.5, 6.2, 6.4, 4.7, 7.6, 5.4, 4.5, 6.4, 0.92, 1.84, 4.01, 0.71, 1.54, 4.95, 2.07, 5.81, 14.34, 0.164715, 2.58519
No.220: 0.125585, 10.5, 6.2, 6.4, 4.7, 7.6, 5.4, 4.5, 6.4, 0.92, 1.84, 4.01, 0.71, 1.54, 4.95, 2.07, 5.81, 14.34, 0.164715, 2.58519
No.221: 0.125585, 10.5, 6.2, 6.4, 4.7, 7.6, 5.4, 4.5, 6.4, 0.92, 1.84, 4.01, 0.71, 1.54, 4.95, 2.07, 5.81, 14.34, 0.164715, 2.58519
No.222: 0.125585, 10.5, 6.2, 6.4, 4.7, 7.6, 5.4, 4.5, 6.4, 0.92, 1.84, 4.01, 0.71, 1.54, 4.95, 2.07, 5.81, 14.34, 0.164715, 2.58519
No.223: 0.125585, 10.5, 6.2, 6.4, 4.7, 7.6, 5.4, 4.5, 6.4, 0.92, 1.84, 4.01, 0.71, 1.54, 4.95, 2.07, 5.81, 14.34, 0.164715, 2.58519
No.224: 0.125585, 10.5, 6.2, 6.4, 4.7, 7.6, 5.4, 4.5, 6.4, 0.92, 1.84, 4.01, 0.71, 1.54, 4.95, 2.07, 5.81, 14.34, 0.164715, 2.58519
No.225: 0.125585, 10.5, 6.2, 6.4, 4.7, 7.6, 5.4, 4.5, 6.4, 0.92, 1.84, 4.01, 0.71, 1.54, 4.95, 2.07, 5.81, 14.34, 0.164715, 2.58519
No.226: 0.125585, 10.5, 6.2, 6.4, 4.7, 7.6, 5.4, 4.5, 6.4, 0.92, 1.84, 4.01, 0.71, 1.54, 4.95, 2.07, 5.81, 14.34, 0.164715, 2.58519
No.227: 0.125585, 10.5, 6.2, 6.4, 4.7, 7.6, 5.4, 4.5, 6.4, 0.92, 1.84, 4.01, 0.71, 1.54, 4.95, 2.07, 5.81, 14.34, 0.164715, 2.58519
No.228: 0.125585, 10.5, 6.2, 6.4, 4.7, 7.6, 5.4, 4.5, 6.4, 0.92, 1.84, 4.01, 0.71, 1.54, 4.95, 2.07, 5.81, 14.34, 0.164715, 2.58519
No.229: 0.125585, 10.5, 6.2, 6.4, 4.7, 7.6, 5.4, 4.5, 6.4, 0.92, 1.84, 4.01, 0.71, 1.54, 4.95, 2.07, 5.81, 14.34, 0.164715, 2.58519
No.230: 0.125585, 10.5, 6.2, 6.4, 4.7, 7.6, 5.4, 4.5, 6.4, 0.92, 1.84, 4.01, 0.71, 1.54, 4.95, 2.07, 5.81, 14.34, 0.164715, 2.58519
No.231: 0.125585, 10.5, 6.2, 6.4, 4.7, 7.6, 5.4, 4.5, 6.4, 0.92, 1.84, 4.01, 0.71, 1.54, 4.95, 2.07, 5.81, 14.34, 0.164715, 2.58519
No.232: 0.125585, 10.5, 6.2, 6.4, 4.7, 7.6, 5.4, 4.5, 6.4, 0.92, 1.84, 4.01, 0.71, 1.54, 4.95, 2.07, 5.81, 14.34, 0.164715, 2.58519
No.233: 0.125585, 10.5, 6.2, 6.4, 4.7, 7.6, 5.4, 4.5, 6.4, 0.92, 1.84, 4.01, 0.71, 1.54, 4.95, 2.07, 5.81, 14.34, 0.164715, 2.58519
No.234: 0.125585, 10.5, 6.2, 6.4, 4.7, 7.6, 5.4, 4.5, 6.4, 0.92, 1.84, 4.01, 0.71, 1.54, 4.95, 2.07, 5.81, 14.34, 0.164715, 2.58519
No.235: 0.125585, 10.5, 6.2, 6.4, 4.7, 7.6, 5.4, 4.5, 6.4, 0.92, 1.84, 4.01, 0.71, 1.54, 4.95, 2.07, 5.81, 14.34, 0.164715, 2.58519
No.236: 0.125585, 10.5, 6.2, 6.4, 4.7, 7.6, 5.4, 4.5, 6.4, 0.92, 1.84, 4.01, 0.71, 1.54, 4.95, 2.07, 5.81, 14.34, 0.164715, 2.58519
No.237: 0.125585, 10.5, 6.2, 6.4, 4.7, 7.6, 5.4, 4.5, 6.4, 0.92, 1.84, 4.01, 0.71, 1.54, 4.95, 2.07, 5.81, 14.34, 0.164715, 2.58519
No.238: 0.125585, 10.5, 6.2, 6.4, 4.7, 7.6, 5.4, 4.5, 6.4, 0.92, 1.84, 4.01, 0.71, 1.54, 4.95, 2.07, 5.81, 14.34, 0.164715, 2.58519
No.239: 0.125585, 10.5, 6.2, 6.4, 4.7, 7.6, 5.4, 4.5, 6.4, 0.92, 1.84, 4.01, 0.71, 1.54, 4.95, 2.07, 5.81, 14.34, 0.164715, 2.58519
No.240: 0.125585, 10.5, 6.2, 6.4, 4.7, 7.6, 5.4, 4.5, 6.4, 0.92, 1.84, 4.01, 0.71, 1.54, 4.95, 2.07, 5.81, 14.34, 0.164715, 2.58519
No.241: 0.125585, 10.5, 6.2, 6.4, 4.7, 7.6, 5.4, 4.5, 6.4, 0.92, 1.84, 4.01, 0.71, 1.54, 4.95, 2.07, 5.81, 14.34, 0.164715, 2.58519
No.242: 0.125585, 10.5, 6.2, 6.4, 4.7, 7.6, 5.4, 4.5, 6.4, 0.92, 1.84, 4.01, 0.71, 1.54, 4.95, 2.07, 5.81, 14.34, 0.164715, 2.58519
No.243: 0.125585, 10.5, 6.2, 6.4, 4.7, 7.6, 5.4, 4.5, 6.4, 0.92, 1.84, 4.01, 0.71, 1.54, 4.95, 2.07, 5.81, 14.34, 0.164715, 2.58519
No.244: 0.125585, 10.5, 6.2, 6.4, 4.7, 7.6, 5.4, 4.5, 6.4, 0.92, 1.84, 4.01, 0.71, 1.54, 4.95, 2.07, 5.81, 14.34, 0.164715, 2.58519
No.245: 0.125585, 10.5, 6.2, 6.4, 4.7, 7.6, 5.4, 4.5, 6.4, 0.92, 1.84, 4.01, 0.71, 1.54, 4.95, 2.07, 5.81, 14.34, 0.164715, 2.58519
No.246: 0.125585, 10.5, 6.2, 6.4, 4.7, 7.6, 5.4, 4.5, 6.4, 0.92, 1.84, 4.01, 0.71, 1.54, 4.95, 2.07, 5.81, 14.34, 0.164715, 2.58519
No.247: 0.125585, 10.5, 6.2, 6.4, 4.7, 7.6, 5.4, 4.5, 6.4, 0.92, 1.84, 4.01, 0.71, 1.54, 4.95, 2.07, 5.81, 14.34, 0.164715, 2.58519
No.248: 0.125585, 10.5, 6.2, 6.4, 4.7, 7.6, 5.4, 4.5, 6.4, 0.92, 1.84, 4.01, 0.71, 1.54, 4.95, 2.07, 5.81, 14.34, 0.164715, 2.58519
No.249: 0.125585, 10.5, 6.2, 6.4, 4.7, 7.6, 5.4, 4.5, 6.4, 0.92, 1.84, 4.01, 0.71, 1.54, 4.95, 2.07, 5.81, 14.34, 0.164715, 2.58519
No.250: 0.125585, 10.5, 6.2, 6.4, 4.7, 7.6, 5.4, 4.5, 6.4, 0.92, 1.84, 4.01, 0.71, 1.54, 4.95, 2.07, 5.81, 14.34, 0.164715, 2.58519
No.251: 0.125585, 10.5, 6.2, 6.4, 4.7, 7.6, 5.4, 4.5, 6.4, 0.92, 1.84, 4.01, 0.71, 1.54, 4.95, 2.07, 5.81, 14.34, 0.164715, 2.58519
No.252: 0.125585, 10.5, 6.2, 6.4, 4.7, 7.6, 5.4, 4.5, 6.4, 0.92, 1.84, 4.01, 0.71, 1.54, 4.95, 2.07, 5.81, 14.34, 0.164715, 2.58519
No.253: 0.125585, 10.5, 6.2, 6.4, 4.7, 7.6, 5.4, 4.5, 6.4, 0.92, 1.84, 4.01, 0.71, 1.54, 4.95, 2.07, 5.81, 14.34, 0.164715, 2.58519
No.254: 0.125585, 10.5, 6.2, 6.4, 4.7, 7.6, 5.4, 4.5, 6.4, 0.92, 1.84, 4.01, 0.71, 1.54, 4.95, 2.07, 5.81, 14.34, 0.164715, 2.58519
No.255: 0.125585, 10.5, 6.2, 6.4, 4.7, 7.6, 5.4, 4.5, 6.4, 0.92, 1.84, 4.01, 0.71, 1.54, 4.95, 2.07, 5.81, 14.34, 0.164715, 2.58519
No.256: 0.125585, 10.5, 6.2, 6.4, 4.7, 7.6, 5.4, 4.5, 6.4, 0.92, 1.84, 4.01, 0.71, 1.54, 4.95, 2.07, 5.81, 14.34, 0.164715, 2.58519
No.257: 0.125585, 10.5, 6.2, 6.4, 4.7, 7.6, 5.4, 4.5, 6.4, 0.92, 1.84, 4.01, 0.71, 1.54, 4.95, 2.07, 5.81, 14.34, 0.164715, 2.58519
No.258: 0.125585, 10.5, 6.2, 6.4, 4.7, 7.6, 5.4, 4.5, 6.4, 0.92, 1.84, 4.01, 0.71, 1.54, 4.95, 2.07, 5.81, 14.34, 0.164715, 2.58519
No.259: 0.125585, 10.5, 6.2, 6.4, 4.7, 7.6, 5.4, 4.5, 6.4, 0.92, 1.84, 4.01, 0.71, 1.54, 4.95, 2.07, 5.81, 14.34, 0.164715, 2.58519
No.260: 0.125585, 10.5, 6.2, 6.4, 4.7, 7.6, 5.4, 4.5, 6.4, 0.92, 1.84, 4.01, 0.71, 1.54, 4.95, 2.07, 5.81, 14.34, 0.164715, 2.58519
No.261: 0.125585, 10.5, 6.2, 6.4, 4.7, 7.6, 5.4, 4.5, 6.4, 0.92, 1.84, 4.01, 0.71, 1.54, 4.95, 2.07, 5.81, 14.34, 0.164715, 2.58519
No.262: 0.125585, 10.5, 6.2, 6.4, 4.7, 7.6, 5.4, 4.5, 6.4, 0.92, 1.84, 4.01, 0.71, 1.54, 4.95, 2.07, 5.81, 14.34, 0.164715, 2.58519
No.263: 0.125585, 10.5, 6.2, 6.4, 4.7, 7.6, 5.4, 4.5, 6.4, 0.92, 1.84, 4.01, 0.71, 1.54, 4.95, 2.07, 5.81, 14.34, 0.164715, 2.58519
No.264: 0.125585, 10.5, 6.2, 6.4, 4.7, 7.6, 5.4, 4.5, 6.4, 0.92, 1.84, 4.01, 0.71, 1.54, 4.95, 2.07, 5.81, 14.34, 0.164715, 2.58519
No.265: 0.125585, 10.5, 6.2, 6.4, 4.7, 7.6, 5.4, 4.5, 6.4, 0.92, 1.84, 4.01, 0.71, 1.54, 4.95, 2.07, 5.81, 14.34, 0.164715, 2.58519
No.266: 0.125585, 10.5, 6.2, 6.4, 4.7, 7.6, 5.4, 4.5, 6.4, 0.92, 1.84, 4.01, 0.71, 1.54, 4.95, 2.07, 5.81, 14.34, 0.164715, 2.58519
No.267: 0.125585, 10.5, 6.2, 6.4, 4.7, 7.6, 5.4, 4.5, 6.4, 0.92, 1.84, 4.01, 0.71, 1.54, 4.95, 2.07, 5.81, 14.34, 0.164715, 2.58519
No.268: 0.125585, 10.5, 6.2, 6.4, 4.7, 7.6, 5.4, 4.5, 6.4, 0.92, 1.84, 4.01, 0.71, 1.54, 4.95, 2.07, 5.81, 14.34, 0.164715, 2.58519
No.269: 0.125585, 10.5, 6.2, 6.4, 4.7, 7.6, 5.4, 4.5, 6.4, 0.92, 1.84, 4.01, 0.71, 1.54, 4.95, 2.07, 5.81, 14.34, 0.164715, 2.58519
No.270: 0.125585, 10.5, 6.2, 6.4, 4.7, 7.6, 5.4, 4.5, 6.4, 0.92, 1.84, 4.01, 0.71, 1.54, 4.95, 2.07, 5.81, 14.34, 0.164715, 2.58519
No.271: 0.125585, 10.5, 6.2, 6.4, 4.7, 7.6, 5.4, 4.5, 6.4, 0.92, 1.84, 4.01, 0.71, 1.54, 4.95, 2.07, 5.81, 14.34, 0.164715, 2.58519
No.272: 0.125585, 10.5, 6.2, 6.4, 4.7, 7.6, 5.4, 4.5, 6.4, 0.92, 1.84, 4.01, 0.71, 1.54, 4.95, 2.07, 5.81, 14.34, 0.164715, 2.58519
No.273: 0.125585, 10.5, 6.2, 6.4, 4.7, 7.6, 5.4, 4.5, 6.4, 0.92, 1.84, 4.01, 0.71, 1.54, 4.95, 2.07, 5.81, 14.34, 0.164715, 2.58519
No.274: 0.125585, 10.5, 6.2, 6.4, 4.7, 7.6, 5.4, 4.5, 6.4, 0.92, 1.84, 4.01, 0.71, 1.54, 4.95, 2.07, 5.81, 14.34, 0.164715, 2.58519
No.275: 0.125585, 10.5, 6.2, 6.4, 4.7, 7.6, 5.4, 4.5, 6.4, 0.92, 1.84, 4.01, 0.71, 1.54, 4.95, 2.07, 5.81, 14.34, 0.164715, 2.58519
No.276: 0.125585, 10.5, 6.2, 6.4, 4.7, 7.6, 5.4, 4.5, 6.4, 0.92, 1.84, 4.01, 0.71, 1.54, 4.95, 2.07, 5.81, 14.34, 0.164715, 2.58519
No.277: 0.125585, 10.5, 6.2, 6.4, 4.7, 7.6, 5.4, 4.5, 6.4, 0.92, 1.84, 4.01, 0.71, 1.54, 4.95, 2.07, 5.81, 14.34, 0.164715, 2.58519
No.278: 0.125585, 10.5, 6.2, 6.4, 4.7, 7.6, 5.4, 4.5, 6.4, 0.92, 1.84, 4.01, 0.71, 1.54, 4.95, 2.07, 5.81, 14.34, 0.164715, 2.58519
No.279: 0.125585, 10.5, 6.2, 6.4, 4.7, 7.6, 5.4, 4.5, 6.4, 0.92, 1.84, 4.01, 0.71, 1.54, 4.95, 2.07, 5.81, 14.34, 0.164715, 2.58519
No.280: 0.125585, 10.5, 6.2, 6.4, 4.7, 7.6, 5.4, 4.5, 6.4, 0.92, 1.84, 4.01, 0.71, 1.54, 4.95, 2.07, 5.81, 14.34, 0.164715, 2.58519
No.281: 0.125585, 10.5, 6.2, 6.4, 4.7, 7.6, 5.4, 4.5, 6.4, 0.92, 1.84, 4.01, 0.71, 1.54, 4.95, 2.07, 5.81, 14.34, 0.164715, 2.58519
No.282: 0.125585, 10.5, 6.2, 6.4, 4.7, 7.6, 5.4, 4.5, 6.4, 0.92, 1.84, 4.01, 0.71, 1.54, 4.95, 2.07, 5.81, 14.34, 0.164715, 2.58519
No.283: 0.125585, 10.5, 6.2, 6.4, 4.7, 7.6, 5.4, 4.5, 6.4, 0.92, 1.84, 4.01, 0.71, 1.54, 4.95, 2.07, 5.81, 14.34, 0.164715, 2.58519
No.284: 0.125585, 10.5, 6.2, 6.4, 4.7, 7.6, 5.4, 4.5, 6.4, 0.92, 1.84, 4.01, 0.71, 1.54, 4.95, 2.07, 5.81, 14.34, 0.164715, 2.58519
No.285: 0.125585, 10.5, 6.2, 6.4, 4.7, 7.6, 5.4, 4.5, 6.4, 0.92, 1.84, 4.01, 0.71, 1.54, 4.95, 2.07, 5.81, 14.34, 0.164715, 2.58519
No.286: 0.125585, 10.5, 6.2, 6.4, 4.7, 7.6, 5.4, 4.5, 6.4, 0.92, 1.84, 4.01, 0.71, 1.54, 4.95, 2.07, 5.81, 14.34, 0.164715, 2.58519
No.287: 0.125585, 10.5, 6.2, 6.4, 4.7, 7.6, 5.4, 4.5, 6.4, 0.92, 1.84, 4.01, 0.71, 1.54, 4.95, 2.07, 5.81, 14.34, 0.164715, 2.58519
No.288: 0.125585, 10.5, 6.2, 6.4, 4.7, 7.6, 5.4, 4.5, 6.4, 0.92, 1.84, 4.01, 0.71, 1.54, 4.95, 2.07, 5.81, 14.34, 0.164715, 2.58519
No.289: 0.125585, 10.5, 6.2, 6.4, 4.7, 7.6, 5.4, 4.5, 6.4, 0.92, 1.84, 4.01, 0.71, 1.54, 4.95, 2.07, 5.81, 14.34, 0.164715, 2.58519
No.290: 0.125585, 10.5, 6.2, 6.4, 4.7, 7.6, 5.4, 4.5, 6.4, 0.92, 1.84, 4.01, 0.71, 1.54, 4.95, 2.07, 5.81, 14.34, 0.164715, 2.58519
No.291: 0.125585, 10.5, 6.2, 6.4, 4.7, 7.6, 5.4, 4.5, 6.4, 0.92, 1.84, 4.01, 0.71, 1.54, 4.95, 2.07, 5.81, 14.34, 0.164715, 2.58519
No.292: 0.125585, 10.5, 6.2, 6.4, 4.7, 7.6, 5.4, 4.5, 6.4, 0.92, 1.84, 4.01, 0.71, 1.54, 4.95, 2.07, 5.81, 14.34, 0.164715, 2.58519
No.293: 0.125585, 10.5, 6.2, 6.4, 4.7, 7.6, 5.4, 4.5, 6.4, 0.92, 1.84, 4.01, 0.71, 1.54, 4.95, 2.07, 5.81, 14.34, 0.164715, 2.58519
No.294: 0.125585, 10.5, 6.2, 6.4, 4.7, 7.6, 5.4, 4.5, 6.4, 0.92, 1.84, 4.01, 0.71, 1.54, 4.95, 2.07, 5.81, 14.34, 0.164715, 2.58519
No.295: 0.125585, 10.5, 6.2, 6.4, 4.7, 7.6, 5.4, 4.5, 6.4, 0.92, 1.84, 4.01, 0.71, 1.54, 4.95, 2.07, 5.81, 14.34, 0.164715, 2.58519
No.296: 0.125585, 10.5, 6.2, 6.4, 4.7, 7.6, 5.4, 4.5, 6.4, 0.92, 1.84, 4.01, 0.71, 1.54, 4.95, 2.07, 5.81, 14.34, 0.164715, 2.58519
No.297: 0.125585, 10.5, 6.2, 6.4, 4.7, 7.6, 5.4, 4.5, 6.4, 0.92, 1.84, 4.01, 0.71, 1.54, 4.95, 2.07, 5.81, 14.34, 0.164715, 2.58519
No.298: 0.125585, 10.5, 6.2, 6.4, 4.7, 7.6, 5.4, 4.5, 6.4, 0.92, 1.84, 4.01, 0.71, 1.54, 4.95, 2.07, 5.81, 14.34, 0.164715, 2.58519
No.299: 0.125585, 10.5, 6.2, 6.4, 4.7, 7.6, 5.4, 4.5, 6.4, 0.92, 1.84, 4.01, 0.71, 1.54, 4.95, 2.07, 5.81, 14.34, 0.164715, 2.58519
No.300: 0.125585, 10.5, 6.2, 6.4, 4.7, 7.6, 5.4, 4.5, 6.4, 0.92, 1.84, 4.01, 0.71, 1.54, 4.95, 2.07, 5.81, 14.34, 0.164715, 2.58519
No.301: 0.125585, 10.5, 6.2, 6.4, 4.7, 7.6, 5.4, 4.5, 6.4, 0.92, 1.84, 4.01, 0.71, 1.54, 4.95, 2.07, 5.81, 14.34, 0.164715, 2.58519
No.302: 0.125585, 10.5, 6.2, 6.4, 4.7, 7.6, 5.4, 4.5, 6.4, 0.92, 1.84, 4.01, 0.71, 1.54, 4.95, 2.07, 5.81, 14.34, 0.164715, 2.58519
No.303: 0.125585, 10.5, 6.2, 6.4, 4.7, 7.6, 5.4, 4.5, 6.4, 0.92, 1.84, 4.01, 0.71, 1.54, 4.95, 2.07, 5.81, 14.34, 0.164715, 2.58519
No.304: 0.125585, 10.5, 6.2, 6.4, 4.7, 7.6, 5.4, 4.5, 6.4, 0.92, 1.84, 4.01, 0.71, 1.54, 4.95, 2.07, 5.81, 14.34, 0.164715, 2.58519
No.305: 0.125585, 10.5, 6.2, 6.4, 4.7, 7.6, 5.4, 4.5, 6.4, 0.92, 1.84, 4.01, 0.71, 1.54, 4.95, 2.07, 5.81, 14.34, 0.164715, 2.58519
No.306: 0.125585, 10.5, 6.2, 6.4, 4.7, 7.6, 5.4, 4.5, 6.4, 0.92, 1.84, 4.01, 0.71, 1.54, 4.95, 2.07, 5.81, 14.34, 0.164715, 2.58519
No.307: 0.125585, 10.5, 6.2, 6.4, 4.7, 7.6, 5.4, 4.5, 6.4, 0.92, 1.84, 4.01, 0.71, 1.54, 4.95, 2.07, 5.81, 14.34, 0.164715, 2.58519
No.308: 0.125585, 10.5, 6.2, 6.4, 4.7, 7.6, 5.4, 4.5, 6.4, 0.92, 1.84, 4.01, 0.71, 1.54, 4.95, 2.07, 5.81, 14.34, 0.164715, 2.58519
No.309: 0.125585, 10.5, 6.2, 6.4, 4.7, 7.6, 5.4, 4.5, 6.4, 0.92, 1.84, 4.01, 0.71, 1.54, 4.95, 2.07, 5.81, 14.34, 0.164715, 2.58519
No.310: 0.125585, 10.5, 6.2, 6.4, 4.7, 7.6, 5.4, 4.5, 6.4, 0.92, 1.84, 4.01, 0.71, 1.54, 4.95, 2.07, 5.81, 14.34, 0.164715, 2.58519
No.311: 0.125585, 10.5, 6.2, 6.4, 4.7, 7.6, 5.4, 4.5, 6.4, 0.92, 1.84, 4.01, 0.71, 1.54, 4.95, 2.07, 5.81, 14.34, 0.164715, 2.58519
No.312: 0.125585, 10.5, 6.2, 6.4, 4.7, 7.6, 5.4, 4.5, 6.4, 0.92, 1.84, 4.01, 0.71, 1.54, 4.95, 2.07, 5.81, 14.34, 0.164715, 2.58519
No.313: 0.125585, 10.5, 6.2, 6.4, 4.7, 7.6, 5.4, 4.5, 6.4, 0.92, 1.84, 4.01, 0.71, 1.54, 4.95, 2.07, 5.81, 14.34, 0.164715, 2.58519
No.314: 0.125585, 10.5, 6.2, 6.4, 4.7, 7.6, 5.4, 4.5, 6.4, 0.92, 1.84, 4.01, 0.71, 1.54, 4.95, 2.07, 5.81, 14.34, 0.164715, 2.58519
No.315: 0.125585, 10.5, 6.2, 6.4, 4.7, 7.6, 5.4, 4.5, 6.4, 0.92, 1.84, 4.01, 0.71, 1.54, 4.95, 2.07, 5.81, 14.34, 0.164715, 2.58519
No.316: 0.125585, 10.5, 6.2, 6.4, 4.7, 7.6, 5.4, 4.5, 6.4, 0.92, 1.84, 4.01, 0.71, 1.54, 4.95, 2.07, 5.81, 14.34, 0.164715, 2.58519
No.317: 0.125585, 10.5, 6.2, 6.4, 4.7, 7.6, 5.4, 4.5, 6.4, 0.92, 1.84, 4.01, 0.71, 1.54, 4.95, 2.07, 5.81, 14.34, 0.164715, 2.58519
No.318: 0.125585, 10.5, 6.2, 6.4, 4.7, 7.6, 5.4, 4.5, 6.4, 0.92, 1.84, 4.01, 0.71, 1.54, 4.95, 2.07, 5.81, 14.34, 0.164715, 2.58519
No.319: 0.125585, 10.5, 6.2, 6.4, 4.7, 7.6, 5.4, 4.5, 6.4, 0.92, 1.84, 4.01, 0.71, 1.54, 4.95, 2.07, 5.81, 14.34, 0.164715, 2.58519
No.320: 0.125585, 10.5, 6.2, 6.4, 4.7, 7.6, 5.4, 4.5, 6.4, 0.92, 1.84, 4.01, 0.71, 1.54, 4.95, 2.07, 5.81, 14.34, 0.164715, 2.58519
No.321: 0.125585, 10.5, 6.2, 6.4, 4.7, 7.6, 5.4, 4.5, 6.4, 0.92, 1.84, 4.01, 0.71, 1.54, 4.95, 2.07, 5.81, 14.34, 0.164715, 2.58519
No.322: 0.125585, 10.5, 6.2, 6.4, 4.7, 7.6, 5.4, 4.5, 6.4, 0.92, 1.84, 4.01, 0.71, 1.54, 4.95, 2.07, 5.81, 14.34, 0.164715, 2.58519
No.323: 0.125585, 10.5, 6.2, 6.4, 4.7, 7.6, 5.4, 4.5, 6.4, 0.92, 1.84, 4.01, 0.71, 1.54, 4.95, 2.07, 5.81, 14.34, 0.164715, 2.58519
No.324: 0.125585, 10.5, 6.2, 6.4, 4.7, 7.6, 5.4, 4.5, 6.4, 0.92, 1.84, 4.01, 0.71, 1.54, 4.95, 2.07, 5.81, 14.34, 0.164715, 2.58519
No.325: 0.125585, 10.5, 6.2, 6.4, 4.7, 7.6, 5.4, 4.5, 6.4, 0.92, 1.84, 4.01, 0.71, 1.54, 4.95, 2.07, 5.81, 14.34, 0.164715, 2.58519
No.326: 0.125585, 10.5, 6.2, 6.4, 4.7, 7.6, 5.4, 4.5, 6.4, 0.92, 1.84, 4.01, 0.71, 1.54, 4.95, 2.07, 5.81, 14.34, 0.164715, 2.58519
No.327: 0.125585, 10.5, 6.2, 6.4, 4.7, 7.6, 5.4, 4.5, 6.4, 0.92, 1.84, 4.01, 0.71, 1.54, 4.95, 2.07, 5.81, 14.34, 0.164715, 2.58519
No.328: 0.125585, 10.5, 6.2, 6.4, 4.7, 7.6, 5.4, 4.5, 6.4, 0.92, 1.84, 4.01, 0.71, 1.54, 4.95, 2.07, 5.81, 14.34, 0.164715, 2.58519
No.329: 0.125585, 10.5, 6.2, 6.4, 4.7, 7.6, 5.4, 4.5, 6.4, 0.92, 1.84, 4.01, 0.71, 1.54, 4.95, 2.07, 5.81, 14.34, 0.164715, 2.58519
No.330: 0.125585, 10.5, 6.2, 6.4, 4.7, 7.6, 5.4, 4.5, 6.4, 0.92, 1.84, 4.01, 0.71, 1.54, 4.95, 2.07, 5.81, 14.34, 0.164715, 2.58519
No.331: 0.125585, 10.5, 6.2, 6.4, 4.7, 7.6, 5.4, 4.5, 6.4, 0.92, 1.84, 4.01, 0.71, 1.54, 4.95, 2.07, 5.81, 14.34, 0.164715, 2.58519
No.332: 0.125585, 10.5, 6.2, 6.4, 4.7, 7.6, 5.4, 4.5, 6.4, 0.92, 1.84, 4.01, 0.71, 1.54, 4.95, 2.07, 5.81, 14.34, 0.164715, 2.58519
No.333: 0.125585, 10.5, 6.2, 6.4, 4.7, 7.6, 5.4, 4.5, 6.4, 0.92, 1.84, 4.01, 0.71, 1.54, 4.95, 2.07, 5.81, 14.34, 0.164715, 2.58519
No.334: 0.125585, 10.5, 6.2, 6.4, 4.7, 7.6, 5.4, 4.5, 6.4, 0.92, 1.84, 4.01, 0.71, 1.54, 4.95, 2.07, 5.81, 14.34, 0.164715, 2.58519
No.335: 0.125585, 10.5, 6.2, 6.4, 4.7, 7.6, 5.4, 4.5, 6.4, 0.92, 1.84, 4.01, 0.71, 1.54, 4.95, 2.07, 5.81, 14.34, 0.164715, 2.58519
No.336: 0.125585, 10.5, 6.2, 6.4, 4.7, 7.6, 5.4, 4.5, 6.4, 0.92, 1.84, 4.01, 0.71, 1.54, 4.95, 2.07, 5.81, 14.34, 0.164715, 2.58519
No.337: 0.125585, 10.5, 6.2, 6.4, 4.7, 7.6, 5.4, 4.5, 6.4, 0.92, 1.84, 4.01, 0.71, 1.54, 4.95, 2.07, 5.81, 14.34, 0.164715, 2.58519
No.338: 0.125585, 10.5, 6.2, 6.4, 4.7, 7.6, 5.4, 4.5, 6.4, 0.92, 1.84, 4.01, 0.71, 1.54, 4.95, 2.07, 5.81, 14.34, 0.164715, 2.58519
No.339: 0.125585, 10.5, 6.2, 6.4, 4.7, 7.6, 5.4, 4.5, 6.4, 0.92, 1.84, 4.01, 0.71, 1.54, 4.95, 2.07, 5.81, 14.34, 0.164715, 2.58519
No.340: 0.125585, 10.5, 6.2, 6.4, 4.7, 7.6, 5.4, 4.5, 6.4, 0.92, 1.84, 4.01, 0.71, 1.54, 4.95, 2.07, 5.81, 14.34, 0.164715, 2.58519
No.341: 0.125585, 10.5, 6.2, 6.4, 4.7, 7.6, 5.4, 4.5, 6.4, 0.92, 1.84, 4.01, 0.71, 1.54, 4.95, 2.07, 5.81, 14.34, 0.164715, 2.58519
No.342: 0.125585, 10.5, 6.2, 6.4, 4.7, 7.6, 5.4, 4.5, 6.4, 0.92, 1.84, 4.01, 0.71, 1.54, 4.95, 2.07, 5.81, 14.34, 0.164715, 2.58519
No.343: 0.125585, 10.5, 6.2, 6.4, 4.7, 7.6, 5.4, 4.5, 6.4, 0.92, 1.84, 4.01, 0.71, 1.54, 4.95, 2.07, 5.81, 14.34, 0.164715, 2.58519
No.344: 0.125585, 10.5, 6.2, 6.4, 4.7, 7.6, 5.4, 4.5, 6.4, 0.92, 1.84, 4.01, 0.71, 1.54, 4.95, 2.07, 5.81, 14.34, 0.164715, 2.58519
No.345: 0.125585, 10.5, 6.2, 6.4, 4.7, 7.6, 5.4, 4.5, 6.4, 0.92, 1.84, 4.01, 0.71, 1.54, 4.95, 2.07, 5.81, 14.34, 0.164715, 2.58519
No.346: 0.125585, 10.5, 6.2, 6.4, 4.7, 7.6, 5.4, 4.5, 6.4, 0.92, 1.84, 4.01, 0.71, 1.54, 4.95, 2.07, 5.81, 14.34, 0.164715, 2.58519
No.347: 0.125585, 10.5, 6.2, 6.4, 4.7, 7.6, 5.4, 4.5, 6.4, 0.92, 1.84, 4.01, 0.71, 1.54, 4.95, 2.07, 5.81, 14.34, 0.164715, 2.58519
No.348: 0.125585, 10.5, 6.2, 6.4, 4.7, 7.6, 5.4, 4.5, 6.4, 0.92, 1.84, 4.01, 0.71, 1.54, 4.95, 2.07, 5.81, 14.34, 0.164715, 2.58519
No.349: 0.125585, 10.5, 6.2, 6.4, 4.7, 7.6, 5.4, 4.5, 6.4, 0.92, 1.84, 4.01, 0.71, 1.54, 4.95, 2.07, 5.81, 14.34, 0.164715, 2.58519
No.350: 0.125585, 10.5, 6.2, 6.4, 4.7, 7.6, 5.4, 4.5, 6.4, 0.92, 1.84, 4.01, 0.71, 1.54, 4.95, 2.07, 5.81, 14.34, 0.164715, 2.58519
No.351: 0.125585, 10.5, 6.2, 6.4, 4.7, 7.6, 5.4, 4.5, 6.4, 0.92, 1.84, 4.01, 0.71, 1.54, 4.95, 2.07, 5.81, 14.34, 0.164715, 2.58519
No.352: 0.125585, 10.5, 6.2, 6.4, 4.7, 7.6, 5.4, 4.5, 6.4, 0.92, 1.84, 4.01, 0.71, 1.54, 4.95, 2.07, 5.81, 14.34, 0.164715, 2.58519
No.353: 0.125585, 10.5, 6.2, 6.4, 4.7, 7.6, 5.4, 4.5, 6.4, 0.92, 1.84, 4.01, 0.71, 1.54, 4.95, 2.07, 5.81, 14.34, 0.164715, 2.58519
No.354: 0.125585, 10.5, 6.2, 6.4, 4.7, 7.6, 5.4, 4.5, 6.4, 0.92, 1.84, 4.01, 0.71, 1.54, 4.95, 2.07, 5.81, 14.34, 0.164715, 2.58519
No.355: 0.125585, 10.5, 6.2, 6.4, 4.7, 7.6, 5.4, 4.5, 6.4, 0.92, 1.84, 4.01, 0.71, 1.54, 4.95, 2.07, 5.81, 14.34, 0.164715, 2.58519
No.356: 0.125585, 10.5, 6.2, 6.4, 4.7, 7.6, 5.4, 4.5, 6.4, 0.92, 1.84, 4.01, 0.71, 1.54, 4.95, 2.07, 5.81, 14.34, 0.164715, 2.58519
No.357: 0.125585, 10.5, 6.2, 6.4, 4.7, 7.6, 5.4, 4.5, 6.4, 0.92, 1.84, 4.01, 0.71, 1.54, 4.95, 2.07, 5.81, 14.34, 0.164715, 2.58519
No.358: 0.125585, 10.5, 6.2, 6.4, 4.7, 7.6, 5.4, 4.5, 6.4, 0.92, 1.84, 4.01, 0.71, 1.54, 4.95, 2.07, 5.81, 14.34, 0.164715, 2.58519
No.359: 0.125585, 10.5, 6.2, 6.4, 4.7, 7.6, 5.4, 4.5, 6.4, 0.92, 1.84, 4.01, 0.71, 1.54, 4.95, 2.07, 5.81, 14.34, 0.164715, 2.58519
No.360: 0.125585, 10.5, 6.2, 6.4, 4.7, 7.6, 5.4, 4.5, 6.4, 0.92, 1.84, 4.01, 0.71, 1.54, 4.95, 2.07, 5.81, 14.34, 0.164715, 2.58519
No.361: 0.125585, 10.5, 6.2, 6.4, 4.7, 7.6, 5.4, 4.5, 6.4, 0.92, 1.84, 4.01, 0.71, 1.54, 4.95, 2.07, 5.81, 14.34, 0.164715, 2.58519
No.362: 0.125585, 10.5, 6.2, 6.4, 4.7, 7.6, 5.4, 4.5, 6.4, 0.92, 1.84, 4.01, 0.71, 1.54, 4.95, 2.07, 5.81, 14.34, 0.164715, 2.58519
No.363: 0.125585, 10.5, 6.2, 6.4, 4.7, 7.6, 5.4, 4.5, 6.4, 0.92, 1.84, 4.01, 0.71, 1.54, 4.95, 2.07, 5.81, 14.34, 0.164715, 2.58519
No.364: 0.125585, 10.5, 6.2, 6.4, 4.7, 7.6, 5.4, 4.5, 6.4, 0.92, 1.84, 4.01, 0.71, 1.54, 4.95, 2.07, 5.81, 14.34, 0.164715, 2.58519
No.365: 0.125585, 10.5, 6.2, 6.4, 4.7, 7.6, 5.4, 4.5, 6.4, 0.92, 1.84, 4.01, 0.71, 1.54, 4.95, 2.07, 5.81, 14.34, 0.164715, 2.58519
No.366: 0.125585, 10.5, 6.2, 6.4, 4.7, 7.6, 5.4, 4.5, 6.4, 0.92, 1.84, 4.01, 0.71, 1.54, 4.95, 2.07, 5.81, 14.34, 0.164715, 2.58519
No.367: 0.125585, 10.5, 6.2, 6.4, 4.7, 7.6, 5.4, 4.5, 6.4, 0.92, 1.84, 4.01, 0.71, 1.54, 4.95, 2.07, 5.81, 14.34, 0.164715, 2.58519
No.368: 0.125585, 10.5, 6.2, 6.4, 4.7, 7.6, 5.4, 4.5, 6.4, 0.92, 1.84, 4.01, 0.71, 1.54, 4.95, 2.07, 5.81, 14.34, 0.164715, 2.58519
No.369: 0.125585, 10.5, 6.2, 6.4, 4.7, 7.6, 5.4, 4.5, 6.4, 0.92, 1.84, 4.01, 0.71, 1.54, 4.95, 2.07, 5.81, 14.34, 0.164715, 2.58519
No.370: 0.125585, 10.5, 6.2, 6.4, 4.7, 7.6, 5.4, 4.5, 6.4, 0.92, 1.84, 4.01, 0.71, 1.54, 4.95, 2.07, 5.81, 14.34, 0.164715, 2.58519
No.371: 0.125585, 10.5, 6.2, 6.4, 4.7, 7.6, 5.4, 4.5, 6.4, 0.92, 1.84, 4.01, 0.71, 1.54, 4.95, 2.07, 5.81, 14.34, 0.164715, 2.58519
No.372: 0.125585, 10.5, 6.2, 6.4, 4.7, 7.6, 5.4, 4.5, 6.4, 0.92, 1.84, 4.01, 0.71, 1.54, 4.95, 2.07, 5.81, 14.34, 0.164715, 2.58519
No.373: 0.125585, 10.5, 6.2, 6.4, 4.7, 7.6, 5.4, 4.5, 6.4, 0.92, 1.84, 4.01, 0.71, 1.54, 4.95, 2.07, 5.81, 14.34, 0.164715, 2.58519
No.374: 0.125585, 10.5, 6.2, 6.4, 4.7, 7.6, 5.4, 4.5, 6.4, 0.92, 1.84, 4.01, 0.71, 1.54, 4.95, 2.07, 5.81, 14.34, 0.164715, 2.58519
No.375: 0.125585, 10.5, 6.2, 6.4, 4.7, 7.6, 5.4, 4.5, 6.4, 0.92, 1.84, 4.01, 0.71, 1.54, 4.95, 2.07, 5.81, 14.34, 0.164715, 2.58519
No.376: 0.125585, 10.5, 6.2, 6.4, 4.7, 7.6, 5.4, 4.5, 6.4, 0.92, 1.84, 4.01, 0.71, 1.54, 4.95, 2.07, 5.81, 14.34, 0.164715, 2.58519
No.377: 0.125585, 10.5, 6.2, 6.4, 4.7, 7.6, 5.4, 4.5, 6.4, 0.92, 1.84, 4.01, 0.71, 1.54, 4.95, 2.07, 5.81, 14.34, 0.164715, 2.58519
No.378: 0.125585, 10.5, 6.2, 6.4, 4.7, 7.6, 5.4, 4.5, 6.4, 0.92, 1.84, 4.01, 0.71, 1.54, 4.95, 2.07, 5.81, 14.34, 0.164715, 2.58519
No.379: 0.125585, 10.5, 6.2, 6.4, 4.7, 7.6, 5.4, 4.5, 6.4, 0.92, 1.84, 4.01, 0.71, 1.54, 4.95, 2.07, 5.81, 14.34, 0.164715, 2.58519
No.380: 0.125585, 10.5, 6.2, 6.4, 4.7, 7.6, 5.4, 4.5, 6.4, 0.92, 1.84, 4.01, 0.71, 1.54, 4.95, 2.07, 5.81, 14.34, 0.164715, 2.58519
No.381: 0.125585, 10.5, 6.2, 6.4, 4.7, 7.6, 5.4, 4.5, 6.4, 0.92, 1.84, 4.01, 0.71, 1.54, 4.95, 2.07, 5.81, 14.34, 0.164715, 2.58519
No.382: 0.125585, 10.5, 6.2, 6.4, 4.7, 7.6, 5.4, 4.5, 6.4, 0.92, 1.84, 4.01, 0.71, 1.54, 4.95, 2.07, 5.81, 14.34, 0.164715, 2.58519
No.383: 0.125585, 10.5, 6.2, 6.4, 4.7, 7.6, 5.4, 4.5, 6.4, 0.92, 1.84, 4.01, 0.71, 1.54, 4.95, 2.07, 5.81, 14.34, 0.164715, 2.58519
No.384: 0.125585, 10.5, 6.2, 6.4, 4.7, 7.6, 5.4, 4.5, 6.4, 0.92, 1.84, 4.01, 0.71, 1.54, 4.95, 2.07, 5.81, 14.34, 0.164715, 2.58519
No.385: 0.125585, 10.5, 6.2, 6.4, 4.7, 7.6, 5.4, 4.5, 6.4, 0.92, 1.84, 4.01, 0.71, 1.54, 4.95, 2.07, 5.81, 14.34, 0.164715, 2.58519
No.386: 0.125585, 10.5, 6.2, 6.4, 4.7, 7.6, 5.4, 4.5, 6.4, 0.92, 1.84, 4.01, 0.71, 1.54, 4.95, 2.07, 5.81, 14.34, 0.164715, 2.58519
No.387: 0.125585, 10.5, 6.2, 6.4, 4.7, 7.6, 5.4, 4.5, 6.4, 0.92, 1.84, 4.01, 0.71, 1.54, 4.95, 2.07, 5.81, 14.34, 0.164715, 2.58519
No.388: 0.125585, 10.5, 6.2, 6.4, 4.7, 7.6, 5.4, 4.5, 6.4, 0.92, 1.84, 4.01, 0.71, 1.54, 4.95, 2.07, 5.81, 14.34, 0.164715, 2.58519
No.389: 0.125585, 10.5, 6.2, 6.4, 4.7, 7.6, 5.4, 4.5, 6.4, 0.92, 1.84, 4.01, 0.71, 1.54, 4.95, 2.07, 5.81, 14.34, 0.164715, 2.58519
No.390: 0.125585, 10.5, 6.2, 6.4, 4.7, 7.6, 5.4, 4.5, 6.4, 0.92, 1.84, 4.01, 0.71, 1.54, 4.95, 2.07, 5.81, 14.34, 0.164715, 2.58519
No.391: 0.125585, 10.5, 6.2, 6.4, 4.7, 7.6, 5.4, 4.5, 6.4, 0.92, 1.84, 4.01, 0.71, 1.54, 4.95, 2.07, 5.81, 14.34, 0.164715, 2.58519
No.392: 0.125585, 10.5, 6.2, 6.4, 4.7, 7.6, 5.4, 4.5, 6.4, 0.92, 1.84, 4.01, 0.71, 1.54, 4.95, 2.07, 5.81, 14.34, 0.164715, 2.58519
No.393: 0.125585, 10.5, 6.2, 6.4, 4.7, 7.6, 5.4, 4.5, 6.4, 0.92, 1.84, 4.01, 0.71, 1.54, 4.95, 2.07, 5.81, 14.34, 0.164715, 2.58519
No.394: 0.125585, 10.5, 6.2, 6.4, 4.7, 7.6, 5.4, 4.5, 6.4, 0.92, 1.84, 4.01, 0.71, 1.54, 4.95, 2.07, 5.81, 14.34, 0.164715, 2.58519
No.395: 0.125585, 10.5, 6.2, 6.4, 4.7, 7.6, 5.4, 4.5, 6.4, 0.92, 1.84, 4.01, 0.71, 1.54, 4.95, 2.07, 5.81, 14.34, 0.164715, 2.58519
No.396: 0.125585, 10.5, 6.2, 6.4, 4.7, 7.6, 5.4, 4.5, 6.4, 0.92, 1.84, 4.01, 0.71, 1.54, 4.95, 2.07, 5.81, 14.34, 0.164715, 2.58519
No.397: 0.125585, 10.5, 6.2, 6.4, 4.7, 7.6, 5.4, 4.5, 6.4, 0.92, 1.84, 4.01, 0.71, 1.54, 4.95, 2.07, 5.81, 14.34, 0.164715, 2.58519
No.398: 0.125585, 10.5, 6.2, 6.4, 4.7, 7.6, 5.4, 4.5, 6.4, 0.92, 1.84, 4.01, 0.71, 1.54, 4.95, 2.07, 5.81, 14.34, 0.164715, 2.58519
No.399: 0.125585, 10.5, 6.2, 6.4, 4.7, 7.6, 5.4, 4.5, 6.4, 0.92, 1.84, 4.01, 0.71, 1.54, 4.95, 2.07, 5.81, 14.34, 0.164715, 2.58519
No.400: 0.125585, 10.5, 6.2, 6.4, 4.7, 7.6, 5.4, 4.5, 6.4, 0.92, 1.84, 4.01, 0.71, 1.54, 4.95, 2.07, 5.81, 14.34, 0.164715, 2.58519
No.401: 0.125585, 10.5, 6.2, 6.4, 4.7, 7.6, 5.4, 4.5, 6.4, 0.92, 1.84, 4.01, 0.71, 1.54, 4.95, 2.07, 5.81, 14.34, 0.164715, 2.58519
No.402: 0.125585, 10.5, 6.2, 6.4, 4.7, 7.6, 5.4, 4.5, 6.4, 0.92, 1.84, 4.01, 0.71, 1.54, 4.95, 2.07, 5.81, 14.34, 0.164715, 2.58519
No.403: 0.125585, 10.5, 6.2, 6.4, 4.7, 7.6, 5.4, 4.5, 6.4, 0.92, 1.84, 4.01, 0.71, 1.54, 4.95, 2.07, 5.81, 14.34, 0.164715, 2.58519
No.404: 0.125585, 10.5, 6.2, 6.4, 4.7, 7.6, 5.4, 4.5, 6.4, 0.92, 1.84, 4.01, 0.71, 1.54, 4.95, 2.07, 5.81, 14.34, 0.164715, 2.58519
No.405: 0.125585, 10.5, 6.2, 6.4, 4.7, 7.6, 5.4, 4.5, 6.4, 0.92, 1.84, 4.01, 0.71, 1.54, 4.95, 2.07, 5.81, 14.34, 0.164715, 2.58519
No.406: 0.125585, 10.5, 6.2, 6.4, 4.7, 7.6, 5.4, 4.5, 6.4, 0.92, 1.84, 4.01, 0.71, 1.54, 4.95, 2.07, 5.81, 14.34, 0.164715, 2.58519
No.407: 0.125585, 10.5, 6.2, 6.4, 4.7, 7.6, 5.4, 4.5, 6.4, 0.92, 1.84, 4.01, 0.71, 1.54, 4.95, 2.07, 5.81, 14.34, 0.164715, 2.58519
No.408: 0.125585, 10.5, 6.2, 6.4, 4.7, 7.6, 5.4, 4.5, 6.4, 0.92, 1.84, 4.01, 0.71, 1.54, 4.95, 2.07, 5.81, 14.34, 0.164715, 2.58519
No.409: 0.125585, 10.5, 6.2, 6.4, 4.7, 7.6, 5.4, 4.5, 6.4, 0.92, 1.84, 4.01, 0.71, 1.54, 4.95, 2.07, 5.81, 14.34, 0.164715, 2.58519
No.410: 0.125585, 10.5, 6.2, 6.4, 4.7, 7.6, 5.4, 4.5, 6.4, 0.92, 1.84, 4.01, 0.71, 1.54, 4.95, 2.07, 5.81, 14.34, 0.164715, 2.58519
No.411: 0.125585, 10.5, 6.2, 6.4, 4.7, 7.6, 5.4, 4.5, 6.4, 0.92, 1.84, 4.01, 0.71, 1.54, 4.95, 2.07, 5.81, 14.34, 0.164715, 2.58519
No.412: 0.125585, 10.5, 6.2, 6.4, 4.7, 7.6, 5.4, 4.5, 6.4, 0.92, 1.84, 4.01, 0.71, 1.54, 4.95, 2.07, 5.81, 14.34, 0.164715, 2.58519
No.413: 0.125585, 10.5, 6.2, 6.4, 4.7, 7.6, 5.4, 4.5, 6.4, 0.92, 1.84, 4.01, 0.71, 1.54, 4.95, 2.07, 5.81, 14.34, 0.164715, 2.58519
No.414: 0.125585, 10.5, 6.2, 6.4, 4.7, 7.6, 5.4, 4.5, 6.4, 0.92, 1.84, 4.01, 0.71, 1.54, 4.95, 2.07, 5.81, 14.34, 0.164715, 2.58519
No.415: 0.125585, 10.5, 6.2, 6.4, 4.7, 7.6, 5.4, 4.5, 6.4, 0.92, 1.84, 4.01, 0.71, 1.54, 4.95, 2.07, 5.81, 14.34, 0.164715, 2.58519
No.416: 0.125585, 10.5, 6.2, 6.4, 4.7, 7.6, 5.4, 4.5, 6.4, 0.92, 1.84, 4.01, 0.71, 1.54, 4.95, 2.07, 5.81, 14.34, 0.164715, 2.58519
No.417: 0.125585, 10.5, 6.2, 6.4, 4.7, 7.6, 5.4, 4.5, 6.4, 0.92, 1.84, 4.01, 0.71, 1.54, 4.95, 2.07, 5.81, 14.34, 0.164715, 2.58519
No.418: 0.125585, 10.5, 6.2, 6.4, 4.7, 7.6, 5.4, 4.5, 6.4, 0.92, 1.84, 4.01, 0.71, 1.54, 4.95, 2.07, 5.81, 14.34, 0.164715, 2.58519
No.419: 0.125585, 10.5, 6.2, 6.4, 4.7, 7.6, 5.4, 4.5, 6.4, 0.92, 1.84, 4.01, 0.71, 1.54, 4.95, 2.07, 5.81, 14.34, 0.164715, 2.58519
No.420: 0.125585, 10.5, 6.2, 6.4, 4.7, 7.6, 5.4, 4.5, 6.4, 0.92, 1.84, 4.01, 0.71, 1.54, 4.95, 2.07, 5.81, 14.34, 0.164715, 2.58519
No.421: 0.125585, 10.5, 6.2, 6.4, 4.7, 7.6, 5.4, 4.5, 6.4, 0.92, 1.84, 4.01, 0.71, 1.54, 4.95, 2.07, 5.81, 14.34, 0.164715, 2.58519
No.422: 0.125585, 10.5, 6.2, 6.4, 4.7, 7.6, 5.4, 4.5, 6.4, 0.92, 1.84, 4.01, 0.71, 1.54, 4.95, 2.07, 5.81, 14.34, 0.164715, 2.58519
No.423: 0.125585, 10.5, 6.2, 6.4, 4.7, 7.6, 5.4, 4.5, 6.4, 0.92, 1.84, 4.01, 0.71, 1.54, 4.95, 2.07, 5.81, 14.34, 0.164715, 2.58519
No.424: 0.125585, 10.5, 6.2, 6.4, 4.7, 7.6, 5.4, 4.5, 6.4, 0.92, 1.84, 4.01, 0.71, 1.54, 4.95, 2.07, 5.81, 14.34, 0.164715, 2.58519
No.425: 0.125585, 10.5, 6.2, 6.4, 4.7, 7.6, 5.4, 4.5, 6.4, 0.92, 1.84, 4.01, 0.71, 1.54, 4.95, 2.07, 5.81, 14.34, 0.164715, 2.58519
No.426: 0.125585, 10.5, 6.2, 6.4, 4.7, 7.6, 5.4, 4.5, 6.4, 0.92, 1.84, 4.01, 0.71, 1.54, 4.95, 2.07, 5.81, 14.34, 0.164715, 2.58519
No.427: 0.125585, 10.5, 6.2, 6.4, 4.7, 7.6, 5.4, 4.5, 6.4, 0.92, 1.84, 4.01, 0.71, 1.54, 4.95, 2.07, 5.81, 14.34, 0.164715, 2.58519
No.428: 0.125585, 10.5, 6.2, 6.4, 4.7, 7.6, 5.4, 4.5, 6.4, 0.92, 1.84, 4.01, 0.71, 1.54, 4.95, 2.07, 5.81, 14.34, 0.164715, 2.58519
No.429: 0.125585, 10.5, 6.2, 6.4, 4.7, 7.6, 5.4, 4.5, 6.4, 0.92, 1.84, 4.01, 0.71, 1.54, 4.95, 2.07, 5.81, 14.34, 0.164715, 2.58519
No.430: 0.125585, 10.5, 6.2, 6.4, 4.7, 7.6, 5.4, 4.5, 6.4, 0.92, 1.84, 4.01, 0.71, 1.54, 4.95, 2.07, 5.81, 14.34, 0.164715, 2.58519
No.431: 0.125585, 10.5, 6.2, 6.4, 4.7, 7.6, 5.4, 4.5, 6.4, 0.92, 1.84, 4.01, 0.71, 1.54, 4.95, 2.07, 5.81, 14.34, 0.164715, 2.58519
