1 2.408900 
2 3.706900 
3 4.844900 
4 5.830900 
5 6.670900 
6 7.369900 
7 7.934900 
8 8.369900 
9 8.678900 
10 8.862900 
11 8.923900 
12 9.623900 
13 11.016900 
14 12.471900 
15 13.801900 
16 14.949900 
17 15.894900 
18 16.629900 
19 17.151900 
20 17.464900 
21 17.568900 
22 17.516900 
23 17.360900 
24 17.100900 
25 16.735900 
26 16.266900 
27 15.691900 
28 15.011900 
29 14.225900 
30 13.334900 
31 12.337900 
32 11.234900 
33 10.026900 
34 8.719900 
35 7.327900 
36 5.880900 
37 4.436900 
38 3.083900 
39 1.949900 
40 1.181900 
41 0.908900 
42 0.972900 
43 1.156900 
44 1.445900 
45 1.816900 
46 2.240900 
47 2.689900 
48 3.134900 
49 3.553900 
50 3.925900 
51 4.235900 
52 4.471900 
53 4.625900 
54 4.691900 
55 4.664900 
56 4.542900 
57 4.321900 
58 3.999900 
59 3.574900 
60 3.044900 
61 2.408900 
62 5.145900 
63 7.677900 
64 9.944900 
65 11.936900 
66 13.644900 
67 15.055900 
68 16.157900 
69 16.942900 
70 17.412900 
71 17.568900 
72 17.464900 
73 17.151900 
74 16.629900 
75 15.894900 
76 14.949900 
77 13.801900 
78 12.471900 
79 11.016900 
80 9.623900 
81 8.923900 

1 2.408900 
2 2.454900 
3 2.577900 
4 2.741900 
5 2.914900 
6 3.072900 
7 3.203900 
8 3.304900 
9 3.374900 
10 3.414900 
11 3.428900 
12 2.502900 
13 0.446900 
14 -2.068100 
15 -4.775100 
16 -7.499100 
17 -10.060100 
18 -12.276100 
19 -13.980100 
20 -15.049100 
21 -15.413100 
22 -15.253100 
23 -14.784100 
24 -14.035100 
25 -13.051100 
26 -11.887100 
27 -10.602100 
28 -9.254100 
29 -7.895100 
30 -6.569100 
31 -5.310100 
32 -4.144100 
33 -3.085100 
34 -2.146100 
35 -1.331100 
36 -0.643100 
37 -0.081100 
38 0.352900 
39 0.662900 
40 0.847900 
41 0.908900 
42 0.972900 
43 1.156900 
44 1.445900 
45 1.816900 
46 2.240900 
47 2.689900 
48 3.134900 
49 3.553900 
50 3.925900 
51 4.235900 
52 4.471900 
53 4.625900 
54 4.691900 
55 4.664900 
56 4.542900 
57 4.321900 
58 3.999900 
59 3.574900 
60 3.044900 
61 2.408900 
62 0.816900 
63 -1.193100 
64 -3.566100 
65 -5.327100 
66 -6.928100 
67 -8.835100 
68 -10.968100 
69 -13.097100 
70 -14.766100 
71 -15.413100 
72 -15.049100 
73 -13.980100 
74 -12.276100 
75 -10.060100 
76 -7.499100 
77 -4.775100 
78 -2.068100 
79 0.446900 
80 2.502900 
81 3.428900 

1 2.408900 
2 0.948900 
3 -0.672100 
4 -2.441100 
5 -3.776100 
6 -4.480100 
7 -5.198100 
8 -5.865100 
9 -6.412100 
10 -6.773100 
11 -6.899100 
12 -7.038100 
13 -7.454100 
14 -8.143100 
15 -9.095100 
16 -10.276100 
17 -11.618100 
18 -12.998100 
19 -14.231100 
20 -15.098100 
21 -15.413100 
22 -15.253100 
23 -14.784100 
24 -14.035100 
25 -13.051100 
26 -11.887100 
27 -10.602100 
28 -9.254100 
29 -7.895100 
30 -6.569100 
31 -5.310100 
32 -4.144100 
33 -3.085100 
34 -2.146100 
35 -1.331100 
36 -0.643100 
37 -0.081100 
38 0.352900 
39 0.662900 
40 0.847900 
41 0.908900 
42 0.897900 
43 0.861900 
44 0.800900 
45 0.713900 
46 0.597900 
47 0.454900 
48 0.286900 
49 0.101900 
50 -0.091100 
51 -0.281100 
52 -0.454100 
53 -0.599100 
54 -0.709100 
55 -0.776100 
56 -0.793100 
57 -0.737100 
58 -0.532100 
59 0.023900 
60 1.079900 
61 2.408900 
62 0.816900 
63 -1.193100 
64 -3.566100 
65 -6.178100 
66 -8.815100 
67 -11.209100 
68 -13.123100 
69 -14.440100 
70 -15.179100 
71 -15.413100 
72 -15.098100 
73 -14.231100 
74 -12.998100 
75 -11.618100 
76 -10.276100 
77 -9.095100 
78 -8.143100 
79 -7.454100 
80 -7.038100 
81 -6.899100 

1 -2.171100 
2 -2.290100 
3 -2.628100 
4 -3.141100 
5 -4.328100 
6 -6.277100 
7 -8.195100 
8 -9.951100 
9 -11.383100 
10 -12.327100 
11 -12.658100 
12 -12.724100 
13 -12.916100 
14 -13.216100 
15 -13.596100 
16 -14.020100 
17 -14.447100 
18 -14.835100 
19 -15.145100 
20 -15.344100 
21 -15.413100 
22 -15.357100 
23 -15.196100 
24 -14.954100 
25 -14.662100 
26 -14.354100 
27 -14.064100 
28 -13.817100 
29 -13.633100 
30 -13.524100 
31 -13.494100 
32 -13.537100 
33 -13.641100 
34 -13.786100 
35 -13.944100 
36 -14.086100 
37 -14.183100 
38 -14.222100 
39 -14.209100 
40 -14.174100 
41 -14.156100 
42 -14.170100 
43 -14.213100 
44 -14.278100 
45 -14.356100 
46 -14.429100 
47 -14.475100 
48 -14.458100 
49 -14.333100 
50 -14.045100 
51 -13.537100 
52 -12.761100 
53 -11.696100 
54 -10.361100 
55 -8.812100 
56 -7.141100 
57 -5.460100 
58 -3.927100 
59 -2.807100 
60 -2.288100 
61 -2.171100 
62 -2.437100 
63 -3.082100 
64 -4.046100 
65 -6.178100 
66 -8.815100 
67 -11.209100 
68 -13.123100 
69 -14.440100 
70 -15.179100 
71 -15.413100 
72 -15.344100 
73 -15.145100 
74 -14.835100 
75 -14.447100 
76 -14.020100 
77 -13.596100 
78 -13.216100 
79 -12.916100 
80 -12.724100 
81 -12.658100 

